# This script is generated automatically.
# Vector of amino acid stationary distributions.
distributions <- [
              [0.08020486733160856, 0.018830839945628612, 0.054192414162126085, 0.059847142233330375, 0.03802645807062977, 0.05909758552106492, 0.029946150739149364, 0.05728393840140357, 0.05696556195676253, 0.08878862713877157, 0.025341281090789616, 0.04625976388686013, 0.04185258627539809, 0.04429317714157356, 0.05733515129045418, 0.06665146809436037, 0.060158780584131634, 0.06697028006765424, 0.013524908612069444, 0.034429018541555424]
            , [0.09646813471998705, 0.007793962703389217, 0.0769865336363463, 0.1161713597933938, 0.01631426381252338, 0.04852474806061532, 0.030691798834284405, 0.026046710965108605, 0.09455120005282361, 0.04441426104948453, 0.014252124171177105, 0.05685495799496279, 0.031981806571882716, 0.07854691803137367, 0.06832261051380512, 0.07301776275937862, 0.059775978180694835, 0.035703214618905035, 0.005775992313221926, 0.017805661210596773]
            , [0.06297634051516064, 0.014224737184778546, 0.02700609196390874, 0.03262618505746227, 0.05811140241516534, 0.036037614740293905, 0.018879602634528373, 0.11075505072343123, 0.03224000715376507, 0.22400705179419145, 0.04917945368869753, 0.024080004415724974, 0.021169635066669537, 0.028412454355817476, 0.03569653319840818, 0.0371068612726368, 0.04208487136374542, 0.09957122500727277, 0.012219305884738596, 0.03361556922615604]
            , [0.08634704406856873, 0.01838968689860981, 0.02948569903304401, 0.03724058769253135, 0.03200465589451628, 0.03814880405851691, 0.018384946293181603, 0.12003657030370435, 0.036610010844020074, 0.09169198549683466, 0.028824709237809023, 0.02630049643521693, 0.025299312717063115, 0.028057000207759454, 0.036456149457909086, 0.04405484625481223, 0.06623388974570116, 0.20223908353580405, 0.008843743597976714, 0.025350781209834056]
            , [0.32240977439616125, 0.02230751316454572, 0.030537729233289013, 0.0368741827243528, 0.017624618221901686, 0.07215277662633404, 0.015274544265025714, 0.030223112364678326, 0.03008189248353172, 0.044584695953607784, 0.015712262828882266, 0.02482145533125679, 0.025427817585814253, 0.027132739201067152, 0.031505727186769236, 0.11139620555428154, 0.06070114828780063, 0.05963208682607367, 0.006043089113491278, 0.015556623445028943]
            , [0.0973840672044381, 0.017543852344601898, 0.040145996483692444, 0.03826270291148924, 0.016331119582375996, 0.04646328106467128, 0.01922226182577347, 0.027415187134568503, 0.040272171352533526, 0.03630370958282346, 0.015386800995947612, 0.05779380506701876, 0.027344020799111225, 0.03192041654917421, 0.03319459349140608, 0.20114804730097086, 0.18867617777228324, 0.04283781666957323, 0.0062547098582348614, 0.01609925760792052]
            , [0.058378942301344064, 0.01492607289171551, 0.031202715558014682, 0.03380738260230946, 0.12763010663254884, 0.03820697042244779, 0.05352069347330356, 0.04697278734138158, 0.03445470209310941, 0.08513127127807427, 0.026344679059662316, 0.03506402835150032, 0.021545057663692337, 0.03116996716239461, 0.03770357031977375, 0.045491072752310874, 0.04036331740326009, 0.053359476611436786, 0.052068732112180265, 0.13265845312920954]
            , [0.09132165297445366, 0.01209162683836794, 0.058478584074701856, 0.04621982693322829, 0.024414646542829592, 0.2532906022156315, 0.022825904434378586, 0.03526345618230538, 0.04440635804770263, 0.05251410814422763, 0.016001014821750648, 0.05443162051468009, 0.02841952700796055, 0.0343066189675526, 0.04096865918505964, 0.06750347232459591, 0.04311195918790473, 0.043204562339730114, 0.00889575211565167, 0.02233004865424658]
            , [0.03772503692241448, 0.008200962709748051, 0.0064356669628140226, 0.009213997086103196, 0.021756641479141185, 0.009353245120813765, 0.005373064843318166, 0.30992451741338234, 0.009590028269878884, 0.1409001157280648, 0.03532750890518731, 0.007477003498103943, 0.007441168566272409, 0.00819163048270885, 0.009412299634697946, 0.013732124452239973, 0.031140770317220595, 0.3168808474056698, 0.002970565492116037, 0.00895280311146111]
            , [0.05238406552177479, 0.007904528627411658, 0.026460805387814673, 0.052898825893921676, 0.011356877121888667, 0.027605391138339937, 0.03267444496399952, 0.02119700744699629, 0.22904504418829857, 0.03811066404718162, 0.0149995567509525, 0.04179978025339171, 0.016649463166755783, 0.07672768908638691, 0.21441378625267934, 0.045040444865470264, 0.04372329308763313, 0.028130245052700856, 0.005157896642609375, 0.013720186648684317]
            , [0.05548378168691457, 0.006647806755077025, 0.22081737124029152, 0.07927539992799934, 0.013529725798730532, 0.06259638111759593, 0.032831240733152, 0.018232975831028925, 0.050605444482056464, 0.027513000633575285, 0.00966724590563613, 0.16137679980205585, 0.02157675018721666, 0.038168297772400994, 0.03139230088765494, 0.07527416954042004, 0.04824668394046542, 0.023969191436461076, 0.005453383438055266, 0.017342050803603865]
            , [0.07752811984355856, 0.004029868513656713, 0.18642012826712454, 0.2792164620974074, 0.008006918264454065, 0.03708528535274945, 0.018438803558798112, 0.013252367667831617, 0.059118660695915176, 0.022197310502160172, 0.007924889138059592, 0.04742331241763551, 0.023564474323173636, 0.06349747608566383, 0.03168028110687349, 0.048574003180675604, 0.03823760540384926, 0.021977875040534278, 0.002937150892757241, 0.008889004383071698]
            , [0.028667596067018644, 0.007827821113415723, 0.007813195154803151, 0.009997691252270867, 0.06027120712711555, 0.010354017029928227, 0.007631010561077175, 0.14186538661545278, 0.010769043332893226, 0.4359864677309683, 0.08168862355535518, 0.008956985310167052, 0.007644546476933332, 0.01270506894806537, 0.01278110354739314, 0.014117831546032501, 0.01997586680830655, 0.09757165844420435, 0.0066325208519065005, 0.01674236039931171]
            , [0.10766501947668378, 0.007351384038029643, 0.04347649074339659, 0.05229008711566485, 0.015892749380246735, 0.03987266676440838, 0.01737561851424748, 0.02569254364026994, 0.04166470487387885, 0.04295027159715545, 0.012341602544328228, 0.02631032796342734, 0.3258959953416922, 0.03316449828594081, 0.03605579146102386, 0.06599116929530702, 0.04583195786708942, 0.04003847377818533, 0.006122569384260855, 0.014016069746122184]
            , [0.022769843608257623, 0.010128537434494331, 0.009943063445063426, 0.011138246218478746, 0.3053916756053441, 0.011195118886960807, 0.040876306169653556, 0.024641959317712438, 0.011919889443987051, 0.06776321749224244, 0.017591768377620158, 0.015942585617186884, 0.007833482604648171, 0.013434626815781139, 0.013778352482300055, 0.020936041593945853, 0.01751602260078511, 0.02639251209752394, 0.0371362635296689, 0.31367049112342305]
            , [0.07832371448952297, 0.006250587436914818, 0.0350426018963888, 0.022103544823272356, 0.007760803422113292, 0.6130834245207317, 0.010187941568880962, 0.011021928116362087, 0.021128033902006217, 0.016566430170396912, 0.00656161925947393, 0.036858881092019624, 0.011422164566651787, 0.015677950447525613, 0.01825668121408807, 0.044104646706197, 0.019088318444404742, 0.015571706130182543, 0.0031734135296210223, 0.007815606865002222]
            ]
# The number of clusters.
n_clusters <- 16
# The base file name of this file (for reproducibility).
fn_distributions = "udm_0016_none_rb"
