# This script is generated automatically.
# Vector of amino acid stationary distributions.
distributions <- [
              [0.06245519611758166, 0.019828451813643944, 0.05711998168053244, 0.06804737479201331, 0.04041747976095397, 0.054201614059345614, 0.030487450019412114, 0.059251037936772055, 0.06351561107598444, 0.09196613649473101, 0.024918853296727682, 0.04651631087631726, 0.04034570877537436, 0.04744904156960618, 0.05966734981697168, 0.06508809580144205, 0.05389404722684416, 0.06441426581253475, 0.013839272185690518, 0.03657672361952302]
            , [0.06051305323769174, 0.015545104063645261, 0.05049469496250405, 0.06258726733094229, 0.03832822420867297, 0.051610173011411804, 0.026719014829475057, 0.057805719402021526, 0.05969943465079881, 0.15361928203456104, 0.02815091059145747, 0.043522916860776, 0.03563213256406912, 0.044754560722530166, 0.05094152514574503, 0.061092032605803724, 0.051688643995435254, 0.06150043940854251, 0.011825049326312358, 0.03396982328073035]
            , [0.06616179568440761, 0.01417309380232558, 0.0558216510972374, 0.05888029417121898, 0.037397177209302336, 0.12649435294989836, 0.026115388461058223, 0.05525939504136102, 0.05460450469564537, 0.08421374319494304, 0.021788390631340714, 0.04372995667160918, 0.03795705955673482, 0.040816652601061335, 0.05189775908771655, 0.06091021565787419, 0.05252730968628064, 0.06431908116903387, 0.01321914958256594, 0.03371303035273919]
            , [0.06985732656639379, 0.013112358494215024, 0.06724007885813454, 0.1363813078764686, 0.03498232882342468, 0.05226789236294055, 0.02550522689747241, 0.05737881058739765, 0.05284390245372019, 0.08822281484514062, 0.023336599421502315, 0.04013624550551798, 0.03498514706746174, 0.04217415085528658, 0.0475653662735849, 0.05592453825560702, 0.05145133920256319, 0.06455893729619079, 0.010525976555535778, 0.031549648330366685]
            , [0.07047790119639645, 0.011763204779099097, 0.14175593144144172, 0.06082531226396396, 0.035702958863063045, 0.05660945543333331, 0.025957259008108108, 0.053931160403603594, 0.05525842679009009, 0.07913922041711716, 0.021534739563963956, 0.04997894426756755, 0.03522401902432433, 0.03969294907477478, 0.04666970090720719, 0.05617753062342337, 0.05164901511081081, 0.06256420071081076, 0.012218838895945947, 0.03286923887747749]
            , [0.0700049336440141, 0.01875140030449734, 0.04828430991584469, 0.053017235186860925, 0.037579706301692155, 0.05612775715048409, 0.026999165262691156, 0.05468565667179443, 0.05053128883811418, 0.08662726099900461, 0.02368110792597955, 0.046874119145778666, 0.03721638291195367, 0.041229063625916204, 0.05054769754592345, 0.12613609499592773, 0.06098545139082435, 0.06516619347570356, 0.012116719225861912, 0.033438460237987515]
            , [0.13260101745521335, 0.014433621402480478, 0.05404291581626091, 0.06390562525585668, 0.03316919523197062, 0.05631614775470833, 0.025448305459807075, 0.05477290268718423, 0.06028752443454295, 0.0797624438309601, 0.022792043625172252, 0.04563778972622875, 0.035537505068442804, 0.04678717420027563, 0.04947879832521819, 0.06549827069269637, 0.055470734083601286, 0.0619954864731282, 0.01132997917776757, 0.030732518553054644]
            , [0.07459168127643924, 0.014315580762644841, 0.05037437863895531, 0.05788726121666357, 0.03602629628011772, 0.05578031998436634, 0.026392556103825637, 0.05194070641714181, 0.049015381374839066, 0.08200281781313225, 0.022043553172705545, 0.04021374205720067, 0.11382531550487407, 0.04119436719790325, 0.051008192603457785, 0.06476510389736988, 0.05687621177579547, 0.06593421562442525, 0.013189134777542761, 0.03262318478296855]
            , [0.06632345984734964, 0.013970368804364116, 0.051067673374227386, 0.05975347157426484, 0.034242001801835543, 0.0530381412361866, 0.025395004149653493, 0.05775963173628021, 0.055463982154897916, 0.07635737636167818, 0.02374499339764001, 0.046207345901854276, 0.03604119357089343, 0.04372540388181308, 0.051763968673908964, 0.06546335955328714, 0.12546527475182617, 0.07087657233189736, 0.011782830294999064, 0.031557950533807826]
            , [0.06419604968027558, 0.01587313253212002, 0.050305718034431866, 0.059854655248401376, 0.0376267879695032, 0.05427629684702408, 0.026162034519429417, 0.06685124005705852, 0.054606821013280855, 0.08314888093457944, 0.02584617090605017, 0.041367712601082136, 0.03916666888932612, 0.039900295863256274, 0.05106167359763896, 0.06013603402557795, 0.05742174911362519, 0.1253928536743727, 0.012963811131726514, 0.033841417638957205]
            , [0.07356833577727416, 0.012055065689914499, 0.07394341230967337, 0.08455305730915838, 0.02146022604440094, 0.055500296350056606, 0.0315052110005151, 0.030617765186978528, 0.07395276084887194, 0.05043467000515095, 0.01663352154805813, 0.06841727636241884, 0.03819696114443186, 0.0578699091933656, 0.05301719354898527, 0.10948228318739064, 0.07569098261048737, 0.04194941860616043, 0.007744097895848378, 0.023407552674358647]
            , [0.06538382940748433, 0.013103481366216209, 0.05576254320997921, 0.06418456389708939, 0.035310603373180885, 0.05643733560395011, 0.0257410059002079, 0.05532451933471933, 0.12962033829521818, 0.07703059149688152, 0.022669387938669436, 0.05069565667879415, 0.0337918875093555, 0.044654788367983374, 0.04979344721309771, 0.06185416404677756, 0.05400405722661121, 0.059004858045738046, 0.010906623990436591, 0.03472632153534303]
            , [0.06897920964566505, 0.01440012606763597, 0.050440868532040946, 0.05456294841464729, 0.052502646596661304, 0.05494876933548734, 0.030289354551427, 0.05387440430586968, 0.05326126228002154, 0.07753426758104467, 0.02306390293484114, 0.043463759693053314, 0.03365263782337103, 0.03793798209693054, 0.047081410692514813, 0.058438968496499745, 0.052225799583198715, 0.06375711642218634, 0.015312896085514265, 0.11427166823909515]
            , [0.07475479833351344, 0.015420752108721493, 0.04948667059007891, 0.05748963781152059, 0.03491448813465902, 0.05515705610828921, 0.029738590431751862, 0.05281976500162112, 0.048353916967470045, 0.08289016288771212, 0.02239426927807198, 0.03837048966173132, 0.03357913683454014, 0.04263902994920567, 0.138656009931914, 0.055688697104722754, 0.055549914656868045, 0.06744314685615478, 0.012887186560358803, 0.031766289341835084]
            , [0.06582505339011177, 0.014459575173321535, 0.05120384489215795, 0.06017689207830992, 0.03770347303727463, 0.054535908381816156, 0.024153127356487107, 0.1323439787634112, 0.05918014390885964, 0.08294060551708882, 0.02644450197102091, 0.04364150504811415, 0.03301365681672382, 0.03849312825129965, 0.04720330149319766, 0.05730535233602478, 0.053395150967813304, 0.07176180287578807, 0.011862824109390553, 0.03435617810751023]
            , [0.07092626557046981, 0.014996905043512304, 0.051202851418344505, 0.05685553069015659, 0.11234699168903842, 0.05681440007494407, 0.027701495589485464, 0.05454655029082778, 0.05257736775503357, 0.08031702516778527, 0.024960833618568233, 0.04123547608501119, 0.0353452460805369, 0.03918586402348993, 0.04916620201565995, 0.058946919466442954, 0.052135385950783035, 0.06368568332550338, 0.014334740295525722, 0.042718259510067136]
            , [0.06793471349534409, 0.012845812524642291, 0.055013880118101294, 0.05331648252668636, 0.0371819606302521, 0.055626988926868015, 0.027512108337497156, 0.05687495242789007, 0.05413399459118783, 0.07646509236883946, 0.022489014460595053, 0.13694564646831722, 0.0310878444537815, 0.04033117610265728, 0.0458435683454463, 0.06335192777310926, 0.05351325791619351, 0.06062936330002273, 0.012051331879513967, 0.03685088283670225]
            , [0.06668306444291608, 0.014075379184433747, 0.04306359102934432, 0.05009128844795966, 0.036520883752865656, 0.050520156373223324, 0.02471234992320037, 0.058317181525676276, 0.04441210229023384, 0.23007051329665287, 0.031686522235213184, 0.034553491126776706, 0.029548508899587322, 0.039672141494727184, 0.04688251229481889, 0.04893961678817056, 0.04389884437987155, 0.06379565933402107, 0.011814076628266848, 0.03074211737964236]
            , [0.07078144052797208, 0.006364700235431255, 0.1070494805011653, 0.11473753096736597, 0.011883217490093238, 0.058268060637529144, 0.03373249843554781, 0.017874891201281766, 0.10876908251748257, 0.03197987556165486, 0.01030525631934732, 0.07800472657342648, 0.027154456511654983, 0.07177757394172489, 0.06775567303729603, 0.08166016655710959, 0.05733868458041958, 0.024964791695803963, 0.003967821024009315, 0.01563006523951043]
            , [0.0655383258722122, 0.01685726161856539, 0.035295828799276695, 0.04188289947076555, 0.0406100224026522, 0.04350824082700426, 0.02273362468945148, 0.08315157865340572, 0.04026061513200719, 0.1540626363833636, 0.03370059239662447, 0.029878891838456878, 0.02957809907655213, 0.034635495562387014, 0.04465826178902952, 0.049379897877034326, 0.0530181928185654, 0.13730084049427366, 0.012054423958529233, 0.031894268934297774]
            , [0.0715882540478266, 0.009608117514260828, 0.05613790869348611, 0.12898103701581792, 0.025364546835845145, 0.0390647282675302, 0.02709836555486362, 0.04345685431062398, 0.10753056824012969, 0.06815769827375762, 0.020790971586748037, 0.04713792646531323, 0.02541171886212482, 0.06622645818408268, 0.061184255559845586, 0.06098259740565451, 0.05838798584879811, 0.050367741789762034, 0.007363564979823148, 0.025158702586249845]
            , [0.07008746905555557, 0.012987036346693123, 0.048204964711640215, 0.04706264406349206, 0.0370946626031746, 0.2005757716931215, 0.023819628660052918, 0.057578691503968236, 0.04185705682936506, 0.08394827634920633, 0.022494882720899473, 0.03619548640079366, 0.031191403120370383, 0.033168236484126985, 0.04543581601322753, 0.04885086881084655, 0.048182081265873034, 0.0672379899126984, 0.011915452451587302, 0.03211157745502645]
            , [0.07931124439861631, 0.007548989697804702, 0.1254754136774878, 0.1604001153672166, 0.014191906092735549, 0.053746267720862176, 0.026145056928818522, 0.021636092873336822, 0.06375199946114954, 0.03687311734300166, 0.012023311457024996, 0.061558018390101076, 0.0367822007760777, 0.06175689125598724, 0.0443659189981373, 0.08213976945183611, 0.060434824108568375, 0.03153609951889316, 0.004872835022232569, 0.015449918674161765]
            , [0.22022516951451043, 0.016254864767968533, 0.04798860925956061, 0.053530321423921876, 0.031969857822077584, 0.053640788954434485, 0.025658077370490914, 0.04535661329264988, 0.045835057771901284, 0.0746118087306753, 0.023050604339029026, 0.035416506956875496, 0.028446670259018172, 0.040882259161920266, 0.04911891947925142, 0.059630920667209146, 0.04967752319094115, 0.056921170273935395, 0.012008487725657718, 0.029775761026579882]
            , [0.12932583766287753, 0.012810592045467143, 0.06691223498059329, 0.07393775385916276, 0.028096672209592402, 0.06831529448433601, 0.03146899084959801, 0.034137275630718084, 0.033851653753812085, 0.08281651761851955, 0.017094840767951223, 0.02856657007208204, 0.043925966067369, 0.052053545281397315, 0.09206519780981409, 0.05672156615747158, 0.05491667936789576, 0.05736330953008044, 0.012887544803576378, 0.022731953942334383]
            , [0.1218390436801132, 0.015540555086058028, 0.04638006574522292, 0.053140008801132364, 0.03553754463977354, 0.05706295322859164, 0.027096040718612876, 0.050413815527247004, 0.0381250264826611, 0.14997519832979483, 0.027321998847841478, 0.03115822114932769, 0.03351336811181882, 0.04324861296815287, 0.0576058051620665, 0.05227541431280957, 0.05006080257324845, 0.06784568937296533, 0.01335437930460014, 0.028505459507431]
            , [0.07494248494811187, 0.012918538526520603, 0.04521139583741713, 0.05911970062121649, 0.031096223005332976, 0.04677552765206106, 0.03077808851109827, 0.05127006069184205, 0.05521396734938022, 0.09487451565292593, 0.027390865155664457, 0.04341473768088786, 0.02964370760781208, 0.1253694839867396, 0.05739454089362928, 0.058012954484001136, 0.05630350035456904, 0.06082289844623814, 0.010929847828336694, 0.02851695475165757]
            , [0.06123454207953727, 0.013543318944902386, 0.03684961364425157, 0.04462994036587123, 0.038418969463485185, 0.04388643256832969, 0.020177735285321765, 0.14329597674620392, 0.04499185257122198, 0.17927771395516978, 0.036317673339262446, 0.0309650648951554, 0.02409779884511929, 0.03245247604772232, 0.04000231496890816, 0.04352395910773679, 0.043924062445408536, 0.08162894402603037, 0.00980064842718727, 0.03098095957628345]
            , [0.07207689767893365, 0.015659423693132425, 0.05000704087945523, 0.055346803303390306, 0.04430023476818315, 0.05061359501448856, 0.10995718207765838, 0.044930891095334685, 0.0518320569747899, 0.07263398445378154, 0.02227589459576934, 0.04757874887713706, 0.03030651727035641, 0.04591530651260505, 0.0535253019559548, 0.06048302670240512, 0.05224931814981165, 0.05701513523906117, 0.014355238414227768, 0.04893740146769056]
            , [0.10149327096298481, 0.011214317670992466, 0.08418269336086116, 0.07440721763456717, 0.016712842036867775, 0.1217335811089813, 0.027345311533844563, 0.021928194649019316, 0.05872849550803715, 0.03833323488571016, 0.013157174466892808, 0.0672468949078307, 0.04143303253060022, 0.054147307689131396, 0.054234958569532504, 0.09372935220468964, 0.06056922186698128, 0.033559071063264896, 0.007381083695030234, 0.01846274285665831]
            , [0.05921475084201002, 0.014671936116342236, 0.017892332818620876, 0.024784043108948405, 0.043253451680549275, 0.027005706450882697, 0.014302727102761441, 0.1632467751018563, 0.02664727115104874, 0.17235392667873856, 0.04366845455258786, 0.018101164363965565, 0.019966830036819032, 0.022097377126905106, 0.027968123456164135, 0.03305144864493736, 0.05107782725215031, 0.18526026542930452, 0.00920132120491927, 0.026234259970574887]
            , [0.05552692672283201, 0.014063028596691915, 0.039260918148090906, 0.048561572385221845, 0.03244579258989025, 0.046488651245942154, 0.022346176749111154, 0.14661213898593295, 0.04924186460967692, 0.07779792924717886, 0.024654019353841396, 0.03361210516772295, 0.028130185352604746, 0.03412138414438091, 0.04544974271139279, 0.04589154922089969, 0.05126740346421393, 0.16499775699489863, 0.010164241113309628, 0.02936660681218117]
            , [0.07256580260071546, 0.012650891480945706, 0.04400843870741951, 0.058427401074817226, 0.0184936621656557, 0.04767799021620782, 0.04072520599968893, 0.025251370239539578, 0.10922144512365825, 0.046680888145901434, 0.017070350088349673, 0.05856013819412033, 0.027327104592938252, 0.07102202613159125, 0.13106819716907772, 0.08815547629491367, 0.06513475967491056, 0.03642579524653897, 0.007748854646445785, 0.021784203702130994]
            , [0.1573052739877106, 0.01971604386276982, 0.04261367750905938, 0.04839773174728218, 0.03190296159760515, 0.05515380524814872, 0.025088475671340787, 0.04396865403025044, 0.04438058802899007, 0.06737592096738618, 0.021825974978730105, 0.03904039810776744, 0.032123984162596486, 0.03972001666614148, 0.0428956407483851, 0.13684083412635917, 0.05501665888608791, 0.05646204517094694, 0.010096591692138014, 0.03007472270521506]
            , [0.07993268299741182, 0.0038539195636202, 0.09346413093335497, 0.1870361295697186, 0.008479262866709688, 0.03288730783241663, 0.022984640895988357, 0.015523720448883734, 0.14545543932384328, 0.02766098352960196, 0.009878209854415987, 0.058065439019734724, 0.020729233177936002, 0.08401730392267881, 0.06223683874959558, 0.060114061336137184, 0.05058494928502103, 0.02292886148980912, 0.0026133268075380373, 0.011553555723066981]
            , [0.10008873596360628, 0.0073280977376013, 0.06411263412241522, 0.09427678198511175, 0.012934668778163814, 0.04153063065508687, 0.035694153209263835, 0.02210042018709686, 0.07468870529363109, 0.04284268368899922, 0.013776791542927993, 0.06401989831596358, 0.02576590918312653, 0.13553430851943743, 0.06786278682712985, 0.07996409570885027, 0.06565996719768401, 0.03177862286352372, 0.004917839163440871, 0.015122267821339953]
            , [0.17036169836347978, 0.006451324852988814, 0.07159589994487509, 0.1377302290783806, 0.015541941597243786, 0.04377895722997412, 0.022589397785185185, 0.026705574543497083, 0.06560772291472863, 0.05008138620499581, 0.013006880898363483, 0.038457285631352284, 0.028058154659948327, 0.07003301552282518, 0.060302171917312644, 0.06703068233419465, 0.054332083211024965, 0.038243829631352276, 0.005747617752024124, 0.014344134036003455]
            , [0.06776327435380061, 0.005027419242877012, 0.22804340807096937, 0.16199604073751953, 0.008979444408418812, 0.0565721804070273, 0.025954389535571405, 0.012517023200556664, 0.05754147293964167, 0.02114751896851627, 0.008003695675943678, 0.08964112653331012, 0.025407277920333936, 0.051572887116368045, 0.03279888885006089, 0.06732114828317969, 0.04512384629326842, 0.019532030894068526, 0.003603807592624792, 0.011453113966254928]
            , [0.05878683806619885, 0.013492741158301853, 0.03430253868501526, 0.052337527925885925, 0.031249939540744745, 0.03619693641482296, 0.027330753000539665, 0.06429805854470229, 0.12813086161180087, 0.08704389264975715, 0.026857451863644546, 0.03289150353480842, 0.02392442560748339, 0.048335149492714544, 0.11939700899442351, 0.04732382559812913, 0.05347396277567907, 0.07593013888649038, 0.009328763809318224, 0.029367678995862546]
            , [0.14637285878831854, 0.017720925868674048, 0.041238896508253214, 0.047039510919644444, 0.03321086894068566, 0.049621927935788124, 0.023415627640123345, 0.05720246988391075, 0.0440243851079267, 0.07378245935243967, 0.024095979805913298, 0.032345921656085685, 0.03508640668528931, 0.03498880335207691, 0.04517607700707419, 0.053813474988209625, 0.05707979229820424, 0.14320166729548345, 0.011353729575185925, 0.029228212292762554]
            , [0.06673711134839784, 0.015330496782552324, 0.04619899154843492, 0.05278844153732174, 0.02709184287664381, 0.0471460353361734, 0.02562844932728283, 0.03848956037229112, 0.05131688360066679, 0.05696069995925175, 0.020111008208927576, 0.04598558878681237, 0.028479223396925383, 0.04110475694573069, 0.0475795017243934, 0.15001860592702343, 0.15030756260418585, 0.05245067469716608, 0.009883864558066311, 0.026390701507871817]
            , [0.07131611888578347, 0.004750033409800632, 0.15519813478665925, 0.23592206204583538, 0.009025260811067633, 0.03948557861934039, 0.02295220419787591, 0.014858423839202592, 0.07955859782560086, 0.025721867773429954, 0.009425704527855483, 0.056391694898453484, 0.02471296201788708, 0.06896785974659968, 0.04145458588224335, 0.05798596934414013, 0.04519245931619155, 0.023073784544438272, 0.0031195845281908347, 0.010887113189863976]
            , [0.03814981323606929, 0.010474818034864466, 0.008056878077748554, 0.011506569593373532, 0.0659758755980799, 0.011815895085843305, 0.00940221463798942, 0.1335696038893072, 0.011942636890436745, 0.38390011841114335, 0.07837898480158126, 0.009221496916792256, 0.009254260181852495, 0.014543891535391613, 0.015452173008471383, 0.016487663164533255, 0.02433211076995482, 0.11820664111445796, 0.008638956660203308, 0.020689403181664102]
            , [0.0570256657946768, 0.008807852665665411, 0.030525467020912515, 0.05512750940874525, 0.012872864300190058, 0.032308688929657756, 0.036616319560836524, 0.021880360207794783, 0.19513802547528517, 0.03952173601901148, 0.016187745050000014, 0.046598005043726236, 0.019084163876425874, 0.07261716746958177, 0.20209420038022857, 0.05379683472243346, 0.048255654228136886, 0.02987422376235732, 0.005669530648859311, 0.015997986563498077]
            , [0.052184203306083594, 0.012622504408707224, 0.02005396343269957, 0.025707561522243336, 0.04613938203231939, 0.027278634385931443, 0.014078630024144504, 0.15046037408745244, 0.026656759053231928, 0.28489074505703327, 0.05319834692509501, 0.01850447601520915, 0.01646110338878326, 0.023250929965779505, 0.030388306923954438, 0.029668887285171197, 0.03651681177946767, 0.09876865231749046, 0.009444285553231933, 0.023725435395437262]
            , [0.06821707518638259, 0.01689671581247622, 0.042587009562571325, 0.05714264308862685, 0.03209002519208826, 0.046499650671357896, 0.02419910089007227, 0.06058321453404336, 0.05166706523392925, 0.06878922169456067, 0.02387913922974515, 0.0347049527957398, 0.0307024839345759, 0.03877762124191708, 0.04917617714720426, 0.05053025065043743, 0.062259649627234695, 0.20075452928870274, 0.010663464877139598, 0.029880017342906073]
            , [0.036986498338226675, 0.008062807258641629, 0.00511451382051277, 0.00841914496613802, 0.02980046462908593, 0.0075851974110395445, 0.0057333219900176854, 0.26529056390683176, 0.009393238937756995, 0.20767026580544135, 0.05229083577020949, 0.006802222292816636, 0.00784646193286355, 0.009313852245644988, 0.009198677497944834, 0.013717003669798403, 0.03278633457428072, 0.26960511978860824, 0.0037973395280485366, 0.010586142052847972]
            , [0.058552830761530894, 0.0071045098252796885, 0.1486604956035329, 0.07469890125613346, 0.014795641547203201, 0.07198810266143275, 0.034129346274190384, 0.019275583252208003, 0.06498292311874389, 0.028666245660451367, 0.010375255004121633, 0.16983899242394482, 0.021237369142100133, 0.04845531576054955, 0.039009641042198236, 0.08163762869283613, 0.054258456243375865, 0.025739086885181346, 0.005807232382335631, 0.02078644435662414]
            , [0.06070511744940063, 0.01369959948437807, 0.018246517168009457, 0.024170465838278678, 0.027140599360188644, 0.024066247288268852, 0.01245027527687169, 0.22431455610139556, 0.025161193327569206, 0.09192201504224798, 0.029701033425034384, 0.01948580719198268, 0.01859330610473571, 0.01910815193633332, 0.02352290593456475, 0.03246877055806634, 0.055308345785026525, 0.25623209098054645, 0.005425100964629604, 0.01827788210630773]
            , [0.12941639412923556, 0.013751578503447593, 0.05730645680811662, 0.057832828106777, 0.012133234677698976, 0.06334060408983451, 0.02339117396000788, 0.018797809833924296, 0.052900185695429466, 0.029889413703703634, 0.012705795536840031, 0.07326562302797472, 0.03540924363376674, 0.05160422612293143, 0.038016841241134754, 0.17808515801812458, 0.09972147614263203, 0.03298965447793548, 0.0049419499623522415, 0.014500340120961418]
            , [0.03938467729372267, 0.008495494262277917, 0.005760724313659676, 0.008572967101658106, 0.045324293554086056, 0.009052460347019127, 0.006607368205487504, 0.20486110150019748, 0.01013028178266872, 0.2950713815633632, 0.06772566769838133, 0.007143651551914779, 0.008327047197789102, 0.011536849180418488, 0.011839611789380207, 0.014820073023884647, 0.028918929474930834, 0.1979475795499409, 0.0049235791968021934, 0.013556257054480835]
            , [0.06552716761914215, 0.01389692621993646, 0.036920253038125475, 0.03896380123510726, 0.09724134597299434, 0.04684064668784749, 0.038121658310166825, 0.04119755262907074, 0.040583188393566325, 0.06138426620730733, 0.020692102869340753, 0.037808354934471794, 0.022319975035345562, 0.03143569579428119, 0.03865099063939638, 0.050403464469817374, 0.044115451511119945, 0.05260962630460682, 0.028752061619737854, 0.1925354660444793]
            , [0.06936409864355847, 0.0056603018328190945, 0.05084485016429573, 0.11184822534562212, 0.010154889239831672, 0.03084548187737928, 0.029938444538168702, 0.020665553582448475, 0.18686725465838516, 0.03326639525746341, 0.01355681319354841, 0.052655414810659176, 0.018548576174914854, 0.09515973555399707, 0.10906464251652973, 0.06171048767180927, 0.055339154061310354, 0.02772902648166703, 0.003660588435584044, 0.013120063138248858]
            , [0.19806459694501027, 0.01760307834663949, 0.040047704727087616, 0.04107727860896129, 0.029805280546028518, 0.1639834583095724, 0.021802101972301424, 0.03766497451527494, 0.037320039828716935, 0.061906924378818784, 0.019554887354378814, 0.0327783924338086, 0.029030660723014245, 0.03163224405906313, 0.040364689193482683, 0.06579998920366598, 0.046393002173116114, 0.04984179095723018, 0.010050758229327904, 0.025278155849694506]
            , [0.06439765649484537, 0.016006958770103094, 0.03175868455402067, 0.035054899849484455, 0.12168904408247441, 0.04696646669690718, 0.023800860005360823, 0.06042253258969073, 0.03284504155876288, 0.19452267422680405, 0.04007153064742273, 0.02865450997319588, 0.024142649187628838, 0.028504460643298993, 0.037240334375257755, 0.044746554422680405, 0.041860326587628824, 0.06404087879793818, 0.018841519861649506, 0.04443241824536083]
            , [0.24163328270303797, 0.016862825548047113, 0.04173715377123371, 0.04541458947509808, 0.016349039992767087, 0.08095843499896668, 0.01789198989481299, 0.025528612825377217, 0.03810988943583385, 0.03731016050836948, 0.014652783456292638, 0.03974072058483158, 0.03280210143211407, 0.037532019723083274, 0.03478072764207482, 0.14583303273403592, 0.06706263583385, 0.04350236617482963, 0.006119114411820611, 0.016178514937590448]
            , [0.054864268000827145, 0.010594536936530901, 0.04551166361381023, 0.04016343573909448, 0.031622042586313806, 0.302558009510026, 0.020499852356832732, 0.05295892553235475, 0.04139868304941076, 0.07202601347115983, 0.01923421271655985, 0.03998483462063262, 0.02510778264213355, 0.03053008560264627, 0.037758074891461636, 0.042421345935497276, 0.03844379510233617, 0.05826833154434571, 0.010311704528633447, 0.025742407380607804]
            , [0.04666838226383686, 0.012067244124427794, 0.012701461643362534, 0.0163608757224303, 0.11353113089887643, 0.02188715430295468, 0.015271962553058712, 0.1309046385767788, 0.01759393236745732, 0.24606134519350767, 0.05075732541406573, 0.014556271152725675, 0.014844301259061627, 0.01760704998127337, 0.021404417373907587, 0.026089830316271163, 0.03366907981481476, 0.11840896235746978, 0.016322828857469836, 0.053291795892634206]
            , [0.07449958837537407, 0.011249637105814453, 0.03914120065198799, 0.04466154090423252, 0.03200681035485248, 0.045614274176998676, 0.022745110643437372, 0.056835906744335175, 0.03922665943993159, 0.08948410130397605, 0.022049551393758013, 0.03093179464942282, 0.1975585927746902, 0.0350344621846943, 0.044827985575032064, 0.04792956096194957, 0.04953303091919621, 0.07787599644933732, 0.011368516563916202, 0.02742567872124838]
            , [0.0914271836361693, 0.0078026154916631075, 0.0523986106412997, 0.06086310942283027, 0.018570060734929467, 0.046179034649422815, 0.021205229012398463, 0.02732788413638302, 0.05467638847156904, 0.04620321413210765, 0.013552554380076931, 0.030982328234288165, 0.27479013937580177, 0.0383339876100898, 0.04480472266780676, 0.06051794940572894, 0.046719085596408756, 0.040025618381787156, 0.006727221928388188, 0.016893060938648976]
            , [0.0592211728822382, 0.01665296307937541, 0.02678374158100193, 0.033729715478204206, 0.09901062409021923, 0.03338775643678159, 0.040518025729776606, 0.05963832587941877, 0.03479540354369982, 0.1394313666883539, 0.03177133471914983, 0.029027098633702043, 0.022641289550856623, 0.031700754363478655, 0.04036317839731077, 0.04226870677727172, 0.04081192148340926, 0.0634430140598569, 0.029643436242029947, 0.12516018106701376]
            , [0.15733041714917134, 0.01780213410232044, 0.037882995783425494, 0.0444387532044199, 0.023503734482651945, 0.04985127863867407, 0.019484305738563534, 0.04541081972154698, 0.03856834702099448, 0.06095689563756908, 0.023013416039337015, 0.036669095051933706, 0.03137850009944752, 0.03586523514033149, 0.03847940674696132, 0.08471461641546964, 0.14638591160220982, 0.07870962471381215, 0.008404552531270721, 0.02114995367845304]
            , [0.0772244623563218, 0.015829696513903625, 0.023442106892130804, 0.026932909444076086, 0.03899235142130858, 0.03910092147435904, 0.01579890893766578, 0.09025951875773652, 0.021992305033156453, 0.24842779310344848, 0.03518086007073386, 0.01784352632625992, 0.021179265368479232, 0.02263572260831134, 0.0320998241025641, 0.03101816500884165, 0.04132374448496907, 0.169163329376658, 0.010140711175552607, 0.021413875651414685]
            , [0.04699047621856228, 0.009036188772357007, 0.004990476073892747, 0.008174140968395284, 0.01668655576185178, 0.007537453591364311, 0.004269921293567767, 0.2815992049855333, 0.007655948453594491, 0.1169135666347652, 0.0294637741241932, 0.0063070364513687915, 0.007693184774760796, 0.007537836503004651, 0.007462850394391325, 0.014014365872023211, 0.03710818097484979, 0.37707210260405066, 0.0023815997748720466, 0.007105132700422925]
            , [0.3223804324686943, 0.02709831455545617, 0.03029745022137745, 0.03437732715116283, 0.02755471520796061, 0.06407626838998211, 0.02009965348524149, 0.04118795506708413, 0.03213083920617183, 0.06722008606663685, 0.02111760597607334, 0.02494914991055456, 0.02139370032200359, 0.02684926505590339, 0.03651732699910554, 0.06536429571109123, 0.045685997983005315, 0.0577957340272809, 0.008904005578711993, 0.02499986515518782]
            , [0.07819282157200355, 0.0077743638329606495, 0.06304595406305903, 0.08366621169051877, 0.01906640286203045, 0.04315844585420399, 0.02526909564624329, 0.028340878389982144, 0.09791253436940978, 0.045152230243738815, 0.013891080125223615, 0.04413963043157424, 0.15088251902951696, 0.050899385684257614, 0.057380900004472275, 0.07271837541368516, 0.054156773334078714, 0.03874060714445433, 0.006651082742620754, 0.01896070472517889]
            , [0.07183051765656569, 0.016091346844219978, 0.03613986934680135, 0.037523964188552195, 0.18957491111111102, 0.04812834852300784, 0.031839343522334466, 0.04514465410101018, 0.03427030962514038, 0.0747175666060606, 0.029229739993265988, 0.033980190538720534, 0.02508240075196408, 0.02909034316722782, 0.03690876359595958, 0.05167827589450059, 0.04495105458585868, 0.05532868366329971, 0.028983837408305305, 0.07950587596632987]
            , [0.06256444151583711, 0.009368264463800907, 0.06925343081447961, 0.056893993524886874, 0.020746370007466052, 0.19960852081448, 0.0311393318800905, 0.02662834488009054, 0.07608849047285063, 0.04209054095248868, 0.014049510066063342, 0.09152661098190049, 0.025057391050226266, 0.0487341831561086, 0.055291134866515844, 0.06438260855882354, 0.04366281658371038, 0.03276345353846155, 0.007820049642466066, 0.022330510066515867]
            , [0.06830960385984931, 0.003604713863684071, 0.24100697808719448, 0.2931238972837247, 0.004791533413832386, 0.036458719413376, 0.017818930463821017, 0.007660650590960966, 0.04588668307920567, 0.013902796870121109, 0.005818498402419513, 0.05412603713261811, 0.02110184327687741, 0.05893136648938598, 0.02396735304953207, 0.04670193928555123, 0.03330925452179867, 0.015386439963250502, 0.0019542080889522976, 0.006138549008217337]
            , [0.07514311039603962, 0.00845804858646097, 0.058023020370711484, 0.22290714920561766, 0.02520554439557909, 0.04194838635505409, 0.022352647603039365, 0.04501376087266862, 0.06197291068385908, 0.06311659862997931, 0.01933488990329265, 0.033243313985724145, 0.02613703564080129, 0.04890219556988257, 0.04842367007598434, 0.04821379230025324, 0.05608361943357126, 0.06322675972369328, 0.007706400764241311, 0.02458713818328343]
            , [0.06247032535099952, 0.012467793053138077, 0.030939326780567097, 0.03302101057182706, 0.04361949245978615, 0.040038873933054345, 0.01976687533589026, 0.05615026172942818, 0.031766596057647575, 0.3441545936773592, 0.04113682066155279, 0.0262542319270107, 0.019817764951185566, 0.029757934832635953, 0.039010740199907024, 0.036766425618317125, 0.03545811045560205, 0.05607391497675503, 0.012365979860994887, 0.028962932603440267]
            , [0.16879420829428293, 0.009854198516166828, 0.05214593645501406, 0.06055612452905342, 0.021357923958528632, 0.0519607331443299, 0.022032097031396445, 0.0322088284348642, 0.04312065385895035, 0.054193615337394696, 0.015880124933458292, 0.032859726522961576, 0.14867220227272732, 0.040060198683223996, 0.04656056981724462, 0.06822770203842549, 0.05224265970712278, 0.052077027143861254, 0.008586773089995316, 0.01860869537628866]
            , [0.062237508056083704, 0.013299032755228136, 0.048197460743821294, 0.05447460891159695, 0.02705709604039925, 0.04692564860028515, 0.024671000893536126, 0.051523750518060865, 0.04461021042062739, 0.05774589857414455, 0.022133442438212934, 0.04069548350522815, 0.027111913367633078, 0.039089668060836504, 0.05130014139971483, 0.06471525647576046, 0.22393170175855515, 0.06332035560123574, 0.010280493282794678, 0.02667933445508556]
            , [0.0724536447537833, 0.014914303569060774, 0.04980815862118664, 0.04905322410281049, 0.04889825255104491, 0.057037671460485224, 0.028824575512851308, 0.05120543707182319, 0.04687034480903194, 0.07802677009368242, 0.023838695116502523, 0.041328612322844106, 0.03679374825126111, 0.03904591654576027, 0.0488531765865962, 0.05778043562334854, 0.054640047898150385, 0.06317622679077592, 0.09185943485467209, 0.04559130517895747]
            , [0.046016407640698004, 0.01510331995772917, 0.019817595030720038, 0.022026103416072584, 0.20508384738264945, 0.026067004917670167, 0.04466369905259282, 0.042335121634308165, 0.023074527687392432, 0.08695534214057508, 0.025011352138117473, 0.02602705190956006, 0.016195610496682215, 0.023836601066601126, 0.027836710009830474, 0.03637098469894329, 0.03225841529122632, 0.04857623070779066, 0.03627366051757181, 0.19647041902187284]
            , [0.10909402688279299, 0.005537411928653353, 0.06653330344638402, 0.1409148517456358, 0.011552848712967616, 0.03963137153366586, 0.027782439349127178, 0.01984693691620943, 0.0849957814339151, 0.042248280965087245, 0.011910775311720705, 0.03404807350374065, 0.019735708410224467, 0.08305534596259348, 0.14619362132169578, 0.05398153921197009, 0.05440368404738155, 0.031352305453865296, 0.004819875050972544, 0.012361823591271859]
            , [0.04316903515773663, 0.011824260890335505, 0.016046837768402655, 0.020225307300200224, 0.05321316176765151, 0.02161207973635449, 0.011604728995743623, 0.2420696201802704, 0.023057956878317513, 0.2132981917876813, 0.048131735192789196, 0.015621114601902821, 0.012847560409864782, 0.01682180727891838, 0.020584234639709514, 0.0244831580846269, 0.03773529752628944, 0.13354987334501742, 0.006856541061091647, 0.027247497508763138]
            , [0.16407373408634535, 0.005653698539558232, 0.15715695499497978, 0.10555704599648594, 0.012736906157379595, 0.0662107765687751, 0.026120689697038152, 0.01809695729593381, 0.042701473627008046, 0.03653478897590351, 0.009930777525351408, 0.042547561885040164, 0.03592421103212853, 0.05692012592118474, 0.06231433014307229, 0.06362610301957831, 0.04831799003263049, 0.02853293219628507, 0.005531732861445776, 0.011511208770331259]
            , [0.05994647773982928, 0.012396184623807129, 0.04047277278001008, 0.04386961499497739, 0.033597884040683076, 0.05221816181567053, 0.02163062890256152, 0.22398159492717196, 0.044138489256654964, 0.08382449136614765, 0.03199092633601202, 0.033048224495228484, 0.024872815339025627, 0.029866619462581644, 0.04219152132094424, 0.04226485250878956, 0.04618652208689102, 0.09516229227272731, 0.009385343289552988, 0.028954572764942236]
            , [0.047460848562091484, 0.013752672700603317, 0.01999103929813978, 0.02433599672448463, 0.12364316440422335, 0.028531653652589195, 0.02249201788763197, 0.1422268680492709, 0.025110107673454, 0.12636377865761692, 0.040408521518350934, 0.02333654112368026, 0.017625678342634482, 0.01942141793614891, 0.023539755904977384, 0.03187401262192066, 0.03900119974861735, 0.12804301664152845, 0.02138552007390649, 0.08145619541729512]
            , [0.0679508401336022, 0.009412647164103869, 0.05274608324174439, 0.03978193406856568, 0.016130837460045375, 0.41194150668011115, 0.017883317390219304, 0.023675023866901873, 0.0382955282732544, 0.036181584253088095, 0.012164758922107407, 0.04975940373632466, 0.01993305827476681, 0.029245609231157044, 0.035620342978069056, 0.05676970622132591, 0.03130278028737077, 0.029164490204184483, 0.006828371472649355, 0.015212179818754692]
            , [0.026620736305732563, 0.007031968786802546, 0.0035689238998727266, 0.00576051612789813, 0.01925958392611469, 0.005248583777834492, 0.004096067119235713, 0.37524757834394884, 0.006808086530191042, 0.1522130765656049, 0.03899304365350316, 0.005437666042038158, 0.0045584204198726025, 0.0060041925890446796, 0.006010869213503203, 0.009937327573503067, 0.02662804064968157, 0.2878705714649682, 0.002245878261656042, 0.006458848180636974]
            , [0.061734154917398074, 0.010687518791946312, 0.04006709932369647, 0.055446283495095505, 0.02644477067372226, 0.04056104511615898, 0.025440179553433143, 0.05129176471863707, 0.2136328691275166, 0.07751806468508002, 0.025203201029943213, 0.03757346587248321, 0.024897016566597836, 0.04832335071502322, 0.06828822425141974, 0.04640864258131129, 0.04991847139907073, 0.06198277080795045, 0.007882304347960764, 0.026698790647909164]
            , [0.06110067016010495, 0.006822849507349089, 0.04713581552230973, 0.029427616477690335, 0.011750179144619392, 0.5363248312335955, 0.014109349896325467, 0.015889437797637615, 0.029268923333333363, 0.023880520314960435, 0.008826531533070905, 0.04888910120918636, 0.01469616888556436, 0.021244353755905568, 0.025298499251968472, 0.04555549664566927, 0.022792633173228334, 0.020316351328084015, 0.00458245872824146, 0.012088211312073504]
            , [0.10350819831263496, 0.006525741397381208, 0.03847712398488115, 0.046506379562634974, 0.012930625783207389, 0.03560875375269976, 0.015573190608261287, 0.0225566950593952, 0.03861700231101513, 0.038872891233801284, 0.01086561209800215, 0.02321473055615555, 0.37476792575593837, 0.0316339099046976, 0.03351222133099349, 0.06649339806425485, 0.04626336702483801, 0.03735087407937354, 0.005233196582343417, 0.011488161047516224]
            , [0.14620059802275187, 0.022199859438786558, 0.017802508367551387, 0.023105771393553645, 0.032700372992957735, 0.034971086600758414, 0.013287612769501645, 0.12159596059046604, 0.022292082850487532, 0.1171910341549296, 0.036696337264355394, 0.019340480555254596, 0.022370702639219933, 0.02096978290357527, 0.024980403397616473, 0.048049870855904654, 0.06720468446912242, 0.18165418924702054, 0.008065399555254604, 0.019321265951245933]
            , [0.02195396596923499, 0.006144954319629738, 0.004728829172066483, 0.00732539484290784, 0.04261483230982848, 0.006923431090389225, 0.004729986455758166, 0.24806589300299542, 0.00797016041491963, 0.38621137762047286, 0.06634769009801247, 0.005804533472910427, 0.005004217975496744, 0.008036645361829561, 0.008006403473999259, 0.009121950916689325, 0.017055006730193265, 0.1296443514443235, 0.0038424521364824526, 0.01046792489681454]
            , [0.05883116161245868, 0.017648528089856685, 0.03360555391675857, 0.04059435185226014, 0.029104975493384824, 0.04286252320562289, 0.019401518062293264, 0.0937850549200662, 0.04012945099779491, 0.07450617562293278, 0.022900266121830208, 0.02665822966923927, 0.025173390101984564, 0.028569940099228242, 0.03931403324972435, 0.03825097610529216, 0.04715803483461961, 0.2857881438809264, 0.008922245035281148, 0.02679546145810362]
            , [0.07405687041433372, 0.013131616209686451, 0.03201161808510638, 0.04783403893057111, 0.018422141276875713, 0.03981052230403137, 0.04632261346024641, 0.02809462966685327, 0.07738056791713327, 0.05343415688689808, 0.01720618116853304, 0.03395557110582306, 0.02442310598348263, 0.06749946364501681, 0.25719069820828716, 0.05012701863381862, 0.04957881561310193, 0.03933973688409859, 0.009600113802911531, 0.020580522176371754]
            , [0.0764520758101983, 0.016110089986685554, 0.04328537702549577, 0.04806329080169968, 0.040773585067988664, 0.051145457665722406, 0.025231937399433427, 0.06434700164022664, 0.047801215733711044, 0.09230852694334278, 0.1197712494900849, 0.03952248232294618, 0.028355141943342793, 0.04242301078186969, 0.04545783544759206, 0.05376302067138806, 0.05318303961756374, 0.06610293207932008, 0.012473799571388102, 0.033428936300283284]
            , [0.17886883366505557, 0.0033035138411714494, 0.11451170053426214, 0.23096758174580645, 0.008529894711401816, 0.03713834030139329, 0.01703034797156667, 0.014928141524594866, 0.05823405645152119, 0.027002602985498877, 0.00719442802729596, 0.030996311509240843, 0.024884041177423946, 0.06574943915638336, 0.045949043670742096, 0.057218202081319294, 0.042408753238555544, 0.02410273058544228, 0.003411244910292861, 0.007570788748933761]
            , [0.06251284444063925, 0.022006993867009123, 0.04407317509132419, 0.044326414021118726, 0.03538643494920091, 0.053797555967465716, 0.024052336880707764, 0.04264520950627861, 0.04767181601312785, 0.07119533183504564, 0.0210878990744863, 0.04543280133561644, 0.029739988261986303, 0.034674904180936085, 0.043143454392123276, 0.22830951883561623, 0.05471561198344748, 0.05291702597888126, 0.011445727727168953, 0.030864941980593634]
            , [0.02712424689212837, 0.008553553416909613, 0.010405388094752041, 0.011504799051020406, 0.0668392662886298, 0.012367514970845588, 0.009690657915160352, 0.08298990023323619, 0.012777185176093359, 0.4965583119533538, 0.08129353831807572, 0.013494478869970846, 0.009933567634985381, 0.015201230352769733, 0.015000201447521962, 0.0167336016618075, 0.02047577231195335, 0.06155902818950439, 0.008615663543148688, 0.01888209963644316]
            , [0.15982090258140208, 0.013725551138457026, 0.04690949742446465, 0.040103577374596654, 0.017249379795834498, 0.2889330249339982, 0.01885937094162513, 0.02101531840422413, 0.03395710106482839, 0.03474070492813148, 0.012426816514520381, 0.041490420376063375, 0.027948744018773834, 0.030097686031094185, 0.034625728413024304, 0.07945284003520094, 0.04336235110882957, 0.032218908286887664, 0.006884245059548265, 0.016177828877383345]
            , [0.027105776141639726, 0.012236874999706144, 0.011307331313546928, 0.013269639800176383, 0.29686983455774296, 0.011771964860417386, 0.04163835931237145, 0.030542576094622423, 0.014190990912724195, 0.08312874609756098, 0.021979555577725535, 0.018374618836320872, 0.009524271979723723, 0.015929100802233292, 0.017106089268292705, 0.023885223399941223, 0.02086511549221287, 0.032921976943873055, 0.040105036599764894, 0.25724690508374937]
            , [0.017852001619159424, 0.005829221285189553, 0.00343942749897138, 0.005197270363796594, 0.0436716897487511, 0.004177938630032359, 0.003960569454011131, 0.17221514810167488, 0.005904956822215812, 0.4983028286805754, 0.08122105794446076, 0.004796625359682678, 0.004237301508374938, 0.008015351054363774, 0.0071055834404936125, 0.00799395316044673, 0.014387633050249801, 0.09950750511313539, 0.003504222668527776, 0.008679712069350597]
            , [0.33867661116058223, 0.02803521393469869, 0.020580152250519464, 0.025089458735529736, 0.010983904095280488, 0.07063829778866133, 0.011103229115464523, 0.019754936137429457, 0.02077442255565442, 0.024505013167111817, 0.011751884384980725, 0.024973148521816556, 0.02373128703858711, 0.02032968338082521, 0.01840814379252005, 0.19461927088156666, 0.07548219435143957, 0.047225009026417325, 0.0033979892137726408, 0.009940139549124385]
            , [0.2408143450118767, 0.03427052933046323, 0.02220521299940611, 0.026863026211401374, 0.024122816410332544, 0.041688036867577216, 0.015540859407957235, 0.06233876935866983, 0.024629082130938215, 0.06587276859263656, 0.024838382808788598, 0.021849448839073617, 0.022655325366092573, 0.022564822541567685, 0.02787402129067696, 0.0645682930463183, 0.07270004846199528, 0.1580026123515439, 0.007345509771080756, 0.019256093364014237]
            , [0.1977175166921898, 0.008596571137825415, 0.04985160564471668, 0.069754891712098, 0.014847536165696777, 0.0481666936906585, 0.029686665059724344, 0.021275508772128762, 0.06123688120061255, 0.05378888568759564, 0.013307340790199105, 0.028051961433384367, 0.018429027932312363, 0.0701206017029097, 0.1542270893108729, 0.057549073255742704, 0.04872092182542112, 0.03404721355283297, 0.007274483826186829, 0.013349533439816205]
            , [0.023320844429624968, 0.0056588734100491735, 0.002552161778733894, 0.003979643612784224, 0.010239151882298621, 0.003772937285801997, 0.002488994859557444, 0.404544569452981, 0.004415580647818156, 0.07501747741333742, 0.018236739138905948, 0.003844641668100772, 0.003287884473570958, 0.003618764722802613, 0.003916522623540232, 0.006663249242163445, 0.021649718060848158, 0.397891223724647, 0.0013091320773202086, 0.003591902646281505]
            , [0.07166940432677285, 0.007411075917369569, 0.17412478484848512, 0.07426637420493595, 0.013080253866291757, 0.058127425691971275, 0.023020145095282725, 0.018748724590440462, 0.045506623417681996, 0.029065320381130813, 0.010131297060606104, 0.09215992852546065, 0.03210705705123399, 0.039358839881287105, 0.0326892473445798, 0.14651004051858785, 0.0831851871946267, 0.02620149620431097, 0.005880561314589202, 0.016756207471727572]
            , [0.04645318348247806, 0.0059620280300375535, 0.07197016776282857, 0.06995634006883604, 0.01559042829724656, 0.050209982609511865, 0.033353864727784725, 0.02456773025344175, 0.16479832916145198, 0.03466640380475593, 0.0117703906129537, 0.14773624693366708, 0.01772119422371712, 0.06251148737171468, 0.0632007155694618, 0.0748944955037547, 0.0543966349186483, 0.024704940250312793, 0.004693468006257839, 0.020841978365456836]
            , [0.03862054250475598, 0.006832627376030453, 0.01840612104882687, 0.045477337327203576, 0.007505677421686771, 0.02114551600443868, 0.02786350228154724, 0.015992766340837072, 0.3028577875713374, 0.029515765266328486, 0.014433993229866833, 0.038702216965757756, 0.012940924458148356, 0.0794952977964489, 0.23104372891566263, 0.03900363702599878, 0.03638273574508563, 0.02049303696892832, 0.003446031999048811, 0.009840732738744477]
            , [0.07386659859375004, 0.013049698798341837, 0.04113305137755103, 0.04192781576211736, 0.015167965474489883, 0.035652917933673506, 0.01748926172417093, 0.027580689690688692, 0.043512151470025566, 0.03506694682079082, 0.01586843130229594, 0.05023227921556121, 0.022935308437818942, 0.032417403156887764, 0.034726317780612206, 0.17820223995535672, 0.25767836862244897, 0.042117826157525504, 0.006017575426658181, 0.015357170939094378]
            , [0.1868519314892247, 0.004201296326568014, 0.05491910822450949, 0.08305164098102288, 0.014269873206818898, 0.038099769147635854, 0.01661553542264396, 0.02440536378674816, 0.18189274798970698, 0.03934052965583781, 0.013504168422965571, 0.03908756941781924, 0.0256563714667095, 0.06558378512705057, 0.049001297941460284, 0.06048577751045351, 0.04804172820842713, 0.03684003625924728, 0.0046850789393695766, 0.0134663938292055]
            , [0.09792167455403647, 0.1467891489908855, 0.03164304982747397, 0.03501921247070318, 0.03392342288411458, 0.051488369765625, 0.023789920934244792, 0.047844816813151045, 0.03530775517252606, 0.07161275663411454, 0.02576747224283854, 0.038612037617187504, 0.02672995799479165, 0.031302559931640585, 0.0388274061751302, 0.08021854605143226, 0.0651123642871094, 0.07474899599283853, 0.012135118719075522, 0.031205410869140623]
            , [0.08145235672362801, 0.018018923410253036, 0.021648358413079202, 0.03201315578705219, 0.018649367368715076, 0.024836140614525097, 0.015419747510680232, 0.092989570157739, 0.03125017415050945, 0.06024414734801189, 0.02533298003943477, 0.02604619077883668, 0.01847602564870194, 0.02763846010844562, 0.03197309486690767, 0.058133384725599695, 0.1901571294774893, 0.20334745185672046, 0.005691758744331261, 0.016681596237265842]
            , [0.08118013788309116, 0.0035567411971268344, 0.11013745827410837, 0.3456573104359311, 0.007638108853368575, 0.031539303700462394, 0.016259794185601043, 0.01392456582001319, 0.07088562194848087, 0.02213573466281371, 0.008223127155548206, 0.03568928789960371, 0.018074343812417428, 0.08296918258751651, 0.03537587691875824, 0.04272755502675031, 0.03776987074636726, 0.025121158847093802, 0.0028650054550858773, 0.008269813440885006]
            , [0.45181364053156164, 0.024027224932225928, 0.021664566802325598, 0.026631618543189385, 0.013445069309302345, 0.06913399325913622, 0.011218458064119584, 0.027942731422923667, 0.022747558974418575, 0.03711320113621254, 0.01331266862059801, 0.016716955076744172, 0.018300298537873724, 0.017421157619933555, 0.021696840538206016, 0.08147492031561464, 0.053687665302325584, 0.0560024442358804, 0.0041961612033554856, 0.011452828251494997]
            , [0.03381289688692088, 0.011585752914509539, 0.018571516369209756, 0.019410928494550367, 0.15548049674727513, 0.02186483249148502, 0.06728323270708444, 0.026027180902588508, 0.020652678082425033, 0.059307304461852936, 0.016615383571525866, 0.026500096243188012, 0.012387497255790171, 0.02141789063692098, 0.02251799319822882, 0.03086966931198907, 0.025924176137602215, 0.0323988677895096, 0.03870866667506813, 0.33866293528610386]
            , [0.0523368824982794, 0.003800022048520294, 0.3561226476256021, 0.15329398754301446, 0.006082856761183662, 0.04929782635581554, 0.021124502744322086, 0.008128636734342637, 0.03672540055402612, 0.013665088611493403, 0.005862973182725398, 0.10572705338265663, 0.01813149501858225, 0.03643928197178251, 0.021210932061252637, 0.05280377628355127, 0.03473982337577425, 0.014151285361321424, 0.0026397331929456664, 0.007715806334480373]
            , [0.060886816830864623, 0.008789592421632792, 0.2631615056837754, 0.051551952025490864, 0.025069514126765426, 0.048901884088873526, 0.03125291998622115, 0.036115992600757804, 0.04542696384085429, 0.05472886849121607, 0.016036318763692728, 0.07144766311057525, 0.029873943541164315, 0.034189275632104714, 0.04005301493627282, 0.05478037023079574, 0.05044188091629349, 0.043564222872890135, 0.009856562884946612, 0.02387073088529107]
            , [0.08041770231909638, 0.00572566978821039, 0.02967822615919526, 0.017787308047299624, 0.004563362762795724, 0.6765486410165913, 0.00751683546240732, 0.0065961910945993435, 0.015652151797034906, 0.010347638595128883, 0.0043539559297564485, 0.030804284857042008, 0.008479251161666038, 0.011812620404871098, 0.013171975565831322, 0.04191232331450763, 0.016069146156018316, 0.011645438955171214, 0.0021666318781856653, 0.0047506419082245024]
            , [0.05851250970525575, 0.005270697680468733, 0.04158034956392047, 0.08279398442471593, 0.014569091039772743, 0.02960081458451707, 0.020262291732599434, 0.03431625010653412, 0.15160073508522745, 0.03707235753196033, 0.01431796801136364, 0.040961610859375, 0.018087539024147704, 0.05988222573863638, 0.05966567368963074, 0.07329998248579545, 0.1800959183238635, 0.05665085610795459, 0.005982257177592334, 0.015476902512429]
            , [0.05925998541385436, 0.013488954590053285, 0.026284329080994717, 0.03304859034813491, 0.04551981129307282, 0.03374006306571928, 0.01980454174067495, 0.06738720278152753, 0.037081507705150965, 0.2348117296625222, 0.12600488532859683, 0.026435681698046165, 0.018391682272468922, 0.03745375857548846, 0.036879296294849005, 0.03906066626642982, 0.043498809236234434, 0.06156153047602131, 0.012037724320071047, 0.02824925144404971]
            , [0.20138413567293773, 0.024342415744934873, 0.022592059709478987, 0.02708154418668597, 0.03463306163531114, 0.04501340163892904, 0.01689225612192473, 0.06501943915701881, 0.025002088261215583, 0.20275619971056424, 0.04007339239507959, 0.02049380603835023, 0.017551175905571623, 0.024956216190303936, 0.03481261763748187, 0.03975046702243128, 0.04346265009768446, 0.081566150658466, 0.010462898456584664, 0.02215403437409551]
            , [0.060727317980980286, 0.012670041938405268, 0.013469722471470408, 0.016254286757863855, 0.03156885260387709, 0.02238510065837602, 0.010066518627651747, 0.15109879306144858, 0.014072039820409582, 0.19678355449890267, 0.033325529226408204, 0.011380058502926088, 0.014803936973664944, 0.014074867907827356, 0.02053218884272128, 0.021614339575713168, 0.036669770160936394, 0.29651382991953185, 0.0062120166557059165, 0.015777240405998535]
            , [0.053558963236054656, 0.007663673779460656, 0.029582379331363144, 0.07063547377909125, 0.00971568173069818, 0.023844895836719587, 0.048313662412264494, 0.0190522827728112, 0.1476494954599187, 0.04295361666050981, 0.015213697703361666, 0.04200828411156261, 0.01613129175101586, 0.1783028049501294, 0.16137663284078307, 0.04555359571481344, 0.04413799108607317, 0.026169695925378593, 0.005202282986331746, 0.012933599458810511]
            , [0.10873551315730753, 0.015206282148754184, 0.04504931567497211, 0.037302084879137144, 0.016568988302342894, 0.21025559576050562, 0.01973255020342135, 0.02105888442171814, 0.03577720627742653, 0.031850938713648136, 0.013174113453328364, 0.05544155547415396, 0.025911748075492718, 0.030399332781703217, 0.03399211664559314, 0.18081836448493877, 0.06510655936407587, 0.03038265289698773, 0.006916351119412408, 0.016319837402008208]
            , [0.07941349451757665, 0.01666128740314136, 0.04583058459611069, 0.033094911712789804, 0.013169868991024673, 0.049480219106207944, 0.018193719440538526, 0.017959566645475017, 0.03580615508227377, 0.02565693818249816, 0.011606165312640238, 0.06699006894913985, 0.02529384667576664, 0.027831286473447986, 0.029682455789080027, 0.28395586873597556, 0.1741111062827227, 0.02789138798055353, 0.004931858451009732, 0.01243920858788335]
            , [0.29217742019667126, 0.0037087655618381395, 0.07669623052571863, 0.13420703745461426, 0.010322160480711058, 0.042499069236006104, 0.016430541607412995, 0.01720526109795758, 0.061694153585476565, 0.033637522458396324, 0.008568706209530989, 0.025496099793872868, 0.020831430920574885, 0.06544442518154314, 0.061804104810892546, 0.050972797870650524, 0.038922702605900104, 0.02650051328668683, 0.004418294646822991, 0.008462754056354011]
            , [0.10600726877152694, 0.004550072942977429, 0.10974302993876772, 0.16414570830463057, 0.012577102092231254, 0.03788423975124375, 0.016665244075392282, 0.019831588647531553, 0.0537081125717566, 0.03297113738231916, 0.009306683929200149, 0.03071926576731724, 0.18170699070034418, 0.041688697428243396, 0.03439110293915036, 0.05850727165709912, 0.04138794820130116, 0.02870663289322624, 0.004233235616532719, 0.011268658236509799]
            , [0.2009218720368241, 0.021510773950901407, 0.02248346770771005, 0.024823283559647163, 0.010068160140774815, 0.04853687588415806, 0.012546237612197917, 0.02164328242040669, 0.023315148891446043, 0.02560147891062528, 0.014269418025316453, 0.03811071078634447, 0.03255051101227464, 0.022909425634829304, 0.020120956140007664, 0.21323330571538157, 0.18314003436900667, 0.051955143229765965, 0.0035925901825853406, 0.008667311065976218]
            , [0.05955990244984577, 0.006659070733796306, 0.18143065293209884, 0.08335281123842593, 0.01335753550578701, 0.19412922299382693, 0.025150971814429015, 0.017811365341049525, 0.0459698742669753, 0.02903193274691364, 0.009368185124614207, 0.08965794904706789, 0.025422713001929026, 0.03667881577932099, 0.035005669259259284, 0.06525279772762346, 0.03843033400848763, 0.02409330859953695, 0.0054255899683256096, 0.014211288809799355]
            , [0.03920801619139873, 0.004479093233979077, 0.28567838047268446, 0.0632713954393646, 0.00687632472452538, 0.05922395830182099, 0.02868608895660596, 0.00959138047462222, 0.04237860086710578, 0.013492977879891649, 0.005598609385896892, 0.24986595854320057, 0.011002913655947296, 0.02676991337272379, 0.019623151256489675, 0.06713395055986052, 0.03823322815962807, 0.01335913505501745, 0.0028284723494769615, 0.01269844414296786]
            , [0.065262299411303, 0.0044291498510204, 0.03497432206436422, 0.06528448971742543, 0.009417502133830465, 0.030333706776687633, 0.02344610047880691, 0.019433286320251195, 0.31815005376766053, 0.029269730086342274, 0.013242992108712713, 0.05529986708398744, 0.016706277115777116, 0.08190636961145997, 0.09395498617739405, 0.04847614541993721, 0.05017287971350078, 0.026289756530612385, 0.003247922288814752, 0.010702179724489818]
            , [0.0368871771254424, 0.012797527816751867, 0.013484392046795107, 0.01603103918678723, 0.21700053672827357, 0.017039021938655127, 0.025440422665355882, 0.0690166677900118, 0.016420409879276503, 0.2077180541093196, 0.050681054187967, 0.016545759241053875, 0.012115675713723927, 0.018110816087298486, 0.019331147768776986, 0.02544613296106965, 0.02464065557609115, 0.05855328340542663, 0.028332220610302813, 0.11440802116004725]
            , [0.041300293507521714, 0.007948732042755341, 0.017726502733570904, 0.03460587149643707, 0.007847298560965922, 0.02152417368962784, 0.033385083057798894, 0.014433132816706232, 0.20129905712589086, 0.03020812288598572, 0.012060708854711027, 0.0325073041686461, 0.013773991193586691, 0.07510789764053846, 0.3474409647664296, 0.03837089293745054, 0.034244383416468765, 0.019668063907363406, 0.005336774735550268, 0.011210744531670619]
            , [0.10450336923569425, 0.010932216676270505, 0.04091972469387757, 0.043500309023609435, 0.014865115188875549, 0.04298088961984791, 0.01976230819487795, 0.022747511824729838, 0.037662342569027646, 0.03892892005602244, 0.012812121664665874, 0.03940480188075231, 0.19513757382953226, 0.03913588891556622, 0.03296024804721887, 0.15911863901560613, 0.08935882066026415, 0.034766169523809454, 0.005578784594637854, 0.014924226795918368]
            , [0.1905932637751006, 0.03102386780040164, 0.030200694546184705, 0.0295338207630522, 0.015551191841365466, 0.06178446854618474, 0.017189151546987955, 0.019917397923694784, 0.027940937156626527, 0.029650323726907693, 0.01262834464939759, 0.04190957083534137, 0.02574749102329316, 0.026254494530120468, 0.026406502100401578, 0.2822342963855421, 0.07761358410040164, 0.03387016745381526, 0.005039042564257028, 0.01491139165020081]
            , [0.11037861719340572, 0.005217117414997979, 0.026704813643345378, 0.03357422925733819, 0.009673540095697604, 0.026784887780458413, 0.011505205111379181, 0.016020282215118566, 0.02749317852432655, 0.027696032324085282, 0.008001107439485285, 0.01743459553679135, 0.49772886610373956, 0.024564319439083195, 0.023607459531966173, 0.058073875146763175, 0.03430244185363894, 0.02908080917973461, 0.0038463186361077676, 0.008312297859670293]
            , [0.06942632085227274, 0.013365070993100648, 0.029280313405032416, 0.048697193149350615, 0.027039615198863623, 0.032076777589285746, 0.02923926138798701, 0.043387449277597426, 0.06885039969155844, 0.18919343019480514, 0.032437913766233784, 0.027842940990259725, 0.018961951369318185, 0.056201716306818195, 0.14974000608766277, 0.03613160811282465, 0.04124680731331173, 0.048934579021915586, 0.011266153245941558, 0.02668051113230519]
            , [0.06648081993498575, 0.009794075024299066, 0.057733183990247856, 0.04690687537992688, 0.015942281155221442, 0.04644079856156032, 0.028282440646891508, 0.026497041336854932, 0.05409829035351483, 0.036005540100365586, 0.014513873431125573, 0.15457749492076392, 0.020811001262494924, 0.05086503815928485, 0.03890914613165379, 0.11556381632263293, 0.15400387326290133, 0.03663851257212518, 0.0066443875627793655, 0.019291499806582717]
            , [0.021437995909762322, 0.005351691626210008, 0.003603534293683326, 0.005218140215750754, 0.030255945695241995, 0.004566327086956527, 0.003751378124282192, 0.3467771853978672, 0.006357074321164911, 0.2674034130434781, 0.053836139417555356, 0.004843889742821975, 0.0044470745594749825, 0.006051975267022093, 0.006040211838802233, 0.008012933682936714, 0.01741502376948314, 0.19359898337202613, 0.0027763544902789233, 0.008254732681296114]
            , [0.01416763049281329, 0.004507827050102688, 0.0038844260427105745, 0.004700011696509222, 0.04519034097371664, 0.004388519263244309, 0.004364433016837865, 0.08636389147843943, 0.005744668684599524, 0.6374863264887067, 0.0792306094184805, 0.00527259334784403, 0.005065994140862375, 0.00885623813593419, 0.006442410494455923, 0.009155138574127343, 0.01170219852566752, 0.05236775670636551, 0.003475868176180688, 0.007633133800821333]
            , [0.06111765064678709, 0.015568532348173039, 0.032325637648047065, 0.04005911978160438, 0.03312784666106678, 0.04031564601847961, 0.021295051896682064, 0.06055410913061738, 0.03849437276774459, 0.16497947114657713, 0.0363055431247375, 0.0341975126585468, 0.023198787727845428, 0.03815933028139437, 0.0400306333095338, 0.05295710585888282, 0.1558252927341451, 0.07415769256194876, 0.010781436535909282, 0.02654921960100797]
            , [0.06082425980243798, 0.012716466941572089, 0.043182156729718375, 0.0471569609794031, 0.033100007393862964, 0.03367383330390921, 0.2026695136612026, 0.02792114542664987, 0.05219821068095839, 0.05056744815468684, 0.018457985245901642, 0.056124148692728026, 0.02051286003867174, 0.07546143854981088, 0.06670425596469104, 0.05131119343421603, 0.04549098915090374, 0.03741122291298865, 0.011715638565783943, 0.05280026326607813]
            , [0.07382360274659862, 0.017363523396683685, 0.015106855435799281, 0.01905515849787414, 0.019077962500425167, 0.021980167440476074, 0.009505290980442206, 0.1544838238307823, 0.01779153481122451, 0.07179349371173468, 0.021784474647108847, 0.013608144981717689, 0.014882086037840078, 0.014477608545918362, 0.019604080020833355, 0.02648381112670068, 0.05851468636479592, 0.39313984311224515, 0.003987721701147971, 0.01353613326105442]
            , [0.19808000708493373, 0.029394039095603907, 0.014272740680324358, 0.01756171439607332, 0.016800400612889455, 0.024939337050789594, 0.010727686710200593, 0.08925308997865983, 0.016476223987622773, 0.06022773089628679, 0.02192975518608621, 0.013429411905676487, 0.018077683591976125, 0.014579968367050809, 0.019278913811779725, 0.04118865378574475, 0.0721795621553564, 0.30576983311993167, 0.004257802790866404, 0.011575457826717914]
            , [0.014952331548331851, 0.00798112689020531, 0.005960557759623432, 0.0064482210171086865, 0.3585944495295126, 0.0058877374277159986, 0.03496249056330196, 0.01605393396193327, 0.007101120590248214, 0.04721885637724552, 0.01278967054576562, 0.011600502074850291, 0.004533162122326788, 0.008176313076133444, 0.008536278474764632, 0.01428608242942684, 0.011079651445252386, 0.017021318456800702, 0.03496630181009411, 0.3718498994867411]
            , [0.05631871897995547, 0.011384674951002227, 0.08048745524276169, 0.04078415819599113, 0.02127099221559023, 0.05556978891759465, 0.04157737425478844, 0.02442522575901998, 0.05165256239643654, 0.034162156726057956, 0.013845591005790648, 0.298697559465479, 0.016605472399109148, 0.036163283897550115, 0.03573727195991093, 0.07118923165256123, 0.04961181736302895, 0.029176276674387512, 0.0069356761526057804, 0.02440471202895323]
            , [0.04461305633241759, 0.0031646413685897327, 0.015054706051282077, 0.010555884201465325, 0.0021561306987179438, 0.8212411712454217, 0.004058369738095254, 0.0036706181698717005, 0.00867035360073267, 0.0048384763273810055, 0.0024869720549451114, 0.01586338884157512, 0.00487867242582421, 0.0062993614363553024, 0.007942117579670366, 0.024871537733516545, 0.009497654484432287, 0.006516697337912117, 0.0012196728004578786, 0.0024005020618131853]
            , [0.015451703210332166, 0.008541565357287825, 0.00668069829612547, 0.007542898425738062, 0.26228169188191874, 0.007004700780442706, 0.04569390726014759, 0.013355182714022092, 0.008458132452490753, 0.033667703113468554, 0.009381377118081185, 0.013094041223708473, 0.00484915286300739, 0.010366581467712153, 0.009953088264298936, 0.01507880530904055, 0.012050266503690073, 0.015093509331180976, 0.032531351263376425, 0.46892366835793425]
            , [0.032376087405817766, 0.005581375958130651, 0.0024197000653314385, 0.004202564618979367, 0.007723064995708198, 0.003546429486886042, 0.0023603121292322463, 0.29608830233667166, 0.0035980996776348445, 0.06095331856461608, 0.015605902982832605, 0.003551072160228895, 0.003241507533142493, 0.003419309263233146, 0.004070663131139789, 0.0070979869556508784, 0.022007316475918068, 0.5178594320457799, 0.0009324923359084226, 0.0033650546657129007]
            , [0.04489888974629023, 0.0061353764954523585, 0.10977569022498807, 0.04522842624700815, 0.010836297251795104, 0.33004761656294895, 0.02437712614648157, 0.013881687602680638, 0.0505788726041168, 0.02320687083772141, 0.007864127420775507, 0.13844837075155567, 0.013762183215892763, 0.03652380496888461, 0.03280081284825277, 0.05308692505505028, 0.026070339377692743, 0.017577737903302908, 0.00377639133039732, 0.011122465044997566]
            , [0.36088272549019607, 0.017834210825980395, 0.017816908127451007, 0.018568652480392085, 0.012944539441666649, 0.2538733754901962, 0.009768877267647053, 0.016909511911764652, 0.01642264531764699, 0.025842757622549048, 0.011094600862745085, 0.01785782385784316, 0.01729094296176468, 0.014182613995098053, 0.017498764730392212, 0.09131481827450982, 0.03468241087254904, 0.03057971141666676, 0.004356736823529427, 0.010277362858823497]
            , [0.0380626730780706, 0.0022477284466434558, 0.3636052998508203, 0.3446834356041774, 0.0029760060134261523, 0.025934468459472955, 0.011145191173048264, 0.005366740271506659, 0.02348732246046748, 0.008345073164097647, 0.004041916245151676, 0.043843245657881655, 0.012282302984087449, 0.038198137905022383, 0.010057073728493272, 0.02905471346892098, 0.02125410302933859, 0.009950581613625012, 0.0012368570465937367, 0.0042271296414719065]
            , [0.06420332590704647, 0.011609116273813095, 0.06798933623688158, 0.0340311816341829, 0.011861074587206377, 0.05805956764117941, 0.027931672097951027, 0.015906889758120886, 0.042273667576211905, 0.021618073603198243, 0.009502456735132423, 0.21076157221389288, 0.015640126329335338, 0.03368011187406296, 0.029873341186906592, 0.22291207096451782, 0.0809363996951524, 0.02156598922038975, 0.004091264879560234, 0.015552746533733137]
            , [0.028479401789902936, 0.009979820459969407, 0.008913854695053555, 0.010451802764915898, 0.20242945991840913, 0.011923263409484915, 0.01261342391126975, 0.0733969657164712, 0.01083097563844971, 0.3611393630800619, 0.06926923466598676, 0.010465233185619552, 0.007800933300866869, 0.012285719072921968, 0.012624541561448245, 0.017774035497195244, 0.01814908497195307, 0.050774241336053016, 0.016928177388577263, 0.053770458607853136]
            , [0.04103155264415586, 0.010117489455064941, 0.025055021435324662, 0.027411368550649393, 0.03252345659116881, 0.03455615461298699, 0.01470362963740259, 0.352968869610389, 0.02839942433766236, 0.09380738052987013, 0.035558308914285706, 0.021985604462337667, 0.015308828854545452, 0.017365783717922106, 0.026856602663376593, 0.02894942362077927, 0.03750816291948053, 0.1286555837558441, 0.006946938621818186, 0.020290401090909065]
            , [0.022618158652104453, 0.004852811621204068, 0.007796756537027244, 0.019657337141715435, 0.003958228827916896, 0.014581635017048546, 0.019120276369738946, 0.008862034764517891, 0.39274366862013854, 0.016219465945657888, 0.00858505243793288, 0.02600771628662759, 0.00835154057538623, 0.046133365663292486, 0.335154309536494, 0.023730705253063346, 0.022126317240277048, 0.011662952517314903, 0.002386776810921693, 0.005450880375599414]
            , [0.07010929305421364, 0.005288537401395604, 0.06921480177670426, 0.21121823027375206, 0.00972657196081585, 0.028129393505099333, 0.028178630424047234, 0.01846999681696186, 0.07856134756307032, 0.03287639686527098, 0.012346328465915199, 0.04009202726784755, 0.014458458378421912, 0.18890305958132086, 0.05644316200214708, 0.046290966977992475, 0.04581913965646807, 0.02862340635534072, 0.0036459315839506316, 0.011604323642512054]
            , [0.050737235397512154, 0.015662309091400758, 0.026077076803677622, 0.02967256135208214, 0.08435492186587351, 0.02379806960519193, 0.17332598253109813, 0.0245193902109248, 0.03309223453758792, 0.054304704510546295, 0.016678753769605193, 0.048286753661438614, 0.014162886587344537, 0.04000607248242294, 0.04314124409410493, 0.046309091833423514, 0.03365511889129262, 0.031011325916711796, 0.024725611080043286, 0.18647866538669572]
            , [0.487935093023256, 0.019881383309086, 0.009519253673336954, 0.011492913081125017, 0.005013405724175218, 0.06068276362195782, 0.005623383689021048, 0.009981978373715478, 0.008710745273661356, 0.011640555752839302, 0.005993476226608979, 0.012438495165494862, 0.010473721392644707, 0.010054730985397574, 0.009531168939967478, 0.23270878150351504, 0.051665544012979986, 0.03000696762033537, 0.0017688414798269422, 0.004876784802055164]
            , [0.24204764313081573, 0.007966361279365067, 0.03570861489874112, 0.045194306880131374, 0.01088891017624525, 0.04180611346469619, 0.012514133300492626, 0.020670455758620677, 0.03095685368910784, 0.030143743361248004, 0.01017066693979199, 0.021127113918992833, 0.25600247071702215, 0.02690366713191026, 0.02969489085933223, 0.0763970592665572, 0.04519391859879582, 0.042809059354132435, 0.004910439504652438, 0.008893581058018619]
            , [0.015857635073280668, 0.008677615722491566, 0.005256786340473579, 0.00664325295997753, 0.47111265839909766, 0.006541722678692331, 0.02080286003551296, 0.019453016205186094, 0.006569930899661763, 0.06875344487598646, 0.017634056577226616, 0.009525725896279605, 0.005249546604847825, 0.008860655084554685, 0.007533008037767817, 0.01459239935174747, 0.011761692435174796, 0.02152216225479138, 0.02725167829368657, 0.24640015783540026]
            , [0.228072207762557, 0.010535644628424644, 0.021548909590753458, 0.018465165564497704, 0.008142977122716912, 0.4527896678082189, 0.009428829482876686, 0.010981872458904078, 0.01617473849086759, 0.016437382431506983, 0.007713380827054802, 0.023401291073059396, 0.01502423731621005, 0.01400977613242007, 0.015340867745433744, 0.07591694429223746, 0.02541847680936076, 0.0197909340490868, 0.003084244561643832, 0.007722472060502278]
            , [0.03359493258156833, 0.012519717580137374, 0.014310995026903271, 0.01636543457412707, 0.3673436307956486, 0.018893404819690866, 0.021517896173440177, 0.05178058440755581, 0.015657359330852834, 0.12185389113337149, 0.030585576485403547, 0.016831780251860395, 0.010654674055523814, 0.01570301801946191, 0.01654809521179164, 0.02933648732684605, 0.023702315586719973, 0.043977739605037244, 0.02877326573153975, 0.11004920210074415]
            , [0.061468348917197387, 0.008787854848291832, 0.03471668330631153, 0.06775414191661841, 0.0170243443491604, 0.031356063954835, 0.058551247035321344, 0.02526851632889405, 0.06740662976838448, 0.057554645176606786, 0.02693370724840764, 0.043244991407064275, 0.022936033497394315, 0.26485434047481193, 0.05998131682107701, 0.048960907510133156, 0.044793227099015634, 0.03232419083960616, 0.00603569508396062, 0.020047122015055003]
            , [0.6121825066026408, 0.021218574793217284, 0.009569376463385328, 0.009588492193877612, 0.006630587558223287, 0.07584391725990398, 0.004407315516806731, 0.01192036493637455, 0.008140480076830811, 0.014851616005402135, 0.006397061192677071, 0.00788842398259304, 0.011142889256302541, 0.006934588655462148, 0.008693403620047974, 0.0978115569831933, 0.041562720888355345, 0.03807300309123655, 0.002288487359843931, 0.004854640558223242]
            , [0.06546869734055352, 0.01346526555054152, 0.03706248426594465, 0.031767568225030046, 0.015569691790012018, 0.028260770415162437, 0.015423343628760513, 0.04466405580625751, 0.041706258694344155, 0.04019068874849579, 0.018318437318291227, 0.04064759203971119, 0.016254118178098676, 0.0233612383513839, 0.0296413115162455, 0.0892275820697954, 0.3665114332129961, 0.061990918339350186, 0.006090953822503016, 0.014377598755715967]
            , [0.3640851391409555, 0.031677159011494274, 0.011121753684210513, 0.015017301635208744, 0.011421629513611607, 0.033060954187537794, 0.007395782843920121, 0.0513937481246219, 0.01340474704718693, 0.04244394489171201, 0.01626437702419844, 0.011391760185117894, 0.015322289955837867, 0.011818121064125817, 0.013833346866908632, 0.05804307839685421, 0.07770342459165154, 0.2034467972776769, 0.003062120685420453, 0.008092504087719301]
            , [0.28000030182926816, 0.02556300137499997, 0.01935801465975614, 0.022919574365853623, 0.012662841238414636, 0.03703732050609755, 0.0106197068707317, 0.03194063870121955, 0.020922501857317102, 0.0347422366402438, 0.01951995440853659, 0.020783856956097548, 0.019693453213414622, 0.017940222713414614, 0.020270248296951204, 0.09923832419207314, 0.20340225365853631, 0.0889154844207317, 0.004281292587195109, 0.010188761273780437]
            , [0.05017454261442008, 0.0021022881169278883, 0.19051619978558004, 0.47652321128526615, 0.004231936557993671, 0.025113946640752352, 0.010275704109717853, 0.006985765755485922, 0.03902495301567399, 0.012071616416300904, 0.004799092926018791, 0.02689441315736679, 0.010547564580564217, 0.05848790535235107, 0.012802643912225721, 0.025699461793103465, 0.022026492263322817, 0.015409138875235033, 0.0015797903187460723, 0.004733332380564295]
            , [0.06368275947069948, 0.011590415381852553, 0.021834222791430324, 0.01724536061121619, 0.006982477493383724, 0.02318036066792694, 0.010150179431001875, 0.012098806849401365, 0.018982633768115854, 0.015047930604914828, 0.008655281082545718, 0.039241282362948965, 0.013389589471329549, 0.01444331604284816, 0.01598394469439203, 0.2857970000000002, 0.3894345022054195, 0.022115072526780126, 0.003232336106490241, 0.006912524664776307]
            , [0.05315210206309147, 0.010535263439747637, 0.05205291280757098, 0.04000976952681385, 0.02502872083280757, 0.0387035720757098, 0.15323944277602528, 0.021486841949526783, 0.049923737583596216, 0.03742793536277598, 0.013884044731861209, 0.18654079936908505, 0.01731929144479498, 0.0605780848643533, 0.053422683400630916, 0.0634228981955836, 0.04236912585488961, 0.027770509608832802, 0.00796650689274448, 0.04516575895899053]
            , [0.016834686169665866, 0.0036216273391388044, 0.003897119957583503, 0.005461184946015427, 0.013565632827120835, 0.0054042275366324236, 0.00293312433997428, 0.521833424807198, 0.005660511115038527, 0.10673110307197943, 0.026465191213367614, 0.004959158548843219, 0.0031407029170951936, 0.004233303050128527, 0.004599205122108006, 0.007276528692802008, 0.019207165623393252, 0.23829268904241654, 0.001259295059383025, 0.004624119259640059]
            , [0.08640335895424837, 0.009033985269281052, 0.061413313732026145, 0.051699021954248386, 0.02436551130718954, 0.15470864601307183, 0.022265296928104576, 0.029851289287581663, 0.04018728241830066, 0.04986442862091501, 0.015480140307189569, 0.04234952188888889, 0.1583612446405229, 0.03323632462091502, 0.0411202495359477, 0.06408312824836601, 0.04463567854248364, 0.038947567352941186, 0.010127599088888887, 0.02186643680392157]
            , [0.02830584383357051, 0.007954289007823615, 0.006602843492176373, 0.00996764962660019, 0.04808173594594594, 0.00871835263584634, 0.00760050005263159, 0.09269769211237558, 0.012309647113797999, 0.39590156187766695, 0.22125027027027036, 0.009038235419630093, 0.006432038019203411, 0.019768469167852062, 0.01294778873115219, 0.015126143499288772, 0.022410846706970154, 0.05583677309388338, 0.004986886805120897, 0.014062429401137954]
            , [0.055653851707670024, 0.015085810746020261, 0.02820274173227201, 0.027581691266280774, 0.08498705400868303, 0.04486437949348768, 0.030130128892908826, 0.03659682518089723, 0.03165727704052098, 0.07798761624457307, 0.026323646244573083, 0.029334980397973956, 0.02307042397973951, 0.02974710945730827, 0.042704896722141825, 0.046898830057887114, 0.04065633658465992, 0.04501014571635306, 0.21085252098408097, 0.07265374664978297]
            , [0.03869762987042689, 0.008268464339939025, 0.01687002557926829, 0.015876138560213388, 0.17920905243902394, 0.02407161322408547, 0.03598192515243903, 0.023387221333841322, 0.01795386268749999, 0.054529662400914634, 0.017768811882621947, 0.02082893237042682, 0.012066360076981704, 0.018720329759908567, 0.02289665592835363, 0.02943528449695121, 0.027873256737804924, 0.030413530693597507, 0.1859137240091462, 0.21923751440548744]
            , [0.027983651641144545, 0.0030840675228151516, 0.5264155274555296, 0.07501142633797371, 0.004304996081979824, 0.032481223562258285, 0.016735933597834485, 0.007723919508120625, 0.02185706343464812, 0.01247420156921887, 0.004132104351121397, 0.14860872819025528, 0.009010338034802768, 0.018430597594740902, 0.013247948298530626, 0.03611236276798144, 0.023325224626450092, 0.010011616787316352, 0.0022269288265274606, 0.006822143915699953]
            , [0.32952410087370904, 0.019314476643367745, 0.011198541204924563, 0.012521388301826843, 0.007263209175536134, 0.049368702369340746, 0.006996283941223213, 0.009196155967434408, 0.010984821561556758, 0.012735495940428915, 0.006602892166799067, 0.017831745796663998, 0.012612604003971434, 0.011934092503574287, 0.010772067605242339, 0.37068369340746604, 0.06675277719618745, 0.024182069523431243, 0.0024737613546465392, 0.00705111926211276]
            , [0.08166895765676567, 0.003570762207095707, 0.013332951848184699, 0.017092969475247494, 0.005020909202970297, 0.014749061113036317, 0.007495498754125397, 0.009460652943069331, 0.014639651221122069, 0.017692706070957187, 0.005571546336633634, 0.010411469029702962, 0.6795097458745871, 0.013808019240924087, 0.012472512628712885, 0.0433785231930693, 0.025272850577557765, 0.017272807268976897, 0.0024514029554455422, 0.005126999202145228]
            , [0.054715157233741735, 0.0025037905676719967, 0.04638443636286521, 0.22235187276154553, 0.00915231693496699, 0.023127679381715303, 0.013557008667295015, 0.02095113014985859, 0.2787152582469367, 0.026212013144203572, 0.009539744892554184, 0.041600683431668235, 0.015240509169651254, 0.07508925361357206, 0.047219849590009425, 0.03086973389538175, 0.042871908784165906, 0.025939553406220575, 0.002638077843543824, 0.011320014214891615]
            , [0.07097966156993342, 0.013476553049476689, 0.021262262126546166, 0.015425583245480434, 0.007603647195052306, 0.026905367935299768, 0.009324614423406277, 0.01099046750713599, 0.015371372449096081, 0.013322979431018081, 0.007072016249286408, 0.03594023457659372, 0.018289777833491894, 0.012571624042816348, 0.015615374081826824, 0.419289404376784, 0.2593653843958135, 0.01794437454234065, 0.0027408184119885708, 0.006508482137012352]
            , [0.05962347979657384, 0.011516847653104926, 0.02675704302997862, 0.02994386805139186, 0.03571099953961456, 0.03327573168094215, 0.018277145963597426, 0.0756612430085653, 0.03920065782655248, 0.11892971873661663, 0.2530291627408992, 0.026924204796573856, 0.016941578267665954, 0.04306265351177731, 0.03428192101713064, 0.03528580319057817, 0.044984489860813714, 0.06299118116702355, 0.00929201391862955, 0.02431024734689507]
            , [0.025776907593896628, 0.006988710403755866, 0.009507917399061004, 0.01669401637793423, 0.005796566122065722, 0.016629909812206516, 0.025690378280516433, 0.01116922339201877, 0.15082692901408448, 0.024085987769953007, 0.007468310683098587, 0.018720925892018788, 0.008201313523474203, 0.039578058474178404, 0.5653996561032865, 0.024587265504694887, 0.01922738029342725, 0.012944159483568071, 0.0031630891795774666, 0.007543287791079774]
            , [0.08071072237089202, 0.014323607492957746, 0.008389797940140928, 0.011119074457746493, 0.01205562339553988, 0.013369384748826256, 0.004611459169014096, 0.11577697320422536, 0.00846897468075121, 0.05175472492957747, 0.017560682703051646, 0.007268271881455367, 0.007435390448356751, 0.007492327174882657, 0.010852599671361533, 0.016126882071596196, 0.03387938177230049, 0.5686931760563382, 0.0025606213477699473, 0.007550359995305164]
            , [0.03224656783132535, 0.0030588737024096375, 0.018171102553012082, 0.04387944202409638, 0.006057577395180723, 0.015787014221686706, 0.0133702565554217, 0.013588931937349391, 0.5171143301204824, 0.016980241466265006, 0.008351105422891563, 0.04145296149156627, 0.008870025872289158, 0.049450910974698795, 0.1176566136987951, 0.02315304088795181, 0.046024796638554216, 0.016145878409638492, 0.002681753669156626, 0.005958566193975886]
            , [0.08135974073112584, 0.022179207915231786, 0.01960043259867547, 0.016058136468874155, 0.01487005980794704, 0.04758951598675497, 0.010563128737748326, 0.015200774317880715, 0.018270928266225187, 0.033483081854304673, 0.008785367491390726, 0.04292712943178808, 0.015604307839735106, 0.013395167733774804, 0.019009511377483468, 0.5049308887417218, 0.07699826845033111, 0.019638450582781457, 0.006462387366887409, 0.013073526829139086]
            , [0.041475962258543796, 0.0066763335126300135, 0.020694564029717713, 0.014451564711738488, 0.005741335263001517, 0.014830344985141124, 0.006615272202080243, 0.016168353349182804, 0.032447638885586924, 0.01705716361664178, 0.007928750124814258, 0.03339524520356611, 0.012928963096582466, 0.011268539150074246, 0.012263960359583922, 0.15805501309955422, 0.559071961367014, 0.019696263714710234, 0.002599572747399701, 0.006633210265973223]
            , [0.033619347025411105, 0.008643196802690581, 0.029916346292974585, 0.0243881687593423, 0.02667946722571002, 0.017224924185351258, 0.4084068759342303, 0.015017425934230222, 0.031626246292974614, 0.029083798325859472, 0.011493920059790727, 0.07929437180866963, 0.012418574559043351, 0.07970713142002991, 0.03810956934230195, 0.031116244140508252, 0.02749186905829596, 0.020189969671150984, 0.0067087271449925235, 0.06886380557997007]
            , [0.014393511787556837, 0.005732482350531112, 0.008040350740515949, 0.007417119567526588, 0.12439618986949927, 0.011729161487101666, 0.052108671277693475, 0.011612809983308083, 0.010072022924127504, 0.019019107056145693, 0.005940576676783011, 0.01433243496206375, 0.004884405490136592, 0.00873418836570563, 0.009489582740515923, 0.01597291819423373, 0.013314113247344495, 0.015318175326251869, 0.015521418946889229, 0.6319707769347496]
            , [0.02472456884580153, 0.007336183387786263, 0.10359648337862598, 0.021447737633587788, 0.008241642258015242, 0.024902567804580167, 0.04208214198320611, 0.010411181053435088, 0.040407395129771, 0.013403314343511358, 0.007341049192366413, 0.5206972259541984, 0.007385326283969432, 0.018545928326717556, 0.016208933948091593, 0.06441305853435114, 0.038535676122137416, 0.013653925937404575, 0.002632533607633592, 0.014033128412213734]
            , [0.05174626999999996, 0.40713213333333337, 0.02971455565, 0.03138894029999999, 0.018927889166666673, 0.050423225700000004, 0.019018239916666665, 0.032220864233333334, 0.03439624728333332, 0.038536666950000034, 0.014461100133333337, 0.02558053894999999, 0.029481095633333333, 0.022824182733333358, 0.029187174766666667, 0.05402895445, 0.03830271948333334, 0.04431641385000003, 0.010896071628333334, 0.017416719444999992]
            , [0.030397887504520736, 0.007458691195298369, 0.01706115730198913, 0.015829559963833645, 0.08429299869801084, 0.028437831717902394, 0.01712422461121157, 0.017703897016274873, 0.017506333160940336, 0.04579620679927668, 0.014015870777576853, 0.017785612694394187, 0.016563032028933097, 0.016439717866184457, 0.02452364920433998, 0.02708885477396026, 0.02435236783001809, 0.026681127685352607, 0.4640174068716095, 0.0869235444665461]
            , [0.012277489302325653, 0.8078651569767441, 0.009372896265503868, 0.016819574825581406, 0.00706946520542636, 0.009544611550387612, 0.007105719631782935, 0.009455598709302314, 0.012350082945736453, 0.011087546918604599, 0.004925580042635668, 0.008036851372093055, 0.01183925935465116, 0.009244611643410852, 0.01051295297674417, 0.020790054263565887, 0.011735081937984539, 0.010037418081395355, 0.003396816344961237, 0.00653323970155039]
            , [0.013897731612200453, 0.008627728779956432, 0.006827108845315857, 0.008806379461873598, 0.6102005446623092, 0.008018615477124187, 0.008784177760348573, 0.026324058326797385, 0.009462891117647074, 0.10986253202614378, 0.017718839189542483, 0.00836780234640521, 0.006051369945533753, 0.0075444621481481206, 0.006843041542483615, 0.02322248488017427, 0.01416789908496733, 0.019826448431372545, 0.012243992864923748, 0.0732019248801743]
            , [0.01439979447284348, 0.0037035647891373834, 0.009246288351437669, 0.00939816186261979, 0.031666761916932906, 0.01453811663578275, 0.006611853309904162, 0.007812905776357758, 0.008873546233226823, 0.019938555843450487, 0.008248833460063894, 0.012979924274760402, 0.007339747198083033, 0.009480756964856216, 0.010629538591054324, 0.012646105511182094, 0.013453857060702838, 0.013193479923322635, 0.7576104504792329, 0.028227748146964847]
            , [0.020737648564356503, 0.0035901026336633626, 0.009518413123762379, 0.0663389197970297, 0.007574833247524733, 0.013452434445544538, 0.03930187478217822, 0.012346159999999967, 0.04495461277722773, 0.041270878316831676, 0.022514226564356435, 0.016887015099009917, 0.011329402693069306, 0.5761155445544553, 0.03715711701980198, 0.020828092029702955, 0.024929996386138617, 0.013825756683168329, 0.007832720500000001, 0.009494229915841569]
            , [0.01645733005780345, 0.0030376026705202248, 0.008954626815028906, 0.010220866838150301, 0.01269587705202311, 0.011718749421965317, 0.004294400757225442, 0.09406345566473989, 0.019090731346820815, 0.11622146265895957, 0.5526892369942198, 0.009253793069364157, 0.006703247208092473, 0.019291034468208096, 0.007993045387283237, 0.015478317803468214, 0.03239256543352599, 0.05027262971098266, 0.0021861022699421907, 0.006984968312138733]
            ]
# The number of clusters.
n_clusters <- 192
# The base file name of this file (for reproducibility).
fn_distributions = "udm_0192_none_rb"
