# This script is generated automatically.
# Vector of amino acid stationary distributions.
distributions <- [
              [0.06891790282109764, 0.01861332188275399, 0.05474438209419547, 0.06203146514117768, 0.042141474729848735, 0.0589038567502419, 0.031467866909443934, 0.06009817928638483, 0.05750032707982495, 0.08826238863068503, 0.025546220310951908, 0.04674446345498923, 0.04242500298171557, 0.046650002186051205, 0.05592872539753606, 0.06350106329669696, 0.05474022838097027, 0.0679146325784601, 0.016616505880240905, 0.037251990786406494]
            , [0.07138011491481969, 0.01563715493486051, 0.04393054573878039, 0.053438163361175524, 0.04073126847530048, 0.049234151135185804, 0.025984525838626087, 0.0623708286939023, 0.04932479941696993, 0.17263222392215294, 0.03304475223453526, 0.036749759931359545, 0.03191813036398723, 0.042647753313485505, 0.05162323523679568, 0.05370773839976836, 0.05059845312437971, 0.06862035288041682, 0.013052688303534026, 0.03337336108336089]
            , [0.16874683841605226, 0.017872482450069758, 0.04833971994286101, 0.054213896971629844, 0.03206639279512988, 0.061718637798817366, 0.026106054736861332, 0.047148589410670454, 0.04581595587701818, 0.08210503585775028, 0.023433898679157524, 0.03659614603913359, 0.034489328097368925, 0.04335668835990965, 0.05295375686665338, 0.06508753239751511, 0.05547484367782872, 0.06400125226230817, 0.012168456408743611, 0.028304489935153804]
            , [0.08442003933289421, 0.008899953829692216, 0.09123167940608205, 0.09844953218794616, 0.014693886147253674, 0.061944050923628646, 0.03180964418534782, 0.02168835688955971, 0.07912565090679546, 0.038462043604090924, 0.012611588130091198, 0.07183712034837325, 0.03614953941779195, 0.07029321209755891, 0.059684645957112065, 0.09624833206352687, 0.06776100527390497, 0.03193522835744848, 0.005658374550503165, 0.01709611301913865]
            , [0.07274331952806336, 0.018018392110778735, 0.04058719693409746, 0.05037083192314167, 0.034781499714478324, 0.04661666548626332, 0.023720670012304063, 0.07865816879993257, 0.047817049695769366, 0.08656698484493515, 0.027127679377633586, 0.03432528538471262, 0.03214948413665094, 0.0364178900210686, 0.04712018173183888, 0.051522089990308426, 0.061448094267655504, 0.16803108587139676, 0.011397106248904438, 0.030580328709716803]
            , [0.06678264579140895, 0.012096718805264091, 0.04719950454309031, 0.065439300803067, 0.029622293268765105, 0.04583371417406511, 0.027741040221504795, 0.05087361595596808, 0.14429365029593816, 0.07433753297237923, 0.023602646556362655, 0.04660662672540579, 0.028887701482647236, 0.052864086782799746, 0.07084694109855616, 0.059110596041162214, 0.05709562760514752, 0.0583325812783607, 0.008960646720383818, 0.029472525888440525]
            , [0.07534339183278116, 0.011353697679873015, 0.06455049660224552, 0.14818659870697562, 0.030791373391312334, 0.0477252491022456, 0.025767170403552364, 0.05160460248159395, 0.06143775165792378, 0.0788313801044542, 0.021795206179826956, 0.040109725133443797, 0.03250619238790724, 0.05003007345067191, 0.050694128443769554, 0.056279022519786455, 0.054223869977912766, 0.06075002946760531, 0.009450085100639603, 0.02856995508834899]
            , [0.0940674785700895, 0.01070924459277311, 0.05422495595069598, 0.06461646415803533, 0.026616298133851995, 0.05230676913671084, 0.023876294204855417, 0.03985341280170575, 0.053140931405539674, 0.06363278289872074, 0.01791036525837749, 0.037305111076065024, 0.16249471698926776, 0.04120003115573886, 0.047895274654824946, 0.06747252965271593, 0.05415297209073443, 0.05458029365937113, 0.009908692456765247, 0.02403537962019031]
            , [0.0631815536536658, 0.01469336141504312, 0.019870759156993996, 0.024693299783001964, 0.05739096730733165, 0.030436199119632447, 0.015590326133086495, 0.13562761964419665, 0.02525444731216009, 0.21874112446090324, 0.04549120564977502, 0.018461247582973895, 0.018699253151808627, 0.02229622432777056, 0.02837817846207592, 0.03207113866866689, 0.04313773872726426, 0.14274973830395643, 0.011219954592030752, 0.03201565585350645]
            , [0.07298842323583646, 0.015118571276795055, 0.04735517185609652, 0.05651714506452741, 0.03090655934122275, 0.04930316461258653, 0.025344928646967958, 0.053494136448751735, 0.054507556293288156, 0.07264602952314525, 0.024271372204394837, 0.045357578179779756, 0.03244768268438885, 0.0445820649409537, 0.050188181807763216, 0.07449446559220685, 0.1404445591011011, 0.07016360639443919, 0.01116686790522697, 0.028701936724749584]
            , [0.08060412243322852, 0.022119486577554824, 0.04831022914183014, 0.05180505631521143, 0.03404939731865607, 0.05750020538465381, 0.027587444777794415, 0.045922759244670826, 0.05022045407518346, 0.0723016959387949, 0.022316483187559293, 0.04898766576756029, 0.03549470464794569, 0.041814491988417954, 0.04802661308122411, 0.14854947747990627, 0.06334654693525038, 0.057605539262143526, 0.01180834277210324, 0.031629285611302474]
            , [0.07219016210042867, 0.01412560255194938, 0.05171323824556033, 0.051948662286691226, 0.03696381975913451, 0.16737103255766422, 0.025208204071902426, 0.05413858586497245, 0.04839468435701161, 0.08198181054807097, 0.022114846876913653, 0.04102907832823025, 0.034888445477138194, 0.03685021546744234, 0.04863427353082263, 0.05382194003061847, 0.04942692322667889, 0.06388664452337207, 0.012787902921361503, 0.03252392664727496]
            , [0.08698772631289874, 0.013685073188127598, 0.045083974048821036, 0.060415299520665745, 0.026441282808155376, 0.04864643614036067, 0.03518130357925108, 0.039466890918169094, 0.06218406653980581, 0.07508887268404989, 0.020310074796116486, 0.03656622763772538, 0.028924481907739254, 0.05756458635395289, 0.16103455499583902, 0.05633395343911237, 0.05519557969930651, 0.05399253069348115, 0.011465795389791955, 0.02543129684809993]
            , [0.07819915977984951, 0.004711869078445488, 0.08409854167640135, 0.16179395411658953, 0.010449251271481715, 0.0360513077434574, 0.026343309805627317, 0.018666894868639858, 0.1366150496798831, 0.03221813071942015, 0.011102768175839597, 0.05840570248736377, 0.021960883991744333, 0.08611781473211265, 0.07192721578849831, 0.06326778457710884, 0.05502585653712232, 0.026537387938335648, 0.0032921591908794505, 0.013214955044030242]
            , [0.06603904671609379, 0.015578306871919592, 0.04051906397381806, 0.044242236585184266, 0.07411659247549326, 0.04647866599826281, 0.042397310928154824, 0.048419752523265996, 0.04481717146978536, 0.0784583257680854, 0.023499438259709637, 0.039632757657277584, 0.026717114954584918, 0.035231426959920556, 0.043686707856433846, 0.05314604797121229, 0.04709713566571539, 0.058038322989824906, 0.02932561493851593, 0.14255896016255123]
            , [0.060464124473599806, 0.013122802717713477, 0.041418373008917625, 0.04746146356194267, 0.03896150795791365, 0.04989991245460969, 0.02185754096298198, 0.18172326643998266, 0.048137655238981183, 0.09692520513504845, 0.03184764007775711, 0.03561603491691794, 0.02677941030859049, 0.032083281323538854, 0.04229138039263487, 0.04623716231025837, 0.04781615830756401, 0.09279641866619609, 0.010962062223968694, 0.03359859792583563]
            , [0.07373601308641976, 0.010892035458292513, 0.15673188175582997, 0.06232697294532627, 0.032718248052126205, 0.05740095773009338, 0.02740898836044157, 0.04855120578352609, 0.05327296781697041, 0.07280349493500554, 0.0200930691514795, 0.05215682903128879, 0.03581767219086811, 0.0399245148507414, 0.046584683581553314, 0.05794399944934349, 0.052104162535110056, 0.05730314917695467, 0.011870977770723105, 0.03035817925011431]
            , [0.19780370977015402, 0.004920544575028855, 0.08722329954437584, 0.1346923139751847, 0.011595947721065692, 0.04675388806020742, 0.021464734854837627, 0.019045388727303596, 0.06654820121296363, 0.038559212107939625, 0.009944609666553673, 0.03381712800461044, 0.029651820186182183, 0.0702721834402332, 0.07397989633737874, 0.060592074493864015, 0.04793256380500378, 0.02991620875055928, 0.004805768399037224, 0.010480508167943506]
            , [0.06382262930100671, 0.011105892678874222, 0.06693670646816953, 0.05384859145682691, 0.027046994506380265, 0.05808203125762089, 0.03684531731107331, 0.03830436582404663, 0.06620267316815541, 0.0525940561959452, 0.017363211567914365, 0.16487873499929095, 0.024859784433645254, 0.04788535157450729, 0.046817436661704216, 0.0801138899007514, 0.06054135149439955, 0.042873899939033164, 0.009254944618205026, 0.030622139823550266]
            , [0.06732321853566067, 0.015882381399670936, 0.03670816831275489, 0.03955646021103097, 0.15527961224694192, 0.047115914868731706, 0.03025383875470349, 0.05757707437227273, 0.037327837939051395, 0.09386203572000858, 0.03150718937048435, 0.0335515477888261, 0.026558164228485552, 0.031064673192646053, 0.03939042111452891, 0.0495409861599542, 0.04525170716431787, 0.06508413508262391, 0.0294197926527648, 0.06774483715573362]
            , [0.06709525789347692, 0.01395242507514961, 0.0300279528408139, 0.034643275866995615, 0.04732405184410532, 0.03987532637342905, 0.01993242567616696, 0.06768035774910233, 0.03303647715237888, 0.29415139078396113, 0.04769321365701676, 0.025902472561340546, 0.021401609148788164, 0.031010963497157346, 0.04079656924970082, 0.03827749080939545, 0.03860802187462596, 0.06632015765260327, 0.012678919149087373, 0.029591641613554764]
            , [0.03208020757586354, 0.0086910152961041, 0.007325592493608271, 0.010377048414624682, 0.05867115070194805, 0.010503031629584637, 0.00782329728070312, 0.1641289065248826, 0.01122365913795468, 0.38902896690001443, 0.07926960457510276, 0.008427595673946145, 0.00798410779432341, 0.012830891739765485, 0.0133840233632629, 0.014554754613681296, 0.022296255538730596, 0.11722452797397648, 0.006808787817021779, 0.017366575075026675]
            , [0.07581707199428665, 0.005121720857288464, 0.20809544919703543, 0.19156731050802958, 0.00902750112870613, 0.052777378436534905, 0.02349123447035205, 0.013324986314391704, 0.057103539641754165, 0.023234286379014812, 0.00853231995166771, 0.06742998719093579, 0.029956799147004273, 0.05581615612415075, 0.035639916401327965, 0.06327883151559605, 0.044595691185917184, 0.021167805535978745, 0.0034544721077980223, 0.010567538366815819]
            , [0.06225234421983829, 0.014783151051397006, 0.020503355708109884, 0.026854872498758987, 0.035002571740853416, 0.02919249806180433, 0.014406591473220683, 0.18695028080217768, 0.027865759459370705, 0.11447845000480353, 0.03310920639508448, 0.020538177418941688, 0.020473156988391604, 0.0215024225370267, 0.027761147361780505, 0.035546990416299835, 0.05672205383476103, 0.22068766647986526, 0.007523676761188057, 0.023845625750940753]
            , [0.05798608738748896, 0.008760579975477, 0.030876198310119965, 0.05946695677562195, 0.011529871778439726, 0.030402971026487563, 0.03801139628210293, 0.02074108145366696, 0.18298233342726036, 0.03930915116496227, 0.015480199332662424, 0.0455850587287658, 0.018247984708316626, 0.08854091107157246, 0.20198179386522877, 0.05333034315272519, 0.0479840021882296, 0.0284812323468318, 0.0055376728562112785, 0.014764175758393075]
            , [0.3127961480971656, 0.022991987336842115, 0.03389955072493922, 0.04043113303076926, 0.022766805523562705, 0.06415068431012146, 0.018245013752631593, 0.03677603573546547, 0.035036033608906864, 0.05856362084939272, 0.018976066992874505, 0.025170301670850194, 0.02737649668777333, 0.02981881921781377, 0.037806949348987914, 0.07318122037327933, 0.05452284409716597, 0.05995624744858303, 0.0075827787213764986, 0.019951254762267216]
            , [0.20555455834346434, 0.022462371339897903, 0.036738871138666, 0.03914953287867731, 0.01583738063951707, 0.0674804507415512, 0.0179460918069536, 0.025344664094659006, 0.03443507314288036, 0.03619268953732074, 0.015044410924386088, 0.04186355250668611, 0.03745635197730774, 0.03383584750871221, 0.03093027520220442, 0.17638633454088679, 0.09498322391198644, 0.04737280626874146, 0.005594716850417354, 0.015390786781424737]
            , [0.033194296985475935, 0.007804350345750848, 0.00684881790101137, 0.00964651605429219, 0.04033752859557361, 0.00972567351897672, 0.00643998158597733, 0.2650420045820008, 0.011079677439266897, 0.2634258114463568, 0.05845564920463368, 0.007842748759920554, 0.007695608070516894, 0.010318078398547682, 0.011143887259445089, 0.013823543442292835, 0.02719891220627653, 0.19174327659047297, 0.004342116088717915, 0.013891524112820991]
            , [0.06537171225160113, 0.010307426471820664, 0.05999532957456541, 0.042465793631290036, 0.022529795429094213, 0.3271815052150039, 0.020957068804208608, 0.03453480044830749, 0.0435046377923147, 0.049847998068618726, 0.01453250266770359, 0.0582658072153706, 0.023525248416193995, 0.032127796662397, 0.0375922133769442, 0.05318599494693515, 0.03551994718115281, 0.04046686249588291, 0.008256592116029268, 0.01983096924775847]
            , [0.09522764395585577, 0.011055795701455613, 0.08321123036628292, 0.05952009274379222, 0.016192389170488087, 0.19202036047949836, 0.02587450196727238, 0.020251785720483244, 0.05253527971743886, 0.032753614050994355, 0.012088633630482395, 0.07562887655789194, 0.031838839883455435, 0.04297341809818286, 0.04419161021120735, 0.09844457386071753, 0.05201958234230806, 0.029105776058414842, 0.007061659451774337, 0.018004329884121376]
            , [0.04050988423013818, 0.01313961822000193, 0.018520851286803752, 0.0201710203272518, 0.19718372252051317, 0.02349464059368684, 0.05132230390018342, 0.03387627300511639, 0.021622803989381115, 0.07487977203591087, 0.021620396013128686, 0.025034058016217806, 0.013884788291437435, 0.0221935617154165, 0.025283094045757196, 0.03294128617820257, 0.029213508197702617, 0.03986067940824406, 0.053561295467998975, 0.2416864391253996]
            , [0.11480800356801105, 0.0071806926074894865, 0.045388488650522446, 0.05460087311688311, 0.014815718229665115, 0.04068215947173137, 0.01724538519900402, 0.024701579314813142, 0.04344023867688699, 0.04118495375461377, 0.011755303351723463, 0.026275530227516806, 0.3122715012205841, 0.033737662816814784, 0.036146991736158623, 0.06959156373108094, 0.0475103745767015, 0.039817627165315866, 0.005675321172346436, 0.013170026542720432]
            , [0.08497393054652878, 0.015028613631304777, 0.05105871514524865, 0.044013915971442594, 0.01461298202205805, 0.04945412045297889, 0.021667865026686356, 0.022159587536976798, 0.046319787657311665, 0.03144440284953241, 0.013596891236730706, 0.07577246315312627, 0.028470149533628787, 0.03686566000196945, 0.035689954748104394, 0.21340083141309746, 0.1606687219793202, 0.03378044993205325, 0.005759075196799597, 0.015261879491678999]
            , [0.09158517802579867, 0.004244445295626316, 0.11048433742446853, 0.28838812486143284, 0.009633034234606541, 0.03348310020810219, 0.018822231348886418, 0.016997862552252226, 0.07263494860022177, 0.027423364175249446, 0.009410155599213935, 0.03851599177567267, 0.024129223043736794, 0.07867242894699189, 0.04009720747888741, 0.049891633749974816, 0.043560534643756935, 0.02817659216497021, 0.0035087319980146997, 0.010340870755215167]
            , [0.04504673217662499, 0.009456374104453939, 0.006209394426789368, 0.009682030207266122, 0.022773961885095156, 0.009440261892646032, 0.005653211443751388, 0.2711642534252578, 0.00988235368833442, 0.15204246094769108, 0.03782167125191509, 0.0077288513060845, 0.008886903690960814, 0.009380179507988654, 0.009887762512256495, 0.015606588060735324, 0.036836202812431544, 0.3201983792952511, 0.0033671979523527996, 0.008935224974392583]
            , [0.055367341596531845, 0.005534032516705209, 0.22274552924855565, 0.08086146454335266, 0.010432943522427646, 0.07432248145317918, 0.028797943116184964, 0.013953126870751252, 0.05396440549364163, 0.021449075350173555, 0.007662015581156097, 0.15998557366473948, 0.01997142442612726, 0.03904393206843931, 0.030092210362890188, 0.08501726988092484, 0.05144618811213873, 0.019512981892485473, 0.004424493774682094, 0.015415568563468252]
            , [0.22241352067634002, 0.03171904189386851, 0.019128784303299742, 0.0239043061566815, 0.021638281873040014, 0.03512860970044455, 0.013080251448513913, 0.07219636998244791, 0.022255972528668483, 0.07060171414462915, 0.02540739475157969, 0.019095982962321595, 0.021807592521530545, 0.019821852078867434, 0.02420008956049622, 0.057536176717762684, 0.08506761766206414, 0.1928524746899136, 0.006159769853498711, 0.01598419929358766]
            , [0.07648540351651062, 0.014455804410916708, 0.038432760087481505, 0.04596941465500248, 0.0192067959080828, 0.03563222653770319, 0.01877629949051255, 0.04651225281049784, 0.05029420341670775, 0.04801314589945786, 0.02048184909438146, 0.04100631895884673, 0.022033343588220816, 0.03393166953178906, 0.040809211292508626, 0.08888559365081318, 0.2595516530310507, 0.07317640675579103, 0.0074393437975603756, 0.018906312847954625]
            , [0.019766410992675218, 0.006484419660330879, 0.006227945767365524, 0.007316348712932651, 0.05564200821116449, 0.0072312990356148965, 0.006256422083480533, 0.10213882473983316, 0.008305795570977478, 0.547972092194998, 0.08902082021343763, 0.008356366860823347, 0.006542515659636289, 0.011309884510734954, 0.00959257075082083, 0.011701375202197523, 0.0153713096148018, 0.06324114386082347, 0.0053092997400101, 0.012213153115180557]
            , [0.07139210403219315, 0.008791843707632457, 0.04102290816914814, 0.08241804065714287, 0.016599599728906664, 0.0333713995584172, 0.04405755626371558, 0.027031679931455464, 0.07933045433682095, 0.05594258505969139, 0.022191198030583503, 0.04545441039034206, 0.021433417237826963, 0.20873197719651282, 0.07476640910999331, 0.05508998667471501, 0.051940486384976545, 0.0358678621797452, 0.0062732680925553265, 0.018292809538564762]
            , [0.08522162766577504, 0.0075454854110939005, 0.04420517279008864, 0.02828340333929321, 0.010865156994368526, 0.5174366112910024, 0.013516632317189867, 0.015041193594537643, 0.027716130152752372, 0.022771905229058184, 0.00869749854469943, 0.04655088029804308, 0.014920222881458577, 0.02076134433830772, 0.02421494701168526, 0.05296302277206809, 0.02392537738842753, 0.020192765423623762, 0.004260395179811339, 0.010910232452062588]
            , [0.07081242285517547, 0.004784109630603099, 0.03993607203580751, 0.08303745927225288, 0.011375290441287302, 0.03146254317265876, 0.022840721433748917, 0.02396731150608864, 0.28291676253986875, 0.034987413984923055, 0.013950089603798206, 0.05532777673514059, 0.01811785882139744, 0.0740613276022036, 0.0795013505168165, 0.049991371290229014, 0.05456035525804581, 0.031199533600173836, 0.003806965617468818, 0.013363268561757027]
            , [0.03861974103680411, 0.01249051240170557, 0.01391129674850377, 0.016317995109964123, 0.19471426247755802, 0.020670470194344828, 0.020883378690903676, 0.07977695974416513, 0.016925598304009623, 0.24171765315679236, 0.05388786029922202, 0.016370483669359785, 0.012629960996110186, 0.017358225103979642, 0.019816238493865906, 0.025221175219928137, 0.02594500616247751, 0.06498012940305208, 0.02403162164721727, 0.0837314333467983]
            , [0.022533867650931974, 0.005870399980081176, 0.005192103284726378, 0.007018586617858966, 0.01742348399308482, 0.007454831964822925, 0.004317088823962766, 0.4322194987973535, 0.007602243723090776, 0.12132283805171365, 0.03154088138935656, 0.006482914922128671, 0.0047761375246541116, 0.005692541586440281, 0.007081944749398675, 0.010016449257817021, 0.0232117262372218, 0.27126496555772706, 0.002235411754089001, 0.006742074156794991]
            , [0.08953607687815657, 0.019421342587342166, 0.020312269592013932, 0.02578116334801151, 0.02127151836884465, 0.02797555764267689, 0.012552893227430565, 0.10927825789457069, 0.024495749704229873, 0.07439355277777782, 0.02206172326799241, 0.017714625762310546, 0.018064439088226032, 0.019152569426767633, 0.025786271634627482, 0.032335643896780335, 0.062199444417613645, 0.35556477430555666, 0.005487412830650245, 0.016614719764204578]
            , [0.037443902506631314, 0.007271235711787137, 0.003388874841677665, 0.005363210043600859, 0.009926360070954925, 0.004905032639920329, 0.0028903194197612836, 0.30641544818302346, 0.004824598856266293, 0.07184276483637272, 0.018276217978448323, 0.004359519802718911, 0.004098812339356758, 0.004525250496850111, 0.0050693506735743354, 0.008932633792108798, 0.026646613751657774, 0.46814615467506726, 0.0013925708030006305, 0.004281134924734753]
            , [0.056289675145934734, 0.01302905870448228, 0.040465950846073746, 0.04084097298297426, 0.04039497324426685, 0.03269259407922162, 0.21477446629603839, 0.026779151690409987, 0.045613300978109846, 0.049262005674079165, 0.017316634230368312, 0.07019475194232108, 0.019402071947880534, 0.06198330101633079, 0.05441905721160528, 0.05066847858582349, 0.0420787869284225, 0.03573978418693541, 0.013664095248436415, 0.07439088482505225]
            , [0.020281529611227117, 0.009901717110739183, 0.007868451133542509, 0.009427097459205197, 0.4195505859483968, 0.009294284870990127, 0.0250274591082636, 0.02736975565202239, 0.009444437997384918, 0.08439124027894, 0.020770793599023722, 0.01239061715603209, 0.0067475006525453095, 0.011078226237447704, 0.010674505380404417, 0.019394421115760042, 0.015334707445955345, 0.027204673172942742, 0.032396790372384965, 0.22145120976290145]
            , [0.05156292385611761, 0.002592982400420104, 0.26635748491475575, 0.3735849333099947, 0.0037890008615436635, 0.027987836744967576, 0.013159340697707005, 0.006360083655347501, 0.03655864929774198, 0.010961603521792346, 0.004862147512865369, 0.04148625895589007, 0.014445873619114317, 0.05238134206721508, 0.015272579796604256, 0.03367083076597226, 0.02552190583966396, 0.013206425120076998, 0.0014854525641169111, 0.00475234086136871]
            , [0.522675306292646, 0.021918270635595136, 0.013518270690864372, 0.01640549817551179, 0.008593477611827178, 0.07667070244143287, 0.00697731209571641, 0.018319485849128007, 0.013673817330553471, 0.022312142760235062, 0.009115877804397248, 0.011861077802501965, 0.01470115180894625, 0.011095386238248673, 0.013303722926269905, 0.10728394864272177, 0.05056062539234268, 0.05104360836239577, 0.002788061667721777, 0.007182254194844567]
            , [0.017201456406073762, 0.008315378871306206, 0.008206659361689642, 0.0087206224218416, 0.24838020031419109, 0.009328651096943648, 0.049482549589838457, 0.01559161272844077, 0.009610223607553002, 0.036517331259490006, 0.009996291231652701, 0.015103262276425947, 0.005756007269028578, 0.011055779994159812, 0.011000133339692394, 0.016991348528323867, 0.013784529692232733, 0.017595827903834786, 0.03172416315904221, 0.45563798228538177]
            , [0.2659573458522491, 0.01588206025959554, 0.025635354105447816, 0.026184441929426497, 0.01605827924061084, 0.2812881555922406, 0.01311630275340485, 0.020783706862979694, 0.02345052051960369, 0.03227220219149796, 0.01263175466735451, 0.025369041842756936, 0.02090352009533633, 0.01994398773813448, 0.023480823227404052, 0.08804890351423851, 0.03781995061700379, 0.0322359185142385, 0.005552072276516718, 0.013385658109987618]
            , [0.3637601162984578, 0.02434875599679032, 0.015394241461025332, 0.0181885302061277, 0.008505148764902014, 0.0631800549629012, 0.008595894154647732, 0.01403360668195093, 0.015064652731763203, 0.017848331476448667, 0.008858112463318076, 0.02056624099499788, 0.01771249134160073, 0.015429935304084992, 0.013749497122967927, 0.256460850354315, 0.0718450965777407, 0.03600537161108791, 0.002714550463026289, 0.007738511170904461]
            , [0.029864579946500172, 0.005323128815425784, 0.012685714870040103, 0.03188659657044135, 0.005587879988185336, 0.01685838758024974, 0.022099473451404377, 0.011830566334373634, 0.382341286892556, 0.021358907662728438, 0.010678026039901931, 0.033104380205082426, 0.010242748535220603, 0.060790201400579565, 0.26057371592510026, 0.029796764043691512, 0.02978228032991518, 0.015331489657824389, 0.002604572881208203, 0.007259288805171665]
            , [0.04132225551611414, 0.003950472510819508, 0.42234994912523055, 0.11285356666551573, 0.006504806040745881, 0.0413969167785452, 0.02100014941206261, 0.009668828430709035, 0.029442935923342642, 0.01596141553084715, 0.005900208904465947, 0.12860754351933706, 0.014580500206491775, 0.0277579509716851, 0.018094277180018437, 0.045284042555018424, 0.029765801973296552, 0.01429542965377529, 0.0028285870780156465, 0.008434367953038556]
            , [0.05903349442728733, 0.004283776091956681, 0.02211740073634473, 0.013759994965199203, 0.003120200036413917, 0.7580064491818375, 0.005561728693477815, 0.004853553696934923, 0.011867563084812169, 0.007257095669278887, 0.00325279555012677, 0.023179545946070555, 0.006447499937773677, 0.008768148959207259, 0.010283150830145318, 0.03221237181839132, 0.012335983598524933, 0.008655500432357813, 0.001643730218368283, 0.003360008484212945]
            , [0.10428525863355986, 0.022641267594354426, 0.026657153549398824, 0.020482307324882425, 0.012769146149503446, 0.047342325402509225, 0.012697833248039737, 0.015604326983795096, 0.021948998704913646, 0.024345162138525597, 0.009829497713538964, 0.04862995523549399, 0.021421154084945146, 0.017490540033455352, 0.020267171896759008, 0.39590490277051654, 0.1375471274777837, 0.02444783854260324, 0.0046181700018295725, 0.011069862107422876]
            , [0.09861508389302821, 0.004708432001889289, 0.022564585761309153, 0.02843878872458762, 0.008291077215540149, 0.02293444631426278, 0.010278101551889322, 0.014185500145290117, 0.023660290843533736, 0.02496418456040443, 0.007374144995476305, 0.01527048968972864, 0.555499298563066, 0.021220737308408674, 0.020421905338477906, 0.053448854486428964, 0.03189423015167638, 0.025333693430016103, 0.0034659426591272177, 0.007430208802554586]
            , [0.06317993621475704, 0.011223133157468508, 0.02577012705128971, 0.0194396778977206, 0.008143793896520767, 0.02268331037042584, 0.009911610580683912, 0.016248153924415053, 0.025311109688062352, 0.019336495349130248, 0.009572764927714415, 0.0397032057474505, 0.013991663808338356, 0.015154806937012578, 0.017367955069586057, 0.22974659838512296, 0.4152508395320933, 0.02662495421715655, 0.003552640792141565, 0.007787227880023971]
            , [0.037507294300861506, 0.008047679135520219, 0.014780447938701126, 0.027089393390987357, 0.00794935675844937, 0.02045651504638836, 0.03246680381345262, 0.014233684506295564, 0.1759374158515576, 0.030135356666666606, 0.010640617282306161, 0.025925497077534807, 0.012161467394632239, 0.05946948687210071, 0.427378647448642, 0.03350969554340625, 0.02864872613320077, 0.018301739367130435, 0.004910156752153725, 0.010450012873426173]
            , [0.04012835010850631, 0.008530143211989286, 0.1146340236480242, 0.033866268392163404, 0.012676386064969757, 0.04789036378064297, 0.04657749319658405, 0.014541843797722623, 0.04655075126188879, 0.019370817653717398, 0.009380332458472872, 0.36770422002679193, 0.01078599726590759, 0.02811638927963831, 0.025412671875083698, 0.08419831761051574, 0.04893005561955791, 0.018402141396517024, 0.003863147651105154, 0.018440281397521765]
            , [0.05579786268943858, 0.011696344156654884, 0.024770981685119733, 0.02953967490066744, 0.03666920856301532, 0.03117779254574001, 0.016957845342363574, 0.074571643702395, 0.03577136746917941, 0.16189861523360832, 0.23976437612877885, 0.02610433646093444, 0.016026547829996057, 0.03834079072359638, 0.032444621224185344, 0.03465519295249315, 0.04278535369061642, 0.05793925773066354, 0.009387398263722025, 0.02370079358814292]
            , [0.02933097545126348, 0.0067583700667870035, 0.015932907023465705, 0.015748834722924203, 0.07340433435920576, 0.026342848336642556, 0.016188524897111898, 0.016610290368231154, 0.01799863163267154, 0.04114538382581229, 0.014412818342057763, 0.01783301853610115, 0.014428371845667875, 0.016534634359205724, 0.023621210540613696, 0.02500789715252709, 0.022774860884476514, 0.02467349669314075, 0.5129674936823101, 0.0682850854061372]
            , [0.022918465616113798, 0.6827415521327008, 0.017075463368483416, 0.022640215521326987, 0.010540076500000023, 0.021036168767772492, 0.012406345248815178, 0.01703347300236973, 0.01985992646919431, 0.019917298412322273, 0.008023107431279625, 0.013080164049763008, 0.0186872089656398, 0.014413834357819885, 0.017735995599526065, 0.028619163827014245, 0.018431110485782005, 0.01863903742890996, 0.006761774436018966, 0.009439616476303304]
            ]
# The number of clusters.
n_clusters <- 64
# The base file name of this file (for reproducibility).
fn_distributions = "udm_0064_none_rb"
