# This script is generated automatically.
# Vector of amino acid stationary distributions.
distributions <- [
              [0.08404714326865821, 0.008979335019423806, 0.05764768301163038, 0.06457900357778376, 0.03859477907129725, 0.064273184249864, 0.021943063241773513, 0.0578098807751779, 0.059810736083429225, 0.08234991781719915, 0.017051267511610114, 0.051933433925448906, 0.04692942847913378, 0.050435103869508106, 0.05686418953363652, 0.06844795906226882, 0.06344004697166418, 0.06918121635611633, 0.007752028141655468, 0.027930600032720573]
            , [0.053177389413391576, 0.00619180645745177, 0.007639765436227482, 0.011019907444119894, 0.0618423997152674, 0.011755312347374924, 0.007496306539254462, 0.1763509509896392, 0.01144845472602465, 0.2895027245972545, 0.07033813915859692, 0.00924639714911117, 0.007945756739927127, 0.012313425403620846, 0.012988011798761289, 0.02475774723920593, 0.041408020795405044, 0.16338467722868807, 0.004300382757517103, 0.016892424063160657]
            , [0.08402612185002112, 0.002189643359845348, 0.20068475468131, 0.19713054860694543, 0.004146344978750872, 0.05157611588848632, 0.017876291350896224, 0.007488838067066888, 0.06630560785717632, 0.014201423705719845, 0.004924274027506823, 0.08560616499389448, 0.025991178132391178, 0.06490710420995406, 0.03884191532958287, 0.0652385139045012, 0.047696416923952586, 0.014360808047708536, 0.0014720342383492768, 0.005335899845940621]
            , [0.25921420344807616, 0.009664118681997373, 0.029619357867873494, 0.03313545110739843, 0.0065928265048865895, 0.06451897629173335, 0.008202730985963202, 0.02458715424681412, 0.028964215996908422, 0.031180022450301378, 0.008058078156628286, 0.03768008322873304, 0.05344626559934978, 0.026044685720233083, 0.023546612127425016, 0.17491446643802094, 0.11488552205485465, 0.05772877850479525, 0.0021839160892746417, 0.005832534498732827]
            , [0.06507507408402353, 0.0030325224059161073, 0.03613608884733234, 0.0728267179540384, 0.005324532620102627, 0.03147807194456755, 0.03471066252728001, 0.012236147377860577, 0.22378973964894056, 0.03603272981564039, 0.008122429440884293, 0.049534691778741174, 0.009215958147641383, 0.08912607879666694, 0.18132922452999534, 0.05150089590729468, 0.05264713857171908, 0.029154620729100966, 0.001979695228490394, 0.006746979643763596]
            , [0.030240194254617637, 0.0028383781218389585, 0.0017744497873050473, 0.00299721360382725, 0.021854882739869838, 0.0025951378644404367, 0.002024863030827501, 0.3421640517277057, 0.0030657711074605493, 0.1794378474857106, 0.04099338333265597, 0.0027744427402309965, 0.0022753264076359678, 0.003469369034944423, 0.0031121606180871176, 0.006023198843663914, 0.024310310765885808, 0.32402715446810854, 0.0009370469999655435, 0.003084817065218101]
            , [0.026530498227621258, 0.004953578248297488, 0.0065764045140824815, 0.007816772994351084, 0.3106644099457797, 0.007651697169878019, 0.04565298248997991, 0.02960212681233022, 0.008247354032318917, 0.07426629681178677, 0.014267376767218572, 0.011254195666137942, 0.005040980831476973, 0.009994607494751026, 0.009455867636807296, 0.02336697051606107, 0.014490522311870634, 0.03119946828023758, 0.04765111762493219, 0.31131677162408095]
            , [0.09307856634856293, 0.003761326961825837, 0.04093297653783109, 0.027570780688699607, 0.004886132362375043, 0.5695781496053153, 0.007859714641935543, 0.0071633546300503715, 0.02618133598186611, 0.017366558394437084, 0.004833795706627802, 0.04329353704737508, 0.00826629233065403, 0.02014918456247968, 0.02195613368094141, 0.054193505853510064, 0.023613878921138625, 0.018561170508311787, 0.0019082389415343184, 0.004845366294528302]
            ]
# The number of clusters.
n_clusters <- 8
# The base file name of this file (for reproducibility).
fn_distributions = "udm_0008_lclr_rb"
