20 A C D E F G H I K L M N P Q R S T V W Y
8
0.6900788495854425 0.0840471432686582 0.0089793350194238 0.0576476830116304 0.0645790035777838 0.0385947790712972 0.0642731842498640 0.0219430632417735 0.0578098807751779 0.0598107360834292 0.0823499178171992 0.0170512675116101 0.0519334339254489 0.0469294284791338 0.0504351038695081 0.0568641895336365 0.0684479590622688 0.0634400469716642 0.0691812163561163 0.0077520281416555 0.0279306000327206
0.07707920596053305 0.0531773894133916 0.0061918064574518 0.0076397654362275 0.0110199074441199 0.0618423997152674 0.0117553123473749 0.0074963065392545 0.1763509509896392 0.0114484547260247 0.2895027245972545 0.0703381391585969 0.0092463971491112 0.0079457567399271 0.0123134254036208 0.0129880117987613 0.0247577472392059 0.0414080207954050 0.1633846772286881 0.0043003827575171 0.0168924240631607
0.0647274241489469 0.0840261218500211 0.0021896433598453 0.2006847546813100 0.1971305486069454 0.0041463449787509 0.0515761158884863 0.0178762913508962 0.0074888380670669 0.0663056078571763 0.0142014237057198 0.0049242740275068 0.0856061649938945 0.0259911781323912 0.0649071042099541 0.0388419153295829 0.0652385139045012 0.0476964169239526 0.0143608080477085 0.0014720342383493 0.0053358998459406
0.05496989971681592 0.2592142034480762 0.0096641186819974 0.0296193578678735 0.0331354511073984 0.0065928265048866 0.0645189762917334 0.0082027309859632 0.0245871542468141 0.0289642159969084 0.0311800224503014 0.0080580781566283 0.0376800832287330 0.0534462655993498 0.0260446857202331 0.0235466121274250 0.1749144664380209 0.1148855220548547 0.0577287785047952 0.0021839160892746 0.0058325344987328
0.041896426413653126 0.0650750740840235 0.0030325224059161 0.0361360888473323 0.0728267179540384 0.0053245326201026 0.0314780719445676 0.0347106625272800 0.0122361473778606 0.2237897396489406 0.0360327298156404 0.0081224294408843 0.0495346917787412 0.0092159581476414 0.0891260787966669 0.1813292245299953 0.0515008959072947 0.0526471385717191 0.0291546207291010 0.0019796952284904 0.0067469796437636
0.028400156856133035 0.0302401942546176 0.0028383781218390 0.0017744497873050 0.0029972136038272 0.0218548827398698 0.0025951378644404 0.0020248630308275 0.3421640517277057 0.0030657711074605 0.1794378474857106 0.0409933833326560 0.0027744427402310 0.0022753264076360 0.0034693690349444 0.0031121606180871 0.0060231988436639 0.0243103107658858 0.3240271544681085 0.0009370469999655 0.0030848170652181
0.022404369490715725 0.0265304982276213 0.0049535782482975 0.0065764045140825 0.0078167729943511 0.3106644099457797 0.0076516971698780 0.0456529824899799 0.0296021268123302 0.0082473540323189 0.0742662968117868 0.0142673767672186 0.0112541956661379 0.0050409808314770 0.0099946074947510 0.0094558676368073 0.0233669705160611 0.0144905223118706 0.0311994682802376 0.0476511176249322 0.3113167716240809
0.020443667827759703 0.0930785663485629 0.0037613269618258 0.0409329765378311 0.0275707806886996 0.0048861323623750 0.5695781496053153 0.0078597146419355 0.0071633546300504 0.0261813359818661 0.0173665583944371 0.0048337957066278 0.0432935370473751 0.0082662923306540 0.0201491845624797 0.0219561336809414 0.0541935058535101 0.0236138789211386 0.0185611705083118 0.0019082389415343 0.0048453662945283
