20 A C D E F G H I K L M N P Q R S T V W Y
64
0.08842572900420624 0.0689179028210976 0.0186133218827540 0.0547443820941955 0.0620314651411777 0.0421414747298487 0.0589038567502419 0.0314678669094439 0.0600981792863848 0.0575003270798249 0.0882623886306850 0.0255462203109519 0.0467444634549892 0.0424250029817156 0.0466500021860512 0.0559287253975361 0.0635010632966970 0.0547402283809703 0.0679146325784601 0.0166165058802409 0.0372519907864065
0.04633003909907355 0.0713801149148197 0.0156371549348605 0.0439305457387804 0.0534381633611755 0.0407312684753005 0.0492341511351858 0.0259845258386261 0.0623708286939023 0.0493247994169699 0.1726322239221529 0.0330447522345353 0.0367497599313595 0.0319181303639872 0.0426477533134855 0.0516232352367957 0.0537077383997684 0.0505984531243797 0.0686203528804168 0.0130526883035340 0.0333733610833609
0.03845018987511544 0.1687468384160523 0.0178724824500698 0.0483397199428610 0.0542138969716298 0.0320663927951299 0.0617186377988174 0.0261060547368613 0.0471485894106705 0.0458159558770182 0.0821050358577503 0.0234338986791575 0.0365961460391336 0.0344893280973689 0.0433566883599096 0.0529537568666534 0.0650875323975151 0.0554748436778287 0.0640012522623082 0.0121684564087436 0.0283044899351538
0.03490559892091155 0.0844200393328942 0.0088999538296922 0.0912316794060821 0.0984495321879462 0.0146938861472537 0.0619440509236286 0.0318096441853478 0.0216883568895597 0.0791256509067955 0.0384620436040909 0.0126115881300912 0.0718371203483733 0.0361495394177919 0.0702932120975589 0.0596846459571121 0.0962483320635269 0.0677610052739050 0.0319352283574485 0.0056583745505032 0.0170961130191386
0.030298269345483297 0.0727433195280634 0.0180183921107787 0.0405871969340975 0.0503708319231417 0.0347814997144783 0.0466166654862633 0.0237206700123041 0.0786581687999326 0.0478170496957694 0.0865669848449351 0.0271276793776336 0.0343252853847126 0.0321494841366509 0.0364178900210686 0.0471201817318389 0.0515220899903084 0.0614480942676555 0.1680310858713968 0.0113971062489044 0.0305803287097168
0.028487015301136953 0.0667826457914090 0.0120967188052641 0.0471995045430903 0.0654393008030670 0.0296222932687651 0.0458337141740651 0.0277410402215048 0.0508736159559681 0.1442936502959382 0.0743375329723792 0.0236026465563627 0.0466066267254058 0.0288877014826472 0.0528640867827997 0.0708469410985562 0.0591105960411622 0.0570956276051475 0.0583325812783607 0.0089606467203838 0.0294725258884405
0.027760214489265956 0.0753433918327812 0.0113536976798730 0.0645504966022455 0.1481865987069756 0.0307913733913123 0.0477252491022456 0.0257671704035524 0.0516046024815940 0.0614377516579238 0.0788313801044542 0.0217952061798270 0.0401097251334438 0.0325061923879072 0.0500300734506719 0.0506941284437696 0.0562790225197865 0.0542238699779128 0.0607500294676053 0.0094500851006396 0.0285699550883490
0.027254391780125512 0.0940674785700895 0.0107092445927731 0.0542249559506960 0.0646164641580353 0.0266162981338520 0.0523067691367108 0.0238762942048554 0.0398534128017057 0.0531409314055397 0.0636327828987207 0.0179103652583775 0.0373051110760650 0.1624947169892678 0.0412000311557389 0.0478952746548249 0.0674725296527159 0.0541529720907344 0.0545802936593711 0.0099086924567652 0.0240353796201903
0.027240341149316054 0.0631815536536658 0.0146933614150431 0.0198707591569940 0.0246932997830020 0.0573909673073316 0.0304361991196324 0.0155903261330865 0.1356276196441966 0.0252544473121601 0.2187411244609032 0.0454912056497750 0.0184612475829739 0.0186992531518086 0.0222962243277706 0.0283781784620759 0.0320711386686669 0.0431377387272643 0.1427497383039564 0.0112199545920308 0.0320156558535065
0.02563218258667004 0.0729884232358365 0.0151185712767951 0.0473551718560965 0.0565171450645274 0.0309065593412228 0.0493031646125865 0.0253449286469680 0.0534941364487517 0.0545075562932882 0.0726460295231453 0.0242713722043948 0.0453575781797798 0.0324476826843888 0.0445820649409537 0.0501881818077632 0.0744944655922068 0.1404445591011011 0.0701636063944392 0.0111668679052270 0.0287019367247496
0.025587476034094496 0.0806041224332285 0.0221194865775548 0.0483102291418301 0.0518050563152114 0.0340493973186561 0.0575002053846538 0.0275874447777944 0.0459227592446708 0.0502204540751835 0.0723016959387949 0.0223164831875593 0.0489876657675603 0.0354947046479457 0.0418144919884180 0.0480266130812241 0.1485494774799063 0.0633465469352504 0.0576055392621435 0.0118083427721032 0.0316292856113025
0.025033114782157743 0.0721901621004287 0.0141256025519494 0.0517132382455603 0.0519486622866912 0.0369638197591345 0.1673710325576642 0.0252082040719024 0.0541385858649725 0.0483946843570116 0.0819818105480710 0.0221148468769137 0.0410290783282303 0.0348884454771382 0.0368502154674423 0.0486342735308226 0.0538219400306185 0.0494269232266789 0.0638866445233721 0.0127879029213615 0.0325239266472750
0.02302131991625824 0.0869877263128987 0.0136850731881276 0.0450839740488210 0.0604152995206657 0.0264412828081554 0.0486464361403607 0.0351813035792511 0.0394668909181691 0.0621840665398058 0.0750888726840499 0.0203100747961165 0.0365662276377254 0.0289244819077393 0.0575645863539529 0.1610345549958390 0.0563339534391124 0.0551955796993065 0.0539925306934812 0.0114657953897920 0.0254312968480999
0.022745416620363453 0.0781991597798495 0.0047118690784455 0.0840985416764014 0.1617939541165895 0.0104492512714817 0.0360513077434574 0.0263433098056273 0.0186668948686399 0.1366150496798831 0.0322181307194202 0.0111027681758396 0.0584057024873638 0.0219608839917443 0.0861178147321126 0.0719272157884983 0.0632677845771088 0.0550258565371223 0.0265373879383356 0.0032921591908795 0.0132149550440302
0.02058545146592786 0.0660390467160938 0.0155783068719196 0.0405190639738181 0.0442422365851843 0.0741165924754933 0.0464786659982628 0.0423973109281548 0.0484197525232660 0.0448171714697854 0.0784583257680854 0.0234994382597096 0.0396327576572776 0.0267171149545849 0.0352314269599206 0.0436867078564338 0.0531460479712123 0.0470971356657154 0.0580383229898249 0.0293256149385159 0.1425589601625512
0.019936567788545672 0.0604641244735998 0.0131228027177135 0.0414183730089176 0.0474614635619427 0.0389615079579137 0.0498999124546097 0.0218575409629820 0.1817232664399827 0.0481376552389812 0.0969252051350484 0.0318476400777571 0.0356160349169179 0.0267794103085905 0.0320832813235389 0.0422913803926349 0.0462371623102584 0.0478161583075640 0.0927964186661961 0.0109620622239687 0.0335985979258356
0.019552091436395986 0.0737360130864198 0.0108920354582925 0.1567318817558300 0.0623269729453263 0.0327182480521262 0.0574009577300934 0.0274089883604416 0.0485512057835261 0.0532729678169704 0.0728034949350055 0.0200930691514795 0.0521568290312888 0.0358176721908681 0.0399245148507414 0.0465846835815533 0.0579439994493435 0.0521041625351101 0.0573031491769547 0.0118709777707231 0.0303581792501143
0.01883934125533445 0.1978037097701540 0.0049205445750289 0.0872232995443758 0.1346923139751847 0.0115959477210657 0.0467538880602074 0.0214647348548376 0.0190453887273036 0.0665482012129636 0.0385592121079396 0.0099446096665537 0.0338171280046104 0.0296518201861822 0.0702721834402332 0.0739798963373787 0.0605920744938640 0.0479325638050038 0.0299162087505593 0.0048057683990372 0.0104805081679435
0.018018018018018018 0.0638226293010067 0.0111058926788742 0.0669367064681695 0.0538485914568269 0.0270469945063803 0.0580820312576209 0.0368453173110733 0.0383043658240466 0.0662026731681554 0.0525940561959452 0.0173632115679144 0.1648787349992910 0.0248597844336453 0.0478853515745073 0.0468174366617042 0.0801138899007514 0.0605413514943995 0.0428738999390332 0.0092549446182050 0.0306221398235503
0.01786090641896682 0.0673232185356607 0.0158823813996709 0.0367081683127549 0.0395564602110310 0.1552796122469419 0.0471159148687317 0.0302538387547035 0.0575770743722727 0.0373278379390514 0.0938620357200086 0.0315071893704843 0.0335515477888261 0.0265581642284856 0.0310646731926461 0.0393904211145289 0.0495409861599542 0.0452517071643179 0.0650841350826239 0.0294197926527648 0.0677448371557336
0.017077903083857995 0.0670952578934769 0.0139524250751496 0.0300279528408139 0.0346432758669956 0.0473240518441053 0.0398753263734290 0.0199324256761670 0.0676803577491023 0.0330364771523789 0.2941513907839611 0.0476932136570168 0.0259024725613405 0.0214016091487882 0.0310109634971573 0.0407965692497008 0.0382774908093955 0.0386080218746260 0.0663201576526033 0.0126789191490874 0.0295916416135548
0.01678411716693299 0.0320802075758635 0.0086910152961041 0.0073255924936083 0.0103770484146247 0.0586711507019480 0.0105030316295846 0.0078232972807031 0.1641289065248826 0.0112236591379547 0.3890289669000144 0.0792696045751028 0.0084275956739461 0.0079841077943234 0.0128308917397655 0.0133840233632629 0.0145547546136813 0.0222962555387306 0.1172245279739765 0.0068087878170218 0.0173665750750267
0.01654397911309864 0.0758170719942867 0.0051217208572885 0.2080954491970354 0.1915673105080296 0.0090275011287061 0.0527773784365349 0.0234912344703520 0.0133249863143917 0.0571035396417542 0.0232342863790148 0.0085323199516677 0.0674299871909358 0.0299567991470043 0.0558161561241508 0.0356399164013280 0.0632788315155960 0.0445956911859172 0.0211678055359787 0.0034544721077980 0.0105675383668158
0.015960239269469385 0.0622523442198383 0.0147831510513970 0.0205033557081099 0.0268548724987590 0.0350025717408534 0.0291924980618043 0.0144065914732207 0.1869502808021777 0.0278657594593707 0.1144784500048035 0.0331092063950845 0.0205381774189417 0.0204731569883916 0.0215024225370267 0.0277611473617805 0.0355469904162998 0.0567220538347610 0.2206876664798653 0.0075236767611881 0.0238456257509408
0.01586443951395036 0.0579860873874890 0.0087605799754770 0.0308761983101200 0.0594669567756219 0.0115298717784397 0.0304029710264876 0.0380113962821029 0.0207410814536670 0.1829823334272604 0.0393091511649623 0.0154801993326624 0.0455850587287658 0.0182479847083166 0.0885409110715725 0.2019817938652288 0.0533303431527252 0.0479840021882296 0.0284812323468318 0.0055376728562113 0.0147641757583931
0.01577502640879927 0.3127961480971656 0.0229919873368421 0.0338995507249392 0.0404311330307693 0.0227668055235627 0.0641506843101215 0.0182450137526316 0.0367760357354655 0.0350360336089069 0.0585636208493927 0.0189760669928745 0.0251703016708502 0.0273764966877733 0.0298188192178138 0.0378069493489879 0.0731812203732793 0.0545228440971660 0.0599562474485830 0.0075827787213765 0.0199512547622672
0.015760975777989815 0.2055545583434643 0.0224623713398979 0.0367388711386660 0.0391495328786773 0.0158373806395171 0.0674804507415512 0.0179460918069536 0.0253446640946590 0.0344350731428804 0.0361926895373207 0.0150444109243861 0.0418635525066861 0.0374563519773077 0.0338358475087122 0.0309302752022044 0.1763863345408868 0.0949832239119864 0.0473728062687415 0.0055947168504174 0.0153907867814247
0.014773599631107075 0.0331942969854759 0.0078043503457508 0.0068488179010114 0.0096465160542922 0.0403375285955736 0.0097256735189767 0.0064399815859773 0.2650420045820008 0.0110796774392669 0.2634258114463568 0.0584556492046337 0.0078427487599206 0.0076956080705169 0.0103180783985477 0.0111438872594451 0.0138235434422928 0.0271989122062765 0.1917432765904730 0.0043421160887179 0.0138915241128210
0.013961217704305752 0.0653717122516011 0.0103074264718207 0.0599953295745654 0.0424657936312900 0.0225297954290942 0.3271815052150039 0.0209570688042086 0.0345348004483075 0.0435046377923147 0.0498479980686187 0.0145325026677036 0.0582658072153706 0.0235252484161940 0.0321277966623970 0.0375922133769442 0.0531859949469351 0.0355199471811528 0.0404668624958829 0.0082565921160293 0.0198309692477585
0.013426016403472804 0.0952276439558558 0.0110557957014556 0.0832112303662829 0.0595200927437922 0.0161923891704881 0.1920203604794984 0.0258745019672724 0.0202517857204832 0.0525352797174389 0.0327536140509944 0.0120886336304824 0.0756288765578919 0.0318388398834554 0.0429734180981829 0.0441916102112073 0.0984445738607175 0.0520195823423081 0.0291057760584148 0.0070616594517743 0.0180043298841214
0.01323313956236117 0.0405098842301382 0.0131396182200019 0.0185208512868038 0.0201710203272518 0.1971837225205132 0.0234946405936868 0.0513223039001834 0.0338762730051164 0.0216228039893811 0.0748797720359109 0.0216203960131287 0.0250340580162178 0.0138847882914374 0.0221935617154165 0.0252830940457572 0.0329412861782026 0.0292135081977026 0.0398606794082441 0.0535612954679990 0.2416864391253996
0.013081137283604318 0.1148080035680110 0.0071806926074895 0.0453884886505224 0.0546008731168831 0.0148157182296651 0.0406821594717314 0.0172453851990040 0.0247015793148131 0.0434402386768870 0.0411849537546138 0.0117553033517235 0.0262755302275168 0.3122715012205841 0.0337376628168148 0.0361469917361586 0.0695915637310809 0.0475103745767015 0.0398176271653159 0.0056753211723464 0.0131700265427204
0.012971286897275839 0.0849739305465288 0.0150286136313048 0.0510587151452487 0.0440139159714426 0.0146129820220580 0.0494541204529789 0.0216678650266864 0.0221595875369768 0.0463197876573117 0.0314444028495324 0.0135968912367307 0.0757724631531263 0.0284701495336288 0.0368656600019694 0.0356899547481044 0.2134008314130975 0.1606687219793202 0.0337804499320533 0.0057590751967996 0.0152618794916790
0.012674946320203658 0.0915851780257987 0.0042444452956263 0.1104843374244685 0.2883881248614328 0.0096330342346065 0.0334831002081022 0.0188222313488864 0.0169978625522522 0.0726349486002218 0.0274233641752494 0.0094101555992139 0.0385159917756727 0.0241292230437368 0.0786724289469919 0.0400972074788874 0.0498916337499748 0.0435605346437569 0.0281765921649702 0.0035087319980147 0.0103408707552152
0.011670964882364286 0.0450467321766250 0.0094563741044539 0.0062093944267894 0.0096820302072661 0.0227739618850952 0.0094402618926460 0.0056532114437514 0.2711642534252578 0.0098823536883344 0.1520424609476911 0.0378216712519151 0.0077288513060845 0.0088869036909608 0.0093801795079887 0.0098877625122565 0.0156065880607353 0.0368362028124315 0.3201983792952511 0.0033671979523528 0.0089352249743926
0.011048905136527424 0.0553673415965318 0.0055340325167052 0.2227455292485556 0.0808614645433527 0.0104329435224276 0.0743224814531792 0.0287979431161850 0.0139531268707513 0.0539644054936416 0.0214490753501736 0.0076620155811561 0.1599855736647395 0.0199714244261273 0.0390439320684393 0.0300922103628902 0.0850172698809248 0.0514461881121387 0.0195129818924855 0.0044244937746821 0.0154155685634683
0.010914785478800792 0.2224135206763400 0.0317190418938685 0.0191287843032997 0.0239043061566815 0.0216382818730400 0.0351286097004445 0.0130802514485139 0.0721963699824479 0.0222559725286685 0.0706017141446292 0.0254073947515797 0.0190959829623216 0.0218075925215305 0.0198218520788674 0.0242000895604962 0.0575361767177627 0.0850676176620641 0.1928524746899136 0.0061597698534987 0.0159841992935877
0.010365533547158388 0.0764854035165106 0.0144558044109167 0.0384327600874815 0.0459694146550025 0.0192067959080828 0.0356322265377032 0.0187762994905126 0.0465122528104978 0.0502942034167077 0.0480131458994579 0.0204818490943815 0.0410063189588467 0.0220333435882208 0.0339316695317891 0.0408092112925086 0.0888855936508132 0.2595516530310507 0.0731764067557910 0.0074393437975604 0.0189063128479546
0.010120286173029687 0.0197664109926752 0.0064844196603309 0.0062279457673655 0.0073163487129327 0.0556420082111645 0.0072312990356149 0.0062564220834805 0.1021388247398332 0.0083057955709775 0.5479720921949980 0.0890208202134376 0.0083563668608233 0.0065425156596363 0.0113098845107350 0.0095925707508208 0.0117013752021975 0.0153713096148018 0.0632411438608235 0.0053092997400101 0.0122131531151806
0.009522495698590977 0.0713921040321931 0.0087918437076325 0.0410229081691481 0.0824180406571429 0.0165995997289067 0.0333713995584172 0.0440575562637156 0.0270316799314555 0.0793304543368210 0.0559425850596914 0.0221911980305835 0.0454544103903421 0.0214334172378270 0.2087319771965128 0.0747664091099933 0.0550899866747150 0.0519404863849765 0.0358678621797452 0.0062732680925553 0.0182928095385648
0.009072875512688358 0.0852216276657750 0.0075454854110939 0.0442051727900886 0.0282834033392932 0.0108651569943685 0.5174366112910024 0.0135166323171899 0.0150411935945376 0.0277161301527524 0.0227719052290582 0.0086974985446994 0.0465508802980431 0.0149202228814586 0.0207613443383077 0.0242149470116853 0.0529630227720681 0.0239253773884275 0.0201927654236238 0.0042603951798113 0.0109102324520626
0.008811022847603026 0.0708124228551755 0.0047841096306031 0.0399360720358075 0.0830374592722529 0.0113752904412873 0.0314625431726588 0.0228407214337489 0.0239673115060886 0.2829167625398687 0.0349874139849231 0.0139500896037982 0.0553277767351406 0.0181178588213974 0.0740613276022036 0.0795013505168165 0.0499913712902290 0.0545603552580458 0.0311995336001738 0.0038069656174688 0.0133632685617570
0.008540228872002585 0.0386197410368041 0.0124905124017056 0.0139112967485038 0.0163179951099641 0.1947142624775580 0.0206704701943448 0.0208833786909037 0.0797769597441651 0.0169255983040096 0.2417176531567924 0.0538878602992220 0.0163704836693598 0.0126299609961102 0.0173582251039796 0.0198162384938659 0.0252211752199281 0.0259450061624775 0.0649801294030521 0.0240316216472173 0.0837314333467983
0.008499354309647801 0.0225338676509320 0.0058703999800812 0.0051921032847264 0.0070185866178590 0.0174234839930848 0.0074548319648229 0.0043170888239628 0.4322194987973535 0.0076022437230908 0.1213228380517136 0.0315408813893566 0.0064829149221287 0.0047761375246541 0.0056925415864403 0.0070819447493987 0.0100164492578170 0.0232117262372218 0.2712649655577271 0.0022354117540890 0.0067420741567950
0.008095718006394314 0.0895360768781566 0.0194213425873422 0.0203122695920139 0.0257811633480115 0.0212715183688446 0.0279755576426769 0.0125528932274306 0.1092782578945707 0.0244957497042299 0.0743935527777778 0.0220617232679924 0.0177146257623105 0.0180644390882260 0.0191525694267676 0.0257862716346275 0.0323356438967803 0.0621994444176136 0.3555647743055567 0.0054874128306502 0.0166147197642046
0.007707409664023871 0.0374439025066313 0.0072712357117871 0.0033888748416777 0.0053632100436009 0.0099263600709549 0.0049050326399203 0.0028903194197613 0.3064154481830235 0.0048245988562663 0.0718427648363727 0.0182762179784483 0.0043595198027189 0.0040988123393568 0.0045252504968501 0.0050693506735743 0.0089326337921088 0.0266466137516578 0.4681461546750673 0.0013925708030006 0.0042811349247348
0.007352311903566689 0.0562896751459347 0.0130290587044823 0.0404659508460737 0.0408409729829743 0.0403949732442669 0.0326925940792216 0.2147744662960384 0.0267791516904100 0.0456133009781098 0.0492620056740792 0.0173166342303683 0.0701947519423211 0.0194020719478805 0.0619833010163308 0.0544190572116053 0.0506684785858235 0.0420787869284225 0.0357397841869354 0.0136640952484364 0.0743908848250523
0.007325487972021362 0.0202815296112271 0.0099017171107392 0.0078684511335425 0.0094270974592052 0.4195505859483968 0.0092942848709901 0.0250274591082636 0.0273697556520224 0.0094444379973849 0.0843912402789400 0.0207707935990237 0.0123906171560321 0.0067475006525453 0.0110782262374477 0.0106745053804044 0.0193944211157600 0.0153347074459553 0.0272046731729427 0.0323967903723850 0.2214512097629014
0.007297386710402448 0.0515629238561176 0.0025929824004201 0.2663574849147557 0.3735849333099947 0.0037890008615437 0.0279878367449676 0.0131593406977070 0.0063600836553475 0.0365586492977420 0.0109616035217923 0.0048621475128654 0.0414862589558901 0.0144458736191143 0.0523813420672151 0.0152725797966043 0.0336708307659723 0.0255219058396640 0.0132064251200770 0.0014854525641169 0.0047523408613687
0.006739193468244936 0.5226753062926460 0.0219182706355951 0.0135182706908644 0.0164054981755118 0.0085934776118272 0.0766707024414329 0.0069773120957164 0.0183194858491280 0.0136738173305535 0.0223121427602351 0.0091158778043972 0.0118610778025020 0.0147011518089462 0.0110953862382487 0.0133037229262699 0.1072839486427218 0.0505606253923427 0.0510436083623958 0.0027880616677218 0.0071822541948446
0.006561644588016345 0.0172014564060738 0.0083153788713062 0.0082066593616896 0.0087206224218416 0.2483802003141911 0.0093286510969436 0.0494825495898385 0.0155916127284408 0.0096102236075530 0.0365173312594900 0.0099962912316527 0.0151032622764259 0.0057560072690286 0.0110557799941598 0.0110001333396924 0.0169913485283239 0.0137845296922327 0.0175958279038348 0.0317241631590422 0.4556379822853818
0.0061899415366025315 0.2659573458522491 0.0158820602595955 0.0256353541054478 0.0261844419294265 0.0160582792406108 0.2812881555922406 0.0131163027534049 0.0207837068629797 0.0234505205196037 0.0322722021914980 0.0126317546673545 0.0253690418427569 0.0209035200953363 0.0199439877381345 0.0234808232274041 0.0880489035142385 0.0378199506170038 0.0322359185142385 0.0055520722765167 0.0133856581099876
0.006128629693070356 0.3637601162984578 0.0243487559967903 0.0153942414610253 0.0181885302061277 0.0085051487649020 0.0631800549629012 0.0085958941546477 0.0140336066819509 0.0150646527317632 0.0178483314764487 0.0088581124633181 0.0205662409949979 0.0177124913416007 0.0154299353040850 0.0137494971229679 0.2564608503543150 0.0718450965777407 0.0360053716110879 0.0027145504630263 0.0077385111709045
0.005730102710111217 0.0298645799465002 0.0053231288154258 0.0126857148700401 0.0318865965704414 0.0055878799881853 0.0168583875802497 0.0220994734514044 0.0118305663343736 0.3823412868925560 0.0213589076627284 0.0106780260399019 0.0331043802050824 0.0102427485352206 0.0607902014005796 0.2605737159251003 0.0297967640436915 0.0297822803299152 0.0153314896578244 0.0026045728812082 0.0072592888051717
0.005548721839661866 0.0413222555161141 0.0039504725108195 0.4223499491252306 0.1128535666655157 0.0065048060407459 0.0413969167785452 0.0210001494120626 0.0096688284307090 0.0294429359233426 0.0159614155308472 0.0059002089044659 0.1286075435193371 0.0145805002064918 0.0277579509716851 0.0180942771800184 0.0452840425550184 0.0297658019732966 0.0142954296537753 0.0028285870780156 0.0084343679530386
0.00554233518929393 0.0590334944272873 0.0042837760919567 0.0221174007363447 0.0137599949651992 0.0031202000364139 0.7580064491818375 0.0055617286934778 0.0048535536969349 0.0118675630848122 0.0072570956692789 0.0032527955501268 0.0231795459460706 0.0064474999377737 0.0087681489592073 0.0102831508301453 0.0322123718183913 0.0123359835985249 0.0086555004323578 0.0016437302183683 0.0033600084842129
0.004887064861543807 0.1042852586335599 0.0226412675943544 0.0266571535493988 0.0204823073248824 0.0127691461495034 0.0473423254025092 0.0126978332480397 0.0156043269837951 0.0219489987049136 0.0243451621385256 0.0098294977135390 0.0486299552354940 0.0214211540849451 0.0174905400334554 0.0202671718967590 0.3959049027705165 0.1375471274777837 0.0244478385426032 0.0046181700018296 0.0110698621074229
0.0048002064165398916 0.0986150838930282 0.0047084320018893 0.0225645857613092 0.0284387887245876 0.0082910772155401 0.0229344463142628 0.0102781015518893 0.0141855001452901 0.0236602908435337 0.0249641845604044 0.0073741449954763 0.0152704896897286 0.5554992985630660 0.0212207373084087 0.0204219053384779 0.0534488544864290 0.0318942301516764 0.0253336934300161 0.0034659426591272 0.0074302088025546
0.00425861846533901 0.0631799362147570 0.0112231331574685 0.0257701270512897 0.0194396778977206 0.0081437938965208 0.0226833103704258 0.0099116105806839 0.0162481539244151 0.0253111096880624 0.0193364953491302 0.0095727649277144 0.0397032057474505 0.0139916638083384 0.0151548069370126 0.0173679550695861 0.2297465983851230 0.4152508395320933 0.0266249542171565 0.0035526407921416 0.0077872278800240
0.0038549821620855224 0.0375072943008615 0.0080476791355202 0.0147804479387011 0.0270893933909874 0.0079493567584494 0.0204565150463884 0.0324668038134526 0.0142336845062956 0.1759374158515576 0.0301353566666666 0.0106406172823062 0.0259254970775348 0.0121614673946322 0.0594694868721007 0.4273786474486420 0.0335096955434062 0.0286487261332008 0.0183017393671304 0.0049101567521537 0.0104500128734262
0.0038141075997307388 0.0401283501085063 0.0085301432119893 0.1146340236480242 0.0338662683921634 0.0126763860649698 0.0478903637806430 0.0465774931965841 0.0145418437977226 0.0465507512618888 0.0193708176537174 0.0093803324584729 0.3677042200267919 0.0107859972659076 0.0281163892796383 0.0254126718750837 0.0841983176105157 0.0489300556195579 0.0184021413965170 0.0038631476511052 0.0184402813975218
0.003254637027499639 0.0557978626894386 0.0116963441566549 0.0247709816851197 0.0295396749006674 0.0366692085630153 0.0311777925457400 0.0169578453423636 0.0745716437023950 0.0357713674691794 0.1618986152336083 0.2397643761287788 0.0261043364609344 0.0160265478299961 0.0383407907235964 0.0324446212241853 0.0346551929524931 0.0427853536906164 0.0579392577306635 0.0093873982637220 0.0237007935881429
0.00141528172153438 0.0293309754512635 0.0067583700667870 0.0159329070234657 0.0157488347229242 0.0734043343592058 0.0263428483366426 0.0161885248971119 0.0166102903682312 0.0179986316326715 0.0411453838258123 0.0144128183420578 0.0178330185361011 0.0144283718456679 0.0165346343592057 0.0236212105406137 0.0250078971525271 0.0227748608844765 0.0246734966931407 0.5129674936823101 0.0682850854061372
0.0010780665821074158 0.0229184656161138 0.6827415521327008 0.0170754633684834 0.0226402155213270 0.0105400765000000 0.0210361687677725 0.0124063452488152 0.0170334730023697 0.0198599264691943 0.0199172984123223 0.0080231074312796 0.0130801640497630 0.0186872089656398 0.0144138343578199 0.0177359955995261 0.0286191638270142 0.0184311104857820 0.0186390374289100 0.0067617744360190 0.0094396164763033
