# This script is generated automatically.
# Vector of amino acid stationary distributions.
distributions <- [
              [0.0688273807617999, 0.01862360688156036, 0.05715150439038654, 0.06369238356773058, 0.04340460407050693, 0.05915584269709708, 0.026543549715292953, 0.06240509548610792, 0.06046956046461806, 0.08411771014597942, 0.021659532922586915, 0.05031712270439931, 0.03854252600045044, 0.04946394187567708, 0.059636930986128815, 0.06461628563967425, 0.0596508512650807, 0.06864752314941562, 0.010764925086109857, 0.03230912218939731]
            , [0.07032111208960751, 0.011638361388701996, 0.04914010142621051, 0.05883574601280804, 0.047610228686893685, 0.05453055221387555, 0.022259650570340364, 0.0656152290081994, 0.05432073065947813, 0.15418210781659583, 0.023478606092422288, 0.03503987845201281, 0.027376435241293236, 0.04792631574936939, 0.05546265554004654, 0.05940401049372608, 0.05509412943413173, 0.06914363511206527, 0.009478879309549021, 0.029141634702672788]
            , [0.06973875361995174, 0.004963638283000396, 0.05883704752123536, 0.05974182812388642, 0.04530515647660491, 0.061910682382322835, 0.02207268221580293, 0.05681582158845057, 0.059265131489011455, 0.07658316785893707, 0.01940392163185873, 0.05432087314415993, 0.046319757982195536, 0.05086968424224191, 0.05601441660263752, 0.0641432015883289, 0.06278400428259899, 0.06703550462199358, 0.017476812198538118, 0.04639791414624305]
            , [0.14753672590395028, 0.010989630524689284, 0.05664281127920049, 0.0641352341604135, 0.02679109108378706, 0.06363242107309261, 0.022088433677870386, 0.05158043432369475, 0.051361710990011536, 0.08138946938812848, 0.01792587017575402, 0.0346103752768238, 0.03131688657981849, 0.05065151592238899, 0.06064658404085916, 0.06864609976479837, 0.06035080718177536, 0.06742632593462121, 0.009129599749146481, 0.02314797296917591]
            , [0.07559545703173835, 0.009272190434470987, 0.07329596928670389, 0.13226874158713006, 0.024056893698663578, 0.05484880374206706, 0.022142796181318224, 0.049243458823791345, 0.06971800021587572, 0.07198498632612059, 0.017049995181781404, 0.050588791884523907, 0.028319924111141377, 0.05588479472639133, 0.057145076620708876, 0.06446296532473955, 0.05767351634009887, 0.056934910505779784, 0.006769805767671493, 0.022742922209283454]
            , [0.08100462231047569, 0.013288139549769314, 0.05662333203770321, 0.061169930404245454, 0.025507723795390277, 0.06070076972628521, 0.023066821079927042, 0.047681246085728005, 0.0578665659167422, 0.07016364046080822, 0.01770610442802476, 0.05785338783899667, 0.030650016184408112, 0.049801515607501665, 0.05419724708949891, 0.1284281730900067, 0.07373535363157002, 0.05889677277719765, 0.007544826705205802, 0.02411381128051546]
            , [0.07483178602459911, 0.009721531846472405, 0.06117522988553031, 0.059753219899731445, 0.02930858824805262, 0.1454816859562802, 0.021621369784283164, 0.05257737628481131, 0.05538285645718376, 0.07541071916111045, 0.017719611747740376, 0.051404592687326486, 0.031015725553711203, 0.04253457210706842, 0.05499396956010037, 0.0657206274099888, 0.054980466115271846, 0.06084760923461922, 0.009681160337063257, 0.025837301699055192]
            , [0.07452086294200551, 0.010523435050536897, 0.047137754233683986, 0.056327358006050196, 0.033068325838873126, 0.05357548740402479, 0.02005749032263898, 0.08038616651829984, 0.05376844081957295, 0.08016494834265948, 0.01964790817132465, 0.03136639863956519, 0.02673094769945749, 0.03432212792272161, 0.05281045754426881, 0.05706169097011654, 0.06456238453571606, 0.16869153829714284, 0.008795380646275483, 0.026480896095065543]
            , [0.06849181566103842, 0.008414516164182182, 0.05574319119569973, 0.07033823651672304, 0.02460860293033582, 0.053566197523415585, 0.021584602192991496, 0.05297677612924363, 0.13946398328999396, 0.07138108997466, 0.017722953446555136, 0.055343306016839365, 0.023583890442797146, 0.05577203254179763, 0.06822083071787534, 0.06429375319310524, 0.059389480136145825, 0.05811208904302463, 0.006335245587126521, 0.024657407296449146]
            , [0.06930947679208185, 0.008483601604252036, 0.04009833334102976, 0.04986184826926811, 0.04246689759620369, 0.04845777778791124, 0.018124807569307424, 0.06457648875153274, 0.048230474187493086, 0.22904595577526726, 0.04079337764352716, 0.026137236634464454, 0.019059999006682586, 0.04462589654662025, 0.05435856294235409, 0.04876565324476621, 0.050132391371347874, 0.06525215625482811, 0.007583766506246059, 0.024635298174815815]
            , [0.0880176479321653, 0.007536278856327194, 0.05466081853576221, 0.06213649276032496, 0.022988110030847435, 0.057050455490884534, 0.019202287820754473, 0.04578074818919116, 0.05535120433778904, 0.06827087520249264, 0.015241936548786682, 0.039318643424148036, 0.15518849609690727, 0.044509094800036925, 0.0522520247522983, 0.06709275408644799, 0.05720880789515815, 0.06009471311801864, 0.007696497769963382, 0.02040211235169557]
            , [0.0800815453263503, 0.00985182195755876, 0.05079254991892023, 0.06315758032430983, 0.023527011054868815, 0.055073828409818275, 0.02667086990183044, 0.046462402976149064, 0.06987989101259305, 0.07751333363516959, 0.016962848064437586, 0.04135741429858282, 0.023480307016823496, 0.057296710632704494, 0.14489959927555146, 0.06130194698646921, 0.05960209126875977, 0.06080056899200792, 0.008650838939284762, 0.022636840007810063]
            , [0.07488322752841545, 0.007879915899474513, 0.05089504640440095, 0.05744855686467915, 0.024232165491490938, 0.05364983284380041, 0.018649061947508858, 0.05597180147642139, 0.05760742574479233, 0.06994873286383446, 0.017470935039790747, 0.050187877030821594, 0.023212924009515048, 0.04638958140303899, 0.053439228500309056, 0.07702377269698679, 0.16223487758758193, 0.06887154652928215, 0.007893204736594392, 0.022110285401260792]
            , [0.07501256603310687, 0.007392440943283959, 0.15444686422176285, 0.06811379339684993, 0.02576740593364139, 0.06199735182642114, 0.020802647315936038, 0.04893338576028269, 0.05734646101561617, 0.06954937594992289, 0.016158429648646333, 0.06078382340439064, 0.029155427551476494, 0.04508903715541988, 0.05064901224521634, 0.0625002363050172, 0.05584720472501004, 0.05758709619617363, 0.008800544588121424, 0.024066895783704]
            , [0.07226557340892503, 0.010997341462354655, 0.023109567991142697, 0.03807647116869583, 0.05315081591341566, 0.042515868787262184, 0.016672776127170778, 0.11170263156658818, 0.03219893501438878, 0.1690352745197562, 0.04224823268500658, 0.021254951232844075, 0.01970537921334755, 0.02576954694664891, 0.04277272889207298, 0.04827070594524925, 0.056714521793759104, 0.137190349490847, 0.008563847652204751, 0.027784480188320054]
            , [0.06453365282796839, 0.008955593371442786, 0.047546457365306126, 0.05427312077353316, 0.04259992646362266, 0.054628741233203215, 0.01843144944585956, 0.16875257965779486, 0.05551869945438095, 0.08769958595932639, 0.021462616667847084, 0.04127904016914746, 0.0221810515972106, 0.029155211008065573, 0.04915051623314148, 0.05218112254575406, 0.05440589138181302, 0.09024784744675948, 0.007899002261113584, 0.02909789413670958]
            , [0.22808410869883333, 0.00928794714207939, 0.05069545985539473, 0.05497937136309297, 0.0250753402298611, 0.061442738649418994, 0.018942191278122595, 0.04789038483884565, 0.048577062672718815, 0.07282859975846391, 0.016904432897448723, 0.029729267709301073, 0.023243894944333588, 0.04440336589546257, 0.052804274060452926, 0.06450617070092118, 0.05921153380688959, 0.06189039932120671, 0.008101337351982712, 0.021402118825169625]
            , [0.08455410150261716, 0.004869353607846237, 0.10256068391207791, 0.09968208496337205, 0.009757049604146086, 0.07048980124722036, 0.02327862796254058, 0.015723548631801094, 0.08198238947859507, 0.03705330523559342, 0.009121772111921264, 0.08143622702923344, 0.03765673418550871, 0.0679094318115829, 0.06100704501607516, 0.10277097033795267, 0.0713233198041241, 0.0239624073062954, 0.0031396420291959766, 0.011721504222300224]
            , [0.06530815195876422, 0.006326583662943307, 0.07280433396617136, 0.0589755746644025, 0.02329302308088042, 0.06240261331314997, 0.022617700352025264, 0.0476669045245666, 0.06651540832281091, 0.06088342699200972, 0.014160167410200044, 0.155398991095032, 0.020416668945461597, 0.050001257224011345, 0.05017632208556087, 0.07627595193410112, 0.06239189630908191, 0.05077568188477902, 0.0072325879726146194, 0.026376754301433068]
            , [0.06796512987456245, 0.008734464718612485, 0.04260209726639379, 0.04861882276064233, 0.07709727039211628, 0.05090981953584133, 0.03185679026872895, 0.0527278151731857, 0.049753431003616386, 0.0792195875895934, 0.018214946528380675, 0.04217163435228048, 0.0197021177621016, 0.02991638071825298, 0.04677164147906207, 0.05656015953544811, 0.05208129003524056, 0.06121050148653497, 0.013203796418972683, 0.1506823031004327]
            , [0.07129422813330714, 0.010945074578107719, 0.04194976471515758, 0.04882762598475685, 0.1443625620689348, 0.05522600550996174, 0.02391514358432426, 0.06157422181609687, 0.0435977374209673, 0.0917493073924186, 0.02322688844138159, 0.031082617389593774, 0.02300952727157774, 0.028901475141642746, 0.04616426333000428, 0.05728013030603393, 0.05227487928729101, 0.06691293346145001, 0.013560716371503563, 0.06414489779548843]
            , [0.06670201123098576, 0.007058012002744707, 0.05697947972226098, 0.04984438210317575, 0.02519833419700947, 0.2297855859201752, 0.01902760430932548, 0.04991657444626005, 0.05149724121626138, 0.06887430445748843, 0.015399211642128124, 0.05393560429240771, 0.02348644298381429, 0.03820977305372841, 0.04910759277905811, 0.05896583183868442, 0.04973000132427119, 0.056991175185112077, 0.00730697880537771, 0.021983858489730754]
            , [0.18441504263848796, 0.010559823250990981, 0.04651731317549598, 0.050838809199219986, 0.015796801343333722, 0.06578971305939421, 0.016874750316648052, 0.02728869672031819, 0.04558731651736603, 0.05252073822770196, 0.013906544899285068, 0.04873892538401779, 0.02911913531843455, 0.04665039398295302, 0.042915268557469084, 0.1533085647891335, 0.07498272311289267, 0.053858776291250285, 0.004942826881909824, 0.015387836333697313]
            , [0.07555270668607651, 0.003798842637072864, 0.07078012417892772, 0.14714232955981044, 0.010153865600822199, 0.04210022207681187, 0.02186866267494354, 0.02055391214445671, 0.1360064425149058, 0.04784496756037053, 0.010979321367719083, 0.05633261295732934, 0.013998434114401742, 0.0814941589471547, 0.08025965088432006, 0.06556717195595053, 0.061446277126793604, 0.03870940138792283, 0.002551679893081106, 0.012859215731129053]
            , [0.08451110187291334, 0.006375098033517196, 0.05462400626481459, 0.08048488049785597, 0.015160654369349841, 0.04511421969619461, 0.036388530670746086, 0.0299954579648168, 0.07499609439056218, 0.06630364296519949, 0.015847865319549213, 0.05716184741577337, 0.017870935869126, 0.13888846556729442, 0.07315609021745088, 0.06825340524728751, 0.06388163642454621, 0.04996709862898371, 0.004712758822048812, 0.01630620976196974]
            , [0.06383943092472537, 0.009154317292607538, 0.020076092202693224, 0.03676875012338746, 0.03570554480017144, 0.04013114965486103, 0.013397856992359822, 0.19077782280278052, 0.038034073179082466, 0.09903135088363145, 0.022062570266640127, 0.02023367705385032, 0.016601688863027875, 0.020770502553953962, 0.03763103266888154, 0.04333663362504331, 0.0553376429443762, 0.21213129720410134, 0.00560309619792504, 0.019375469765900245]
            , [0.07354079946873822, 0.005073610788657004, 0.15996849142954706, 0.1726311753557796, 0.010399375621575113, 0.05551941562396729, 0.020911457205790247, 0.01566505382891336, 0.06728435617309386, 0.04006028178935725, 0.009482399781224747, 0.0644804908645257, 0.033651421962041524, 0.06053635945529, 0.04784806683551175, 0.06790469815823585, 0.0537067056027633, 0.026095292893260475, 0.003493706928444506, 0.011746840233283031]
            , [0.05550725289632151, 0.007999403201256035, 0.01923927661060339, 0.03262932492452868, 0.04984970466918592, 0.03357773635308468, 0.012859054027874697, 0.17436692998530168, 0.03707299926131383, 0.22914235073885722, 0.048138679612823414, 0.018106822699528343, 0.013410872638254414, 0.0207984280883304, 0.03577850734441227, 0.03596978974945348, 0.045371922164380976, 0.10222289400710026, 0.005972585887372745, 0.021985465140016106]
            , [0.06351904540736326, 0.005371725430017729, 0.03978996471362612, 0.0636705750572887, 0.013334142102863386, 0.039801017311610926, 0.022113508253818918, 0.04343868722069576, 0.20659518517589917, 0.06264092024092814, 0.015077567865860349, 0.048458101385897755, 0.015874231116461798, 0.06716935425158538, 0.10309546062580524, 0.05825498976780108, 0.06039831368498008, 0.053165604919935265, 0.003800767925609658, 0.014430837541951123]
            , [0.07272723651142385, 0.00892370706726959, 0.054760828628598025, 0.05185185127996578, 0.019120839884770854, 0.06335595545965096, 0.018751817756710296, 0.034028623129574706, 0.05384694375547548, 0.058667554189013156, 0.013918242405442016, 0.059628713416457965, 0.025161510889627984, 0.04352439468925043, 0.04940914143149084, 0.20820860820186335, 0.08888433743179344, 0.04957695497449656, 0.006416151148990959, 0.019236587748133863]
            , [0.18247784564624084, 0.0035552121853420758, 0.09335650857636635, 0.14349349705936718, 0.009678150691352298, 0.05250026267040128, 0.0165604831693363, 0.016039693391939634, 0.057890715266345816, 0.04736369742608691, 0.008444559365351203, 0.03962097200963545, 0.03010109369067893, 0.06814703251102791, 0.062087875354108986, 0.06434621254502063, 0.0535404623586159, 0.0385336630478843, 0.0035935917477642023, 0.00866847128713381]
            , [0.07906352168157034, 0.005523380163203069, 0.06608706863768261, 0.2078830425624334, 0.01752709413664541, 0.044795608438896746, 0.016562620151330823, 0.0474735519531505, 0.06494504324463236, 0.06637698943317824, 0.013890383469065567, 0.03774597075045335, 0.018620177075758686, 0.05914281943952362, 0.054704073516466244, 0.05540564970831397, 0.05953059436589593, 0.062412955150856, 0.00500990479955103, 0.017299551321392097]
            , [0.08175006486820606, 0.0059258586755006025, 0.04551605474652293, 0.05045585130622903, 0.015785777263276752, 0.04980585373305227, 0.015510380951670446, 0.0385611405563366, 0.04800045798925836, 0.06097861371292518, 0.012033482869910279, 0.025859575826105922, 0.2699081163119128, 0.041544456733612026, 0.047369807579968955, 0.06434932034811236, 0.05326843275374726, 0.05389250398086894, 0.005520991128258276, 0.01396325866452503]
            , [0.05628524130254699, 0.007392036381326647, 0.00963488719195741, 0.01444749230885153, 0.045131452364532254, 0.015076735043328625, 0.008741091565157736, 0.21001179685498722, 0.014828721807900107, 0.2100652653752567, 0.049597232004258425, 0.01122318314068675, 0.010562134700048145, 0.013787978392112332, 0.01671421489518186, 0.027735692741097554, 0.04815195542578712, 0.21098401428483698, 0.004690756332366145, 0.014938117887779533]
            , [0.18450662232271872, 0.008822863838604207, 0.05096010581016417, 0.04785688671789908, 0.01708186417478253, 0.19055815281826746, 0.016177934795323066, 0.022388291123180415, 0.04212977184959814, 0.052808282422458, 0.012414106967845543, 0.043711044955941705, 0.025812376262102258, 0.03799430527563777, 0.04549075855981632, 0.08165762550209, 0.05313187152959302, 0.04617997455764929, 0.005779974625186714, 0.014537185891141788]
            , [0.06633317242757175, 0.0074705049647538335, 0.03160019361062666, 0.05375276821262919, 0.012806446442151783, 0.039962397012905645, 0.04900153060224775, 0.02447285009283672, 0.10089156775053137, 0.06338912848351537, 0.013072656847737497, 0.04320195679303831, 0.015216220700166788, 0.07307839531292214, 0.22856737306139505, 0.055990912814305654, 0.05467029008863426, 0.046386958106906996, 0.0053133683996880775, 0.014821308275435329]
            , [0.19741389381647967, 0.013760856532813653, 0.021418275423915556, 0.03790722921136501, 0.022676157518070953, 0.04791853855063542, 0.014672274800110333, 0.07464834871448961, 0.026726315505297884, 0.07995389191584334, 0.01990304589448667, 0.0195933547931358, 0.02048224253410299, 0.022841816772086958, 0.039774667355465566, 0.06079065771778798, 0.07252303257951488, 0.18483307277830072, 0.005739891530488652, 0.01642243605560825]
            , [0.06636304006463643, 0.00632002116155195, 0.05207726903439093, 0.044667295403320484, 0.017041986367970028, 0.3425191533421868, 0.015295176900602699, 0.03970453493556406, 0.045616379842345414, 0.05479725270433551, 0.012068594717865554, 0.04904546377867652, 0.018554161575278557, 0.034609490628738256, 0.04349008890810386, 0.05275793391285846, 0.03884306557300707, 0.04654250751177816, 0.005428699833272817, 0.01425788380351646]
            , [0.06723912666203839, 0.005939811888248931, 0.05085830814751283, 0.052694336276442766, 0.013570148704920569, 0.045278317034963066, 0.015487869933487127, 0.035598913946031326, 0.051371074322209734, 0.0498382144240189, 0.012450869293428868, 0.05476493801597681, 0.01643557942932715, 0.04286697047299933, 0.04958782606955575, 0.12953409622630455, 0.2385915057103946, 0.049434467222597235, 0.004769077250056949, 0.013688548969485103]
            , [0.04942630421777235, 0.007041034752841161, 0.009229557851468891, 0.013157545191655963, 0.06670797294991304, 0.013052948339963242, 0.0093084871630918, 0.1439723713190741, 0.013368926028668255, 0.3522252021156545, 0.0758984595281974, 0.010400876844305807, 0.009229555409486695, 0.014771289217139924, 0.01656736059974509, 0.0201255476109549, 0.036056924472429454, 0.11223705529397288, 0.005771158047778768, 0.021451423045886143]
            , [0.08844336934296082, 0.0018609849113618811, 0.10910452146807555, 0.1541604694207348, 0.004130681838063834, 0.04654294120333774, 0.030687534436613515, 0.009159078570024886, 0.11338546653611212, 0.019802320658438007, 0.005834528867763646, 0.07312144020195598, 0.012758403278979988, 0.09719742370560062, 0.06839735459983612, 0.07913135867970714, 0.06311304503093804, 0.016120683163887598, 0.0009760102086464074, 0.006072383876961053]
            , [0.34710993056898165, 0.012585521052358975, 0.03527938778949786, 0.04029902183405462, 0.018343348296639316, 0.0706593447983583, 0.014433500639956397, 0.042700184397438105, 0.03348891530246474, 0.05958572329577069, 0.013925609886079727, 0.020242470677737805, 0.013507224010192652, 0.025586147954148195, 0.039937597719717506, 0.07639400670554958, 0.052500810478502045, 0.06282446822547665, 0.0050435038744316915, 0.015553282492643353]
            , [0.0738136532500885, 0.007779924890873924, 0.0172709869827119, 0.024821985533262387, 0.04334835734488912, 0.04267187621124994, 0.01232697427346971, 0.10103146953264719, 0.01856140421741457, 0.23244475308935153, 0.0397549846959103, 0.014102692753621277, 0.014680556292040311, 0.019711125064129024, 0.03782864710356252, 0.03678926824461897, 0.049952409569158, 0.19077241327028233, 0.006162302300506961, 0.01617421538021169]
            , [0.06503830163073468, 0.009213213816248731, 0.019755639930090815, 0.022875799095725416, 0.20135153956086227, 0.04128432284573307, 0.0428613718666358, 0.051149980712721754, 0.021061668231229645, 0.08632037109836546, 0.02015174449492608, 0.023711309712834968, 0.014821679938679343, 0.021841545761207525, 0.027797111513022638, 0.05031658692910992, 0.0445133478849509, 0.05913727547609513, 0.028287709215528787, 0.14850948028529726]
            , [0.059928331496092, 0.009690469443562931, 0.01618850371710195, 0.01973742483285076, 0.15112707635347264, 0.03553785145267516, 0.0177532031854777, 0.07413881807468758, 0.018760021198321104, 0.23027519920275116, 0.05138934079433476, 0.01756675622256756, 0.013983098395907605, 0.019634497237189425, 0.025126509148742822, 0.040324405585529154, 0.0407637530571482, 0.07073335538726717, 0.014249887089863753, 0.07309149812445646]
            , [0.06434646268792547, 0.008442942089339031, 0.0478303824171187, 0.04967354282516288, 0.0440342486238842, 0.038631841419908684, 0.16621606757114324, 0.023150661710304825, 0.052668189264918494, 0.058979517467896085, 0.01365949080778216, 0.06846424185591922, 0.015040739111698625, 0.061345270787820594, 0.059652713957952117, 0.05763517488066843, 0.05072641504249809, 0.04553693192709706, 0.007887846561964828, 0.06607731898899717]
            , [0.06038536713325068, 0.0033330066408353803, 0.24140392912121025, 0.1817137082399896, 0.005252893224742081, 0.0590722800653998, 0.026227816664205917, 0.008136535454288791, 0.05801704060304644, 0.014327900128925975, 0.005809834939051931, 0.09291168688063009, 0.018386288031979007, 0.0538259808050494, 0.03475357023763301, 0.06769315700513111, 0.04566931728235165, 0.014029586822000053, 0.0018755766989488945, 0.0071745240213298015]
            , [0.052680470492909054, 0.005437497794924933, 0.02051910843071044, 0.052469851026598444, 0.008526843854175669, 0.0334635936135037, 0.036221771267498516, 0.016947442091128723, 0.23203896378047792, 0.044236409167840246, 0.012432184284616688, 0.046854798201065646, 0.012841010211087108, 0.06680925151190126, 0.21030829123982006, 0.05232832531490512, 0.04860023700724901, 0.033947294454890746, 0.00327076006700138, 0.010065896187695185]
            , [0.06195581386647648, 0.00443766993360285, 0.2549199291746866, 0.06908240988615447, 0.012375675773475975, 0.05940424995559256, 0.02946315904345454, 0.017862114338649152, 0.050735790138753095, 0.042318843520153804, 0.008843129523234005, 0.10322695502858846, 0.01950729975926207, 0.04145144032690355, 0.040788838318714396, 0.07270195004307808, 0.056827561437140135, 0.03548133940638347, 0.004505012120338185, 0.014110818405358385]
            , [0.056034374570629326, 0.006666670551616852, 0.023614185304121474, 0.034270608566332184, 0.046679969837254594, 0.03818520654385185, 0.013593033165548524, 0.06116998864000562, 0.03434782702889491, 0.36086325808852543, 0.05183252157210244, 0.020947886040759516, 0.012429016597552786, 0.03426261188820834, 0.043181956366729744, 0.03798130128411502, 0.040206181493547294, 0.05757669137798947, 0.00631860621958363, 0.01983810486263081]
            , [0.07982328816586634, 0.0031371641757957204, 0.12208777328313933, 0.28902562934626264, 0.006910210524062747, 0.03727564616879884, 0.01491068674309153, 0.013004962246546339, 0.07072153895611882, 0.033888568570849015, 0.007679220631775252, 0.04397077645989441, 0.016923164608047492, 0.07178060267693748, 0.04403259893403538, 0.05221690586081547, 0.04763662366888967, 0.03468827279271057, 0.0023291613308285154, 0.007957204855534238]
            , [0.16421749455009013, 0.004845523376201998, 0.059167853122831814, 0.08347641809078865, 0.008337456532800425, 0.05178755780476482, 0.032319091380126175, 0.013534954959055004, 0.06868340827795873, 0.055839073936695786, 0.008802954232410513, 0.035055843013457745, 0.012143840387338135, 0.07934705355815291, 0.15032563258168424, 0.06451453296458659, 0.057839496504853864, 0.038538212111846035, 0.003663185660289791, 0.007560416954066978]
            , [0.05542084397108989, 0.006707596283691693, 0.01831654987898574, 0.021097356831497185, 0.12696652751008583, 0.02823784696759047, 0.07025814033041089, 0.03414535675612833, 0.023626330642238288, 0.06740023358364677, 0.014017781905145037, 0.03591391111569538, 0.011120480170418523, 0.022850435223135665, 0.03392332341257331, 0.04583400756680786, 0.03867413450359771, 0.0470665838992578, 0.03330089867853262, 0.265121660769471]
            , [0.13638604296359677, 0.011257468156073482, 0.03923057461963586, 0.0404561323521225, 0.009000800389774029, 0.05494365324270181, 0.014395000925781654, 0.015339871348226713, 0.04035767459214455, 0.0321084632631013, 0.01046742179911405, 0.05623542951170602, 0.04075868419181833, 0.03809477101065361, 0.03341728099864772, 0.2338259919382775, 0.14080732308662244, 0.04095924145795475, 0.0031864642432272616, 0.008771709908819678]
            , [0.06062275104093995, 0.006931211682311907, 0.010939589617524989, 0.019532024108319477, 0.01995093962104624, 0.01595532308438963, 0.007676360346751068, 0.2295133692487622, 0.019005859674269827, 0.09098338978906713, 0.028484523973916206, 0.01190107438684464, 0.011825957979906763, 0.013001447346575896, 0.016930789942571453, 0.03105977342332891, 0.05432854448622946, 0.3386535419713314, 0.0027793337417940877, 0.009924194534118698]
            , [0.044642232409782566, 0.00543276178263098, 0.005329292935492021, 0.008512100709824867, 0.03292507321935056, 0.007401742647414667, 0.005489871780477756, 0.2670022341391334, 0.00883853649561662, 0.18799815426313427, 0.049149962907997516, 0.006684519689507058, 0.006504284443282968, 0.008731893001643806, 0.008869534826537911, 0.018697249240054142, 0.04084875311051338, 0.2760446789090837, 0.002800944061948831, 0.008096179426573077]
            , [0.09325557093105703, 0.0037542029328222815, 0.03924005825288673, 0.04684189056445068, 0.00817505728233439, 0.03643920511075676, 0.010488393534093437, 0.015186370397137832, 0.043971095429814915, 0.03817115034839168, 0.0072761716333699725, 0.023863424705615095, 0.4047248966696158, 0.03611393226974894, 0.03728810668962977, 0.06298390676860634, 0.044518109563926114, 0.0372923843210723, 0.0030486783489953088, 0.007367394245674674]
            , [0.303458436261387, 0.011069684826304011, 0.030072243328108532, 0.03583422744303356, 0.008832326433315217, 0.06930115028883121, 0.010962088739828083, 0.0152876145557447, 0.031218125612284955, 0.03227133432174686, 0.009223084285606233, 0.03416641002424034, 0.024550465520340566, 0.030968336637146203, 0.02817241118379446, 0.20013858354213832, 0.06750769003661693, 0.04573283277958802, 0.0028310937542090197, 0.008401860425735633]
            , [0.04526545941765752, 0.00877260671823011, 0.011368480344612368, 0.013268992019310956, 0.28393182116688553, 0.014739210391227251, 0.03869850322613945, 0.04872655432554106, 0.013479652387762175, 0.1054109135638919, 0.021617303316524554, 0.015299396293906253, 0.009116967099977535, 0.015400958631532543, 0.015615774408066203, 0.035580864207094484, 0.02847070287399804, 0.05077456529858233, 0.03727747226060627, 0.18718380204845356]
            , [0.06618433359939709, 0.007388042545221987, 0.03368806096896991, 0.04984770035006643, 0.019687274396957836, 0.041979148200365295, 0.01372241938978475, 0.0830963629017106, 0.04686931762051836, 0.0701204958329524, 0.01398832006860782, 0.02004023328481643, 0.016488977832132566, 0.03368929502568646, 0.044515349411568754, 0.04101977113051179, 0.055051219404349906, 0.31923487416789886, 0.005399045901149821, 0.017989757967332997]
            , [0.04027884112390619, 0.005382196742092754, 0.0060761392634827525, 0.009647287859989664, 0.048529570843188145, 0.008442161742445532, 0.00629123445128427, 0.2279543710358839, 0.010728018855765142, 0.3239958868298269, 0.06603821351037585, 0.007519067780114482, 0.0066878697489392526, 0.010134213041278404, 0.011381703015492831, 0.013953004048823433, 0.03247475999034459, 0.14938538524278908, 0.0035134185895156827, 0.01158665628446125]
            , [0.07029477127897375, 0.0038747338564346276, 0.13415324325861483, 0.07653231309500898, 0.008277110522385592, 0.201275378284276, 0.02229448088551539, 0.011716594785630315, 0.062479449663962294, 0.022447063196101045, 0.0072410049559617756, 0.10553934010538965, 0.01933198341419746, 0.051384457772348915, 0.044973695697252375, 0.07860971362568868, 0.049423101951195605, 0.017280701364518807, 0.003239942465853529, 0.009630919820690432]
            , [0.05655332925451488, 0.0025533676851891, 0.23232772977378988, 0.3184889805307144, 0.0032782716725372244, 0.037247901426241355, 0.015048554257419114, 0.005837207136760714, 0.05257180939789293, 0.011206603405481179, 0.004644456139907389, 0.05478229931410186, 0.015995537908309237, 0.062580068616708, 0.026789856154194096, 0.046051151198727706, 0.03589074871678064, 0.011977947917401354, 0.0012811414584824048, 0.004893038034846807]
            , [0.0724797306812472, 0.002797431658437632, 0.040960795806579346, 0.08818755660831129, 0.003917985874394898, 0.025955277348995703, 0.04311055648686082, 0.01014625124438843, 0.16331282424734686, 0.036793448111732616, 0.007644694182128717, 0.04872545631413543, 0.007049856664519809, 0.1396762819395879, 0.17524352265064294, 0.054318183744983047, 0.052069509703978986, 0.020076658018764484, 0.0016700994375608185, 0.005863879275402948]
            , [0.06566752624844419, 0.005443953001195695, 0.044042590605314756, 0.03467742517659789, 0.010968142651206094, 0.49159256258957723, 0.011333671919650477, 0.017901189450495954, 0.034010109664779534, 0.03799042792335785, 0.008797115804362245, 0.04191750907865281, 0.013089200313629874, 0.025272665506469734, 0.03243146283204658, 0.04874055916477965, 0.029728970140501226, 0.03197277157794498, 0.003727325744268624, 0.01069482060672483]
            , [0.09368204497369813, 0.0027412059095889094, 0.09262527754488359, 0.12355963100250886, 0.008062660582719464, 0.046175665109149715, 0.013152539847649759, 0.014339170730597215, 0.07635200158319742, 0.03680836736750171, 0.006706630898745421, 0.0403946311840948, 0.18319877949608201, 0.04880931620685589, 0.04672889040705818, 0.07217702321997851, 0.05113951646903467, 0.03294673926529195, 0.0024535531781738297, 0.00794635502318995]
            , [0.1919350296314598, 0.004845932548199833, 0.0436588671339905, 0.05100831948283093, 0.008846063950136753, 0.05121909248572593, 0.011839677669273104, 0.01714237772578066, 0.0408169011129226, 0.041359219220456225, 0.008530246453881426, 0.028999821192602256, 0.2063452463336585, 0.03917035927231762, 0.040869516397484526, 0.09248194493078252, 0.06132996043861959, 0.04857602949498027, 0.0035061625153506026, 0.007519232009546139]
            , [0.04197629324940455, 0.003523527775503177, 0.012462203537110807, 0.04402997459195823, 0.004350420695536168, 0.021659609188565278, 0.033142651567028614, 0.01015390025541441, 0.2897803582402789, 0.031903329439109014, 0.00857336445890497, 0.042638379405770484, 0.007444571695030011, 0.07785111830030593, 0.2639126027010682, 0.042007843645872685, 0.040742731583237976, 0.01576666041663318, 0.002007623641474416, 0.006072835611792954]
            , [0.036845611708576975, 0.004016830858862745, 0.0025058898469963566, 0.004241946068172144, 0.02508122848911959, 0.00388098804720078, 0.0030948672413532714, 0.3163926898410177, 0.004530943675968852, 0.18841521128796992, 0.044114774283584915, 0.0039095444100489905, 0.0038206109945838704, 0.0052150327017238055, 0.004731889710107511, 0.008693555240965618, 0.032159899249394615, 0.30241179338877977, 0.0015136369209997418, 0.004423056034572789]
            , [0.06860439057603676, 0.005748865022219278, 0.019826243484097318, 0.05069862936669099, 0.013521237695402375, 0.018603582624936898, 0.012607465691892663, 0.09759764196498619, 0.050829559063519276, 0.07281958238016398, 0.019329313142637233, 0.031373345733661524, 0.01173693008124531, 0.044872916334833084, 0.050769967290474845, 0.05707498611784897, 0.18906305246987962, 0.16899282930931203, 0.0038067072545733757, 0.012122754395588391]
            , [0.03312240797055333, 0.0030755248751639435, 0.00298239640726644, 0.005152211409768154, 0.041704244820203455, 0.004370205276509647, 0.003594771011115215, 0.26009280945060814, 0.005551980748894237, 0.28585175297062304, 0.07507405281778687, 0.0042375677378535025, 0.004206400193142567, 0.006646813527919873, 0.005930841831327907, 0.008858391075174275, 0.029311044213779572, 0.211083719972551, 0.00212965713016655, 0.007023206559592533]
            , [0.03398253990229443, 0.0066191403492906805, 0.01006347662199546, 0.011839950198196513, 0.23758610004663047, 0.010504701529412457, 0.05891436427378352, 0.027495214676436543, 0.012296322118816561, 0.06188274030914938, 0.011208495004312027, 0.016606715441756587, 0.007486021096975985, 0.013998451259318506, 0.014486032405089111, 0.030144215778047618, 0.020295499555989666, 0.0344696090024169, 0.0390549396293605, 0.34106547080072713]
            , [0.2099194552754136, 0.011705616139178369, 0.015800400108505856, 0.024647664979920023, 0.034783735817182485, 0.05232330165756061, 0.011043313485107623, 0.06849343086008373, 0.021248272278066742, 0.21011435781393833, 0.045841999364728235, 0.015052605188833616, 0.010120592747058245, 0.02419808781806086, 0.04245899075347394, 0.04618933205516914, 0.052223191168335195, 0.08470268108622223, 0.005240445367020572, 0.01389252603614028]
            , [0.051339491267085945, 0.007408020151632408, 0.010772115893896232, 0.013846818050680896, 0.14004854432380143, 0.016950252059223462, 0.01374819248010779, 0.1595437105998211, 0.013588015041503523, 0.17242865891656844, 0.04975329585727444, 0.013148985420846119, 0.009544603611588723, 0.01273694226404772, 0.01469593295454034, 0.020773051858882625, 0.039991528957746485, 0.1384832772491815, 0.011387529171089393, 0.08981103387048163]
            , [0.07150622328373778, 0.0018421013893392913, 0.06628753273347246, 0.1948933289842025, 0.0045570983246655105, 0.02766395951201817, 0.013993984735499735, 0.012217562646842099, 0.20715917176474696, 0.029836049385987003, 0.006830168040086958, 0.05074841534440359, 0.009230159724510668, 0.0912131547170081, 0.07643208072251384, 0.04927677449902551, 0.050562217032566095, 0.02783569615374484, 0.0011944458454369248, 0.006719875160191959]
            , [0.18816149576308142, 0.0020201314777919784, 0.056925129783150195, 0.08331235490704429, 0.009676624869644395, 0.042986048232934795, 0.010844239808908196, 0.021144699850624095, 0.17806749777613307, 0.046477834266012354, 0.008644064379606058, 0.04272571816585934, 0.017843243728886442, 0.06894075689339497, 0.051881395451625345, 0.06180182970167575, 0.053057693494530996, 0.04335412251826951, 0.002969185212034143, 0.009165933718792764]
            , [0.07321795754730923, 0.005069640116960935, 0.07225781376404795, 0.045049162391102106, 0.0071004613111092015, 0.06143382997147497, 0.03322178276637338, 0.012209438659600039, 0.05334556787077783, 0.018753031167839353, 0.007778059687901216, 0.17943160960756233, 0.013853018980859605, 0.048204722339246574, 0.03864127991593273, 0.19612581157985898, 0.10271015513659594, 0.018869110142876365, 0.002572568902924031, 0.010154978139647199]
            , [0.24052069342068527, 0.0017480014493738037, 0.07848657907823432, 0.1535521614678487, 0.00352997618647427, 0.043741557215827585, 0.012306443167267133, 0.007733324755236386, 0.07223587929044069, 0.0310799706970111, 0.004436205640907036, 0.03130139711728761, 0.007373336975467868, 0.08317743754147232, 0.09748653352827968, 0.05707042468485342, 0.04557079285615424, 0.02410449809074564, 0.001415407488439327, 0.0031293793479937214]
            , [0.1544896102618886, 0.0019088277559358802, 0.17773128355607945, 0.19922850044135354, 0.0037764390044420196, 0.05639332762883001, 0.013912459807395078, 0.007337677463383799, 0.050212305479414715, 0.017281238321513095, 0.00428076030919704, 0.04340931548385218, 0.03096773490872177, 0.06396848649598576, 0.04687760817571374, 0.06242290819663503, 0.04626010387372725, 0.014640119542260377, 0.0014148488512367753, 0.00348644444243398]
            , [0.05076629006731006, 0.0022911590684903307, 0.25034454476371715, 0.07649423902199816, 0.0045961080515074, 0.06175565450054901, 0.03424523418982773, 0.0067434267198820605, 0.0547860259297786, 0.010303714820964038, 0.004183091418986136, 0.2147493677401456, 0.00950657332810121, 0.03892154061922357, 0.02719551066596223, 0.08341533558562354, 0.049318640058194065, 0.010125957217265523, 0.001931871461945807, 0.008325714770527775]
            , [0.05919254613338389, 0.00516226190958694, 0.09043651875174588, 0.04938051008728848, 0.013647860234765897, 0.0573617298740055, 0.047938093057750736, 0.016968292972967553, 0.054555455848380396, 0.03752763563078165, 0.009570238169872089, 0.2741993262500618, 0.011778428144732246, 0.04467828634436101, 0.04226632821103138, 0.07237434531974554, 0.0573450136551301, 0.03228062903052012, 0.0041138681345100625, 0.019222632239378545]
            , [0.031791662151292296, 0.005063513815208567, 0.007447527358666997, 0.010130601920670097, 0.051119636852709434, 0.009182743576598536, 0.007681564804984872, 0.09955232080067988, 0.011291609509498004, 0.5259132042314132, 0.06210711855207303, 0.009437544930274107, 0.007684668529726341, 0.01315623913619757, 0.012641676491918654, 0.02323412604083676, 0.02526134442986315, 0.07128011150142996, 0.004212227856413805, 0.01181055750954488]
            , [0.02809663580234073, 0.004077298683219627, 0.0030435155900937635, 0.005254817718136997, 0.056726318223087886, 0.004326195442459499, 0.004328206475219156, 0.16850143653730437, 0.005960891468512427, 0.4463931990236054, 0.08901639618187299, 0.004657687303791115, 0.0041936366394684284, 0.007852581788938749, 0.00661665361184003, 0.008623736909010029, 0.02246560860866723, 0.11804427039573372, 0.003075029511271029, 0.008745884085426885]
            , [0.23499278173222723, 0.011580243323915565, 0.017038793915040526, 0.03487841561779282, 0.010189273917632984, 0.044647331620040746, 0.009269135772252239, 0.049319425653165605, 0.019833322869748773, 0.04812842534417913, 0.016249899702409358, 0.028572744141590077, 0.01606853936199947, 0.019367328100717302, 0.020625344976399382, 0.10633730386023983, 0.18888860793676482, 0.11260537752623445, 0.0030936541757924925, 0.008314050451857286]
            , [0.0733851035173822, 0.007333476852053332, 0.03978810702378082, 0.03164502175895354, 0.006442882632567866, 0.03930297078394348, 0.010719798425964901, 0.011658208886378037, 0.03323140794950321, 0.01676180204031792, 0.007680834842454416, 0.0547367646800141, 0.01592563346860054, 0.025253737553858156, 0.02863517525880426, 0.28235196957004444, 0.2753092908297819, 0.030749566464063616, 0.002596897453688179, 0.006491350007844991]
            , [0.03570487866193376, 0.0037495345500898497, 0.0021870958796151464, 0.0037212819738181983, 0.013923769582259153, 0.0031144292949777308, 0.0023732625157763462, 0.346768355388453, 0.0038525149324276373, 0.09388284992615141, 0.02604453306723232, 0.0034651128694186853, 0.0028744210211008015, 0.0035553421526990296, 0.003462679754422818, 0.010948759797522419, 0.03032421458883564, 0.40565937433523375, 0.0010962283671431452, 0.0032913613408890106]
            , [0.19102149913198047, 0.019809638222627844, 0.00870234116392055, 0.013788688378915639, 0.01347356627265458, 0.027934821054550717, 0.007315558825317118, 0.11531051857639521, 0.011811628912611402, 0.08130459256760178, 0.03173261457838023, 0.01046896439752096, 0.011606128396446855, 0.01245773240645366, 0.01353258954301045, 0.051363359520556, 0.0815972491876846, 0.28684998811872553, 0.0026146800840784598, 0.007303840660567813]
            , [0.044180943603571124, 0.004957634165760646, 0.004642633879720884, 0.0073581782073598705, 0.017735112060614386, 0.006193611034423369, 0.0039543726553580945, 0.32650611913692856, 0.007438958285922468, 0.0859474036558781, 0.03004597605128521, 0.006288118113838391, 0.0052479437798193754, 0.0063784280365479906, 0.006686628402416629, 0.018921359212002258, 0.04382543620058706, 0.3660494284856387, 0.0019028437109209835, 0.00573887132140593]
            , [0.07036077082741309, 0.0043785677631969725, 0.04231581974920849, 0.09034579357838587, 0.00927138867333224, 0.03211400399159055, 0.0507348798945258, 0.020116204106388376, 0.07333400986756325, 0.0643383397087077, 0.014606208644362649, 0.04792285918396421, 0.011976747149186373, 0.23825856275381138, 0.06857784974038973, 0.0551771293190027, 0.053103810937005974, 0.03999319084557036, 0.0027410547206077043, 0.010332808545786798]
            , [0.02290970958142239, 0.0032225319052067284, 0.0019379990553568896, 0.003167272700534061, 0.05131251192983619, 0.0027074655249498822, 0.0025692848677279292, 0.22014842784277963, 0.003222757073508659, 0.42999754631636256, 0.07591325086123084, 0.003027973972109627, 0.0027012783206696073, 0.004878543767022401, 0.0038813042157652537, 0.005744756105048708, 0.01719149016013223, 0.1371174016154324, 0.0017957726166447135, 0.006552721568259138]
            , [0.04872497666948466, 0.002389476375938621, 0.07680902632315321, 0.07229016951946758, 0.006755303920066494, 0.05514510864520923, 0.04420936118540775, 0.010701678102527765, 0.1844533419184554, 0.019946824719042303, 0.006553123679558271, 0.15717494378796915, 0.009457526236678613, 0.07194601927763625, 0.07780084637653316, 0.07487707546039116, 0.05479587991024006, 0.013632927067656599, 0.00202066251443756, 0.010315728310146075]
            , [0.13181356461346785, 0.001973821708088863, 0.12646422033102808, 0.0967616738047915, 0.0035579803493000074, 0.06984651700047814, 0.009510449936141658, 0.007102883628344372, 0.0569027665479555, 0.011757423695955395, 0.004421738611923318, 0.08577174520165462, 0.034589837253895216, 0.061655192962370556, 0.036149870876614185, 0.15403760034128705, 0.08648353997722516, 0.015405999820231074, 0.0012927352827707202, 0.004500438056476534]
            , [0.2672837205480581, 0.00790865415401194, 0.03142997347652527, 0.03166058287864347, 0.010380153144910339, 0.2989223200658703, 0.01013797932013285, 0.015646095052538184, 0.025471604712807964, 0.038964137860905586, 0.009346077453886707, 0.027887532096290326, 0.0160895040070525, 0.01752516756342188, 0.027547001917556192, 0.07219294475713653, 0.04012977278383242, 0.03907527194242645, 0.0036110760216266206, 0.008790430242366564]
            , [0.024145697194875502, 0.005788321844607626, 0.005585582980866088, 0.007206652598992081, 0.3826507498892002, 0.006893033225921063, 0.030895790754038744, 0.03856439081436122, 0.00739359774506643, 0.10413903802273115, 0.02898967600412584, 0.01003497560109128, 0.005295703671781073, 0.010039764658616501, 0.008249771431823344, 0.021003504957934852, 0.01388481293904584, 0.03616856423748646, 0.03063579364946045, 0.2224345777779742]
            , [0.06356461849313626, 0.006361974420016619, 0.01868493574823558, 0.036968331620840046, 0.03924875107072905, 0.032474521299063065, 0.01392535872102804, 0.07026019795338281, 0.047548781922630665, 0.16257598869157747, 0.19600942872877478, 0.026749364114482414, 0.011383786033970575, 0.05255700743605399, 0.04303485659350566, 0.042915075492682815, 0.05309747055701709, 0.061263165083947364, 0.0051576296801690395, 0.01621875633875684]
            , [0.09516735657484875, 0.0007646554834687889, 0.1369319160093635, 0.21425199412015178, 0.0017016496469511675, 0.034053786830241545, 0.012308769976061958, 0.004275173364428475, 0.13983302606749395, 0.008436841705905439, 0.0031869643018477634, 0.06994554012458723, 0.007833956585691833, 0.09527668137366516, 0.05176924186045328, 0.06432689774761209, 0.047716705443177104, 0.008890267503550068, 0.0004720725656729824, 0.002856502714827069]
            , [0.020425808187770872, 0.004032666296994565, 0.005374286925664733, 0.006061449908152337, 0.28135889887804705, 0.0054572395153334825, 0.054067474377996784, 0.012098776418593376, 0.006495512037952444, 0.04300666465498284, 0.00853048131479971, 0.01115316014068263, 0.003699984632566904, 0.007724706987879184, 0.007970316786206104, 0.01831379705520353, 0.010405517054151166, 0.020184332591888777, 0.0408965674677027, 0.4327423587674307]
            , [0.04588007113837363, 0.0019017135466729868, 0.39572847486571733, 0.14822098002663667, 0.0031065397844421694, 0.048407773535824566, 0.020774125663486256, 0.004811923353017144, 0.03774006958487539, 0.008304672269649482, 0.0034918645051711023, 0.11660866851101376, 0.009822686484641045, 0.03529478544197314, 0.018845083778030285, 0.05253775880280364, 0.034171204841242184, 0.008917273251198144, 0.0012795342030682394, 0.0041547964121630065]
            , [0.022566439679777513, 0.0023875696842199467, 0.00171912673508056, 0.00270678984154296, 0.017841077750379023, 0.002257441392594798, 0.001962271197808387, 0.4047297178220112, 0.0032832375707332246, 0.15853511849145427, 0.03598112212384467, 0.0027514559928030454, 0.0022637877697238165, 0.0032213567726565215, 0.003060475850798769, 0.005197376443894993, 0.021333879968124036, 0.3043937437223945, 0.0008160921310848894, 0.00299191905907267]
            , [0.5050062668115859, 0.01181331596152466, 0.022029210016845897, 0.025968118789919455, 0.009809705604553355, 0.07433623264325934, 0.0074583705511022825, 0.030325561258662346, 0.024812399551686144, 0.039653956592805906, 0.00839778287377915, 0.012925308790246224, 0.009260123444523618, 0.011310353250876136, 0.021909802811648872, 0.07889570185938934, 0.04709167141965723, 0.04865873321982114, 0.0027869581524098586, 0.0075504263957032495]
            , [0.2307706240601915, 0.007038955570482396, 0.02269081607776605, 0.02738691544735612, 0.004874153532461468, 0.056565964767470285, 0.006859646504268523, 0.011708464813365302, 0.023335130066784036, 0.02086612863568239, 0.007608203781021756, 0.04100302746851413, 0.032908057255735375, 0.0244199035887483, 0.0129727847402335, 0.23735770322774477, 0.17854529727903598, 0.046900837600250087, 0.0016886902816259776, 0.004498695301262089]
            , [0.024407834587619647, 0.002302309042208532, 0.001441862250291126, 0.002604164431896542, 0.03056214090347695, 0.0024318979973776277, 0.0019085053062901014, 0.30656355510192373, 0.0025836992459657647, 0.290724117011607, 0.05631186588766326, 0.0023560355184857745, 0.0018830243002122668, 0.003335245599203377, 0.0029589305358490355, 0.004650466213459012, 0.018410056230437354, 0.2399137724586899, 0.001209656827622121, 0.0034408605497207893]
            , [0.04436123782676615, 0.005100579423994866, 0.022587444438855433, 0.03096895641819459, 0.03180429198576799, 0.0408665058192374, 0.010326864665191345, 0.3643403983226877, 0.03338815262811816, 0.09512924033095393, 0.032044031023540774, 0.017780806568685477, 0.010311271181042317, 0.013300584675858025, 0.028969555664269075, 0.03230353524239776, 0.04434963001120559, 0.1242227280897148, 0.0037595188341860565, 0.014084666849332609]
            , [0.057366227918440774, 0.002290444157218959, 0.021000511425645647, 0.01497838021063181, 0.002424546012175391, 0.7652002093627954, 0.004042242648339293, 0.003691235749394577, 0.01265067618267937, 0.005380732463357984, 0.0026815773857457297, 0.022472387020598283, 0.004695382417849537, 0.007141648435223056, 0.011583196644405429, 0.03419517794100694, 0.014580745688478981, 0.009944537090159423, 0.0011273384409976515, 0.002552802804855867]
            , [0.030235889174185515, 0.0026804185271135784, 0.0070089101424622435, 0.0268028174950763, 0.002827652388456928, 0.013488104968152526, 0.026806135004611584, 0.006451065597090695, 0.35366421104918194, 0.022069743241548236, 0.006135468689414334, 0.03103238569878514, 0.005028189569929189, 0.06239299834367817, 0.32991562082805737, 0.030395979116741665, 0.028512738787133868, 0.009631631131702473, 0.0012836213662207972, 0.0036364188804573773]
            , [0.0386373307248667, 0.006565370774042339, 0.006746299081603978, 0.008759245504115425, 0.23055205021582315, 0.009765599678090126, 0.012482752436468, 0.07191988001968147, 0.00883994091630887, 0.3034127807249351, 0.06939094136124412, 0.009011086889134526, 0.006514888047840904, 0.010642199370642157, 0.010279999273004171, 0.018042979537139604, 0.01774583153847968, 0.05720219712310806, 0.01709373197333231, 0.08639489481013925]
            , [0.1514737878865837, 0.0038662165181995965, 0.02962120355537546, 0.02123257572509694, 0.004429906973438462, 0.5297225790951637, 0.007143650970962862, 0.0061889107576699924, 0.021972795421653448, 0.009799948029858436, 0.004752157656420855, 0.03600965851315157, 0.01004796081447249, 0.015582831026200639, 0.01787146573427757, 0.08039956553746339, 0.027051815330875268, 0.01639643044789816, 0.0018295912053031328, 0.004606948799934565]
            , [0.05478402604986191, 0.0032832261398411436, 0.0408793036087776, 0.027610115252677273, 0.004300591770082138, 0.6481200981329387, 0.008022781865307657, 0.006259742461244894, 0.02361908951115799, 0.012277531334911282, 0.004224112197051894, 0.03855291903894621, 0.008061730104942766, 0.018613849271645708, 0.021617463389981165, 0.03790520803762484, 0.019375791097837294, 0.016264238406516956, 0.0018736868608767473, 0.004354495467775838]
            , [0.40697486400876426, 0.02012012068513273, 0.010576907168836669, 0.018561340438771407, 0.0047358024696657845, 0.05219621710535042, 0.005861510763344689, 0.0087271088651448, 0.011013056254828886, 0.013886555055953043, 0.005870164841298035, 0.02301971078438565, 0.014752536972217534, 0.011798706431187168, 0.00950736585523432, 0.26987867939093846, 0.06917544916395495, 0.03730296833813847, 0.0015278459237329412, 0.004513089483119971]
            , [0.018026572335935187, 0.0026132502462267136, 0.0017641422062246773, 0.0028830025997822056, 0.05387253151621437, 0.0023914951866391312, 0.00293851456412031, 0.11525763247060146, 0.0034009934637924608, 0.5777671340660361, 0.10564169211344729, 0.002865613528011872, 0.0022841351313455443, 0.005836209817211384, 0.0039375298266295464, 0.005452062026212261, 0.01508801867429777, 0.06987665564477676, 0.0020351266831125266, 0.006067687899382196]
            , [0.05652571349755374, 0.007916301302894963, 0.020662719089414448, 0.019938403398121446, 0.09065997756341143, 0.050655155719464114, 0.022721617492721818, 0.03320570596039043, 0.02200574760365812, 0.07559585348049878, 0.01748213358202239, 0.02217865865778662, 0.015925383456319664, 0.02281982530154112, 0.04340143702930771, 0.049232563248019764, 0.044614080407406186, 0.047124631113153875, 0.2474524993537677, 0.08988159274254569]
            , [0.13522001094772862, 0.00655450735778898, 0.046866151780723356, 0.038270538120563254, 0.006863317699164882, 0.24782019948724993, 0.011616123434987028, 0.009087651560747735, 0.03704257035575832, 0.016190797899999918, 0.007165508396829526, 0.06056625932811897, 0.024445215577506653, 0.032101494391120027, 0.03506506939303839, 0.1925362282115563, 0.0631233101888999, 0.01976082839333959, 0.002798707304573162, 0.0069055101703053914]
            , [0.06610778308556098, 0.0013438962422782886, 0.041476065565811224, 0.09696944094488813, 0.004335028899878619, 0.017387214679693425, 0.010384665351883081, 0.030350832448049626, 0.15873764580689353, 0.027755342034999107, 0.0061938396730251595, 0.04521778608828136, 0.008612128916297854, 0.0695403802648085, 0.05494983441428552, 0.08922728834516694, 0.2057009751910291, 0.058026934119576164, 0.0020392744177273195, 0.005643643509865979]
            , [0.04787788634047601, 0.003125496372786746, 0.08477304255442665, 0.04249139196474557, 0.0061013741497054986, 0.38764541294676375, 0.027030891874790148, 0.008191899553629839, 0.061519260090586565, 0.016414885720423208, 0.005254596741959478, 0.12192675044900692, 0.00793816343101657, 0.04317735562514122, 0.042745392949812416, 0.049831939667359916, 0.024209795648708878, 0.011631056156434364, 0.0018314454086660334, 0.006281962353560331]
            , [0.08849032543811286, 0.002440128924413158, 0.022671143207213536, 0.02970143614138654, 0.004820028846115489, 0.022505727527826397, 0.0066413444783389106, 0.009292042756251588, 0.0261372213390737, 0.026015722127108228, 0.004843492954380233, 0.01025685043011833, 0.578674652570156, 0.023363898936391167, 0.021684591719326386, 0.057145753287672976, 0.03327056967930283, 0.026240361165526357, 0.0017140269604542762, 0.0040906815108310655]
            , [0.3776818207030855, 0.030340994424731618, 0.008071626809136355, 0.011958577752903442, 0.008210236863775788, 0.04272688302979112, 0.005981693845213588, 0.0551109672388216, 0.010190201626862305, 0.04829732037237325, 0.012975662651351751, 0.009209367713004854, 0.010612529010212498, 0.009916406551974597, 0.010491822765705426, 0.07235379331969648, 0.07972185284772347, 0.18845289731187506, 0.0019963958670406712, 0.00569894929472052]
            , [0.08636442078726364, 0.24408369497972332, 0.023268295812199476, 0.03543254349746645, 0.021127580464234876, 0.057278965995834125, 0.016206482013713896, 0.044359945491167355, 0.03704215461910417, 0.06223452431477726, 0.016328761764908616, 0.04191053473295414, 0.018157971487227764, 0.022587942834619065, 0.036111791253859715, 0.07841694771690993, 0.06401784004424317, 0.06823677168619648, 0.007161633024978664, 0.019671197478617983]
            , [0.037710107910222036, 0.0015151755045591372, 0.3540834984897833, 0.3496710162605076, 0.0020154386609895687, 0.029075050362566857, 0.007579513463068322, 0.0038902409543570917, 0.029123426868318092, 0.006322335208846779, 0.0026736688459069965, 0.04992707340217097, 0.00861710287785611, 0.042714616242713256, 0.007522718666862071, 0.03253364767602615, 0.024108296212925647, 0.007406332096292314, 0.0007674203649424299, 0.002743319931085436]
            , [0.11097863042166803, 0.005564589971420113, 0.004455854951080049, 0.006002735198248733, 0.052468713040041914, 0.030965362311763663, 0.004375738055245937, 0.12536492627377613, 0.004954815306898136, 0.2827370355634951, 0.04653597728367107, 0.005551317162271924, 0.006170204450202082, 0.0072070428424243155, 0.00760393737278071, 0.024386956398665737, 0.04837981612133623, 0.21377457385546364, 0.003814387909935571, 0.008707385509610982]
            , [0.016759220356938963, 0.0018812020339477853, 0.001209560429583844, 0.0020559215099598778, 0.03875474779940782, 0.0015720848981083538, 0.0013826990773667613, 0.21016143315064761, 0.0020879530415551044, 0.4814108134817224, 0.08871817911859524, 0.002057009442678791, 0.0013915340749219764, 0.0033434542970813383, 0.0021185942780232348, 0.0037529080279022613, 0.012410285575258499, 0.12469485727112184, 0.0009497882159538396, 0.0032877539192244457]
            , [0.10834790400888296, 0.0008779332646743244, 0.2525747398157541, 0.2922878866616123, 0.0014363957851106495, 0.03557204248041554, 0.008886947473283292, 0.0029417459863251825, 0.04368294505339641, 0.005821158608393273, 0.002301864774684165, 0.0450433237405646, 0.023408253957875005, 0.05869864264331776, 0.021361008476714998, 0.05084740852661409, 0.035310922005842564, 0.008393312341198882, 0.0005765431957915326, 0.0016290211995480875]
            , [0.02273655838857021, 0.0023822315560675877, 0.0015103616807703175, 0.0027832108737678453, 0.009953453390405518, 0.0019523185413867527, 0.0015548491639566565, 0.40179126882367655, 0.002850541881118072, 0.058598121517854575, 0.01666051439102504, 0.002348963391311528, 0.0017026885817627959, 0.002624011451156082, 0.0023572947779105036, 0.005062294724649222, 0.021825215578771727, 0.43868929934912665, 0.0005532637728172339, 0.002063538163895352]
            , [0.0162073260493234, 0.003450563734129569, 0.0035445708634132896, 0.004147362983507356, 0.430923516787755, 0.003908557791832567, 0.025518959875104868, 0.022871621803953638, 0.004581747386533463, 0.06871455714183612, 0.01723052777802093, 0.006428880381694364, 0.002677124117745133, 0.005679540501154464, 0.004992314027622338, 0.014286824674525475, 0.008855952428412969, 0.023645128854334462, 0.029698552284889126, 0.3026363705342115]
            , [0.040405121127147385, 0.003587144171588562, 0.004419412466842716, 0.0056160970047636274, 0.15644190453573795, 0.00896732981054205, 0.004767908714449472, 0.19787860616155384, 0.006447943883123745, 0.2456875325539784, 0.05031513990681805, 0.0064202685741855765, 0.004212337309048474, 0.006944501400396571, 0.006348278947041519, 0.011682096423394272, 0.027989108001930822, 0.15116834226151576, 0.006486884820937242, 0.054214041925004036]
            , [0.03195178948435046, 0.004364934377177656, 0.004501090261350201, 0.006940535984029191, 0.04776128600551721, 0.0057386847976321105, 0.005541970102591265, 0.0824724143749851, 0.008537977374485212, 0.4617409060316334, 0.19296787219546985, 0.006401699314639193, 0.004668199005670946, 0.024340490885054474, 0.009000007660950252, 0.012929108135901413, 0.025281051498316824, 0.05297618921811113, 0.0030955722019830587, 0.008788221090151059]
            , [0.22128501436883094, 0.002976089267290895, 0.030334906872391383, 0.03639245561026151, 0.0039650093658686325, 0.03571830225871417, 0.006797364266446213, 0.008312382965977656, 0.02833387203848598, 0.022092103060140117, 0.00465922253620342, 0.02056225343439144, 0.3492943027177911, 0.027700691915444893, 0.02360975861972011, 0.08805540863933177, 0.04993845053527685, 0.03518368607973819, 0.0014409390633906745, 0.0033477863843039283]
            , [0.04796084478414583, 0.004329735138644319, 0.011608513328783935, 0.03133818662988697, 0.005176738608972304, 0.025672059145336493, 0.041477164071448566, 0.010186640863208512, 0.12268953160448409, 0.0398732855882926, 0.0074488027339592745, 0.02917381190313696, 0.007126252884011342, 0.06571940451644603, 0.44742956372269316, 0.038500149640860376, 0.033615785060464934, 0.02247554870053234, 0.0020983758918419145, 0.006099605182850152]
            , [0.02554077225216708, 0.004256799332028498, 0.0030581462387310443, 0.00466030368019222, 0.1553865654698709, 0.004561650575177707, 0.005617656718309023, 0.10401352623320463, 0.005248318186225273, 0.43694313827041453, 0.08596501973915983, 0.004971912165505836, 0.003488987143642812, 0.007565576784384676, 0.006061484339486577, 0.008597115850886539, 0.017362238755895057, 0.06852570775200144, 0.007136893833541281, 0.041038186679175095]
            , [0.114421524977653, 0.01045239678700438, 0.00377269518617038, 0.006021347634743469, 0.01607439079287617, 0.00891656163551822, 0.0034682910736345443, 0.17510366853820272, 0.005623589289414798, 0.08436963791794061, 0.028237407900151498, 0.004773875372101162, 0.005091533564054403, 0.005652150609504727, 0.006679226177317442, 0.02377693127099361, 0.050636284198372475, 0.4413405826963078, 0.0013396008319024404, 0.004248303546136035]
            , [0.01193755050503794, 0.0026522285824258332, 0.0026565829465011992, 0.0034464395843858413, 0.3409274683558137, 0.002987263688201101, 0.03332932242540254, 0.007955423511574468, 0.003686675941513259, 0.030253839258459883, 0.005338668118140404, 0.005213067355699988, 0.0018025224135355404, 0.004641126592685626, 0.003973242592237789, 0.010727465164249246, 0.006367394430913793, 0.012616274034070403, 0.028154528990591406, 0.48133291550856006]
            , [0.05501360789617864, 0.004672921688200014, 0.023942904203256534, 0.01921492327542901, 0.0032840867264904822, 0.023306402553745744, 0.005255340796251524, 0.007036145315550081, 0.02165738060989161, 0.008616909139396816, 0.004992881123292808, 0.038956844866327105, 0.007987985262664074, 0.0106571909110276, 0.013365269076074677, 0.325253467246763, 0.4001493178293699, 0.022034259820858833, 0.0012026469482054566, 0.0033995147110259714]
            , [0.14817871798006774, 0.001397664535564459, 0.11310941222872677, 0.15989182044313358, 0.002922532240132282, 0.03597919138054264, 0.008010836812363042, 0.005119350428074382, 0.06006052739881765, 0.014287162625663501, 0.003390065653612898, 0.02993814151710728, 0.2150313739200296, 0.04438531002523681, 0.031301966511389626, 0.06343965952581908, 0.0394499852743174, 0.02001558798495712, 0.001093487392830506, 0.002997206121613674]
            , [0.34512447754108183, 0.0084853471547281, 0.023228816195970947, 0.023294445773435007, 0.003558857947035381, 0.18870548729055694, 0.005190300210927293, 0.00602790336189183, 0.012090131029748536, 0.008623262950902252, 0.00456697740293177, 0.02838334704354059, 0.012462530761922688, 0.017407694797503415, 0.009430791487581152, 0.21497527738732283, 0.05669175327322991, 0.027223472515901913, 0.0011848713858505307, 0.0033442544879371907]
            , [0.03411976367137476, 0.00122640645386769, 0.32244201530876226, 0.05224103894882259, 0.00248742119412145, 0.05631409905519652, 0.024755537938277027, 0.00344409045900338, 0.04078144832130218, 0.0052121360734907465, 0.0023557203981484547, 0.2983974413483407, 0.004389220673042973, 0.025163707615015088, 0.013416283500372063, 0.06649968524649542, 0.03489315785718859, 0.005763738236071608, 0.0009940434939920435, 0.005103044207114212]
            , [0.02827459251498667, 0.0016058478190336615, 0.0010056969662014424, 0.0019543872548611076, 0.012458557079488584, 0.0018283201611907207, 0.001189920395187466, 0.33143225775357066, 0.0015415944760387814, 0.14933973344898027, 0.02680236972913407, 0.0014805238671752952, 0.0015964783970592675, 0.0020271137342603627, 0.001821868137360735, 0.0038931728190906584, 0.018276027944566387, 0.41113829047471856, 0.0005080464914988917, 0.0018252005355962541]
            , [0.5822672318952575, 0.027377275326034522, 0.004168650223944056, 0.006016090695960706, 0.0029898403807621854, 0.0597361682577439, 0.0031533622212279056, 0.011684567701509744, 0.004691836289366906, 0.014435184627393379, 0.00444610539073954, 0.006087983415688856, 0.006903560704560077, 0.005011016958080098, 0.005227223411384751, 0.14010765318586688, 0.058570874319723056, 0.05368556408057355, 0.0009026671542454606, 0.002537143759936875]
            , [0.05213185660677678, 0.003236640534482946, 0.04109880945024407, 0.03298166846077256, 0.007993000111837583, 0.026761362181604957, 0.008325832673025184, 0.0381013390993035, 0.0456201156406732, 0.0361595199230625, 0.01023810255805728, 0.04890519734123205, 0.009214840157970814, 0.023376086222993683, 0.030120075675679897, 0.09308461593148246, 0.43837019216008194, 0.04359160780565226, 0.0029338606976130697, 0.007755276767453157]
            , [0.0723787921906097, 0.0017745928454981647, 0.0748387943710008, 0.3306069956092725, 0.0032186998686784315, 0.024105619651025905, 0.011197246891540183, 0.008442770380069058, 0.07518597596782488, 0.022836616183876484, 0.005575195834687745, 0.03143711543789541, 0.005923019488005534, 0.179209570689835, 0.04358868803683756, 0.03718927629100156, 0.03975936280846745, 0.02759604076828074, 0.0011803657332091714, 0.003955260952384175]
            , [0.05930099781828884, 0.0009820444437667057, 0.03078224850076892, 0.09262215012164023, 0.002231289312084839, 0.021128882203424227, 0.028445374167752332, 0.00593523746668278, 0.2720824707497155, 0.02064946820460538, 0.004110167565268458, 0.04204132839655856, 0.004227098285253644, 0.18165802811018572, 0.1354929018846721, 0.040379817476702676, 0.04266025501827501, 0.011589033773928946, 0.0008415136913244254, 0.0028396928091006723]
            , [0.012325136032283562, 0.0013598743651601522, 0.0009109386214089019, 0.0014059555613035357, 0.010920099670673766, 0.0011104246449671709, 0.001129038405320189, 0.5005766602724875, 0.0013547750738881195, 0.11656207107778485, 0.020620527795652883, 0.001372622655318327, 0.0008379427276212717, 0.001623307039634395, 0.0013942557349231758, 0.0024802101375819147, 0.01208046457774815, 0.310114008629758, 0.00033922697354810084, 0.0014824600029361044]
            , [0.04170142207985978, 0.0015135091839554864, 0.010455527390587986, 0.007409255201513864, 0.0010693495755482389, 0.8637798766577393, 0.0018847936355318238, 0.0017628777767675022, 0.007278300192773168, 0.00253131118145382, 0.0015053371944029575, 0.012108251135246597, 0.0020922631592603627, 0.004409464725893853, 0.006517630659035901, 0.021513710881975876, 0.00716628655103794, 0.003678784111187765, 0.0004956314781577551, 0.0011264172280701376]
            , [0.06192636372303848, 0.0008397413017886363, 0.1791774963642138, 0.4698348664552974, 0.0015323230822295141, 0.02164140900734787, 0.006322200168937514, 0.0030058243919818435, 0.04993858052857989, 0.006070534962558737, 0.002446520746226648, 0.02907480455201203, 0.005205677533785637, 0.07514004069915596, 0.017552251570734374, 0.026974304061220526, 0.025473686208745336, 0.015525700045381707, 0.0005371161441148975, 0.0017805584526492313]
            , [0.04119220356632914, 0.005237707750670009, 0.028520855841428164, 0.029244900416564, 0.03972003964921554, 0.012769988960291027, 0.34257167917338066, 0.011053360644253087, 0.03965017129095556, 0.0397974160107211, 0.008705295721269853, 0.064062652608939, 0.0075486221638089565, 0.07714631889711715, 0.05642238958414997, 0.04129758989687192, 0.03567623682384053, 0.01735461352700797, 0.004172074447710912, 0.0978558830254754]
            , [0.05124380583092716, 0.002214779532740585, 0.1995134918106613, 0.06945789367019489, 0.002941105230396367, 0.25436748671450826, 0.021162695844578718, 0.004166899370110477, 0.04463056632744982, 0.0070525437481234994, 0.003418696719284385, 0.1553391578358587, 0.006706006504339548, 0.03676943704308316, 0.026596960841979305, 0.0701090717708743, 0.031597310554859724, 0.0072364028012935335, 0.0013314958271991948, 0.0041441920215370765]
            , [0.04507071480445853, 0.0015938604765168196, 0.03580423626058397, 0.06626942126557135, 0.004030254942155634, 0.027909095466462263, 0.010296832582697877, 0.01071438642133241, 0.44836478955610415, 0.02172610624906902, 0.005789564091672606, 0.06255550401551142, 0.0067385704294284764, 0.05602320927613859, 0.07475263108574272, 0.03960986332373666, 0.05065322574467866, 0.025768567408335878, 0.001543807135537019, 0.004785359464265857]
            , [0.0703085199016957, 0.002260522206814403, 0.07463340422756554, 0.032449033738685115, 0.002953597434619705, 0.0491532730899283, 0.0085651081229143, 0.004634303058178847, 0.0401204621829338, 0.006834194212947513, 0.0036872879860423624, 0.22291791873776867, 0.005386333575766074, 0.03465654610146713, 0.02094363483439887, 0.272617689617781, 0.13431664290340126, 0.009338901955860882, 0.0009952103094248447, 0.0032274158018058864]
            , [0.026388454626378205, 0.0016712881517466033, 0.000936780372235878, 0.0014888366484153287, 0.0030158593887695193, 0.0013098702201847614, 0.0008576200381210111, 0.33669315689906176, 0.0015094036860382803, 0.05305272364806101, 0.011103533878599546, 0.0014143471604972687, 0.001043938104262259, 0.0014805282744766689, 0.0014932633364173123, 0.003126207288744953, 0.017088094923370267, 0.5350905322599941, 0.0002301954878467589, 0.0010053656067784715]
            , [0.08317840877243296, 0.004636005853117451, 0.007372455889937183, 0.02092007316604116, 0.0059084439033185165, 0.008685953661642577, 0.005239787995161731, 0.12986706706676218, 0.021703971212520465, 0.05421474962554471, 0.027859054302310622, 0.02340518952472652, 0.0064594971980732815, 0.01806805789492529, 0.012436286135110464, 0.05536485454569486, 0.24685223041718732, 0.26126849098425653, 0.0014905754722378392, 0.005068846378998277]
            , [0.015021772271654792, 0.0011992608629164266, 0.0008032751600437573, 0.0013089782502450594, 0.019237137166867566, 0.001143611056457018, 0.0010718100784531653, 0.3670409045767377, 0.001532393948219057, 0.3001080706417863, 0.04072433468692808, 0.001467322957294648, 0.001035588843248973, 0.0019996740574239652, 0.0016767832871484147, 0.0022894200091045144, 0.009815297798823648, 0.23006797913421098, 0.0005338658098801381, 0.0019225194025556133]
            , [0.4557703610899039, 0.015860284749573347, 0.007649172982034024, 0.009719649952516408, 0.00390910244655765, 0.303570606501585, 0.004492839830476759, 0.0066751690210460676, 0.007386245018855101, 0.01593072435331672, 0.004939701865843729, 0.008833374087607425, 0.00986457335998088, 0.006982501444407878, 0.007349767438334569, 0.07240643441252702, 0.026929768004318556, 0.027213043428480972, 0.0014339495709154615, 0.0030827304417187324]
            , [0.2620062105391046, 0.0008408264393103997, 0.11168901838083657, 0.24347289860029195, 0.0014432994385652428, 0.03688320436724311, 0.006025533103315654, 0.004189853839775567, 0.05737322305233785, 0.0079787109197101, 0.0026151783256721994, 0.027766876514156887, 0.008498448329713835, 0.06780933567219924, 0.035943818377367064, 0.060561026764069076, 0.043586029369365314, 0.019239096775500727, 0.0005819459329015485, 0.0014954652585631985]
            , [0.211823355417521, 0.0006805018131650178, 0.048268279932628985, 0.10289044778545199, 0.0018904494945677975, 0.041480199378387955, 0.006076309257092369, 0.005277945870444941, 0.222799373504436, 0.008611174611393156, 0.0033928107645024405, 0.042437280966774946, 0.006605601779621332, 0.08148967940747588, 0.055344906922389234, 0.07297431618994839, 0.0591956488731754, 0.02617556496406047, 0.0006451989364622536, 0.0019409541305004964]
            , [0.02993315017212203, 0.0030707339738725603, 0.008061260157041474, 0.008206856281888148, 0.23660942684849381, 0.010182319339348593, 0.03204505308817312, 0.014452621947305701, 0.008002576312861798, 0.050165744451106074, 0.011413821932785298, 0.009099283850715553, 0.005782395926315938, 0.009833921460803594, 0.010665342699387813, 0.021419970871296042, 0.019886031180742583, 0.027030476536418435, 0.23606280979595123, 0.24807620317337037]
            , [0.3184988555235439, 0.02980859499579863, 0.003210846036617248, 0.005669975566377328, 0.004124351701346117, 0.022771077835571658, 0.0026989020316826075, 0.0684695946537563, 0.004170283513687187, 0.04642849689006256, 0.019358647388806095, 0.004213017354302672, 0.004703815990997887, 0.004390557164498375, 0.004443476964092473, 0.04189421018217777, 0.08807985444020247, 0.32412883396413583, 0.0008090290382723498, 0.002127578764070495]
            , [0.021148951506561778, 0.001427875199944839, 0.0032083500005540477, 0.018679223748828775, 0.00177312081373492, 0.012551944000918908, 0.014383769362861834, 0.003547835552133051, 0.48270034540575124, 0.011171692771941215, 0.0032978940635103875, 0.022903233950657898, 0.002609225076768889, 0.04286488997057236, 0.3105378396865193, 0.01923956913613354, 0.019861867038644846, 0.005758566005953083, 0.0006385315556709703, 0.0016952751523382234]
            , [0.45670212564111307, 0.016294527662564562, 0.004484364427286261, 0.005708167108021889, 0.0022666065104061687, 0.04487725554610224, 0.002684815323481696, 0.003593977810792702, 0.004471019213349454, 0.0050429766636665325, 0.002958715167675902, 0.011669711114832072, 0.00418623538253645, 0.006718697997343663, 0.004318114416795859, 0.35252976205206776, 0.04899408659755702, 0.01975619430735328, 0.0006909094863400433, 0.0020517375707133204]
            , [0.06470463255519168, 0.006578674302150065, 0.028587872236106964, 0.023428478949706975, 0.0267092045531871, 0.04856428388537206, 0.008625207713164038, 0.02323068909936832, 0.03295760174797332, 0.05459952916950047, 0.007970470622530496, 0.03694323664198013, 0.02494351432160814, 0.01470469628034323, 0.026438010098925015, 0.46106572538077417, 0.05996594646344743, 0.03327247528242653, 0.004352854214332108, 0.012356896481911793]
            , [0.18055334205600101, 0.017667424585800073, 0.015004424688970319, 0.009591511129912175, 0.0033736878307373376, 0.04144079132254179, 0.004651922052176998, 0.005918781490658602, 0.01105315045245935, 0.007739862782378508, 0.0045227012552562056, 0.02963870548645906, 0.011057407619989332, 0.009992362064399792, 0.007665665811983046, 0.40029271742542416, 0.20774254849619644, 0.02798724106552679, 0.0010711246109474594, 0.003034627772181601]
            , [0.009025173604155978, 0.0010671795367184732, 0.0010822653419876294, 0.0015150029225096948, 0.04580714368091255, 0.0011781742800488929, 0.0012717046354017254, 0.09108163149209332, 0.0018047437312637177, 0.7017573702333684, 0.07255465766372643, 0.0016262889489733238, 0.001387005704841472, 0.003652720679208553, 0.00215752163813794, 0.0038487507223759023, 0.008394847411234118, 0.04708063323961377, 0.0010440934913312312, 0.002663091042096647]
            , [0.08225299589959577, 0.011739270721167887, 0.0017443362702040217, 0.003029629790141019, 0.006235692616891172, 0.003344998152635468, 0.0017812882729156287, 0.20203468709489408, 0.0026967554531524204, 0.051629346494521756, 0.017477286312839492, 0.0026118039582557293, 0.002618571269119296, 0.0028283887273492106, 0.003033683797374496, 0.01346589875354325, 0.046019631405273306, 0.5430744617115841, 0.0005979800236024197, 0.001783293274939325]
            , [0.026830746865310437, 0.0040275834902424165, 0.00922822964416104, 0.010179721076331283, 0.08869797751475673, 0.013161947523897554, 0.1227701424057254, 0.012774771585087996, 0.013313744581061559, 0.0363339265911934, 0.0062976393829460965, 0.033041479375371496, 0.005435032925624597, 0.020033790205535626, 0.013600919642123604, 0.030021729650430002, 0.02365756079895202, 0.026442010360844086, 0.006838086188371695, 0.4973129601920328]
            , [0.027945436573362695, 0.0011722304025919704, 0.1015083227682256, 0.0340855174901338, 0.0017422624820109432, 0.57864469651856, 0.015374479125846666, 0.0024552712889391475, 0.0329311073913606, 0.003915179767775648, 0.0018554405103406682, 0.10467322236201734, 0.0031135989205698625, 0.02287616506402188, 0.018209131692164336, 0.03230482528386441, 0.010757942279058574, 0.003965964411780001, 0.0006316032840039498, 0.0018376023833720652]
            , [0.02347728845532371, 0.0009556495138609321, 0.5646021512260835, 0.0739079008391417, 0.0016415059476765819, 0.02684092419001177, 0.012781793158542946, 0.002734114025535577, 0.0216917491672772, 0.004853793865705957, 0.0018426713052364595, 0.17759711337103248, 0.0033507389210574653, 0.01753363059198974, 0.007133450340995094, 0.0322425655830729, 0.01946053480159856, 0.0042440553409579165, 0.0007535794060384666, 0.0023547899488611536]
            , [0.03488955785130071, 0.0005074452114015126, 0.38182317059291154, 0.435288390307846, 0.0008371656684122879, 0.01825560956533473, 0.0037038098909496662, 0.0015929784106263694, 0.016792806810420752, 0.002982688317263053, 0.001303139262657601, 0.02610141549049804, 0.00398811426302908, 0.027707324548033693, 0.00301892628884061, 0.0200411113940165, 0.015888047313439225, 0.003968462560538857, 0.00035097652163945534, 0.0009588597308405931]
            , [0.10706927231742776, 0.0011449232089743588, 0.014483151941198398, 0.01644252113588752, 0.0018273869305698678, 0.013163781527978827, 0.0030335597180131354, 0.004083874296638499, 0.01126332266978355, 0.010706519402905576, 0.0022906982584477414, 0.005067722830311966, 0.708646149453953, 0.0116744322048453, 0.008644368130219444, 0.03900682015677182, 0.0241552344166405, 0.015106106760315303, 0.0007655836823325901, 0.0014245709567850184]
            , [0.25316715754032026, 0.00317886687020413, 0.008051952728657715, 0.0047590586236472806, 0.0017405210555334896, 0.5967676642417179, 0.002484554279196916, 0.0027756272577929364, 0.0036783380448328464, 0.0046404366894947065, 0.0024930244982444465, 0.01036968626652616, 0.0034893787740016393, 0.003838073367496706, 0.0041909781627145455, 0.06487451290776443, 0.01584757420090505, 0.011342695938406486, 0.0006642014995392939, 0.001645697053003048]
            , [0.3775593965173555, 0.023524062008869414, 0.0063663440256916505, 0.007878379995822447, 0.003558505050176896, 0.026615302665173007, 0.003431359914017967, 0.022574713095635284, 0.005999435661175605, 0.0226105509350604, 0.008644717308992087, 0.009213864487504103, 0.015236538781082488, 0.006199201778553686, 0.0063744770418953, 0.10775185232689743, 0.25049759274621386, 0.09217514396611688, 0.0011283569772577368, 0.002660204716508349]
            , [0.015945377072862386, 0.003695603102688452, 0.003828026618017413, 0.00520565279822613, 0.572344228227663, 0.0050186153412445445, 0.005040310130316777, 0.03884922264097072, 0.006020184967998053, 0.1547460503958331, 0.026622044448953844, 0.005494343225309242, 0.0036967131038209695, 0.00538768201663667, 0.004933472133771048, 0.024896414477110863, 0.015656121727637685, 0.03013091126372847, 0.006383167835790472, 0.06610585847142053]
            , [0.008918431021297364, 0.0017507953352703565, 0.00169227951438829, 0.0024290717533768055, 0.5373715245032685, 0.001959856475558703, 0.016078026138323497, 0.012788360706887101, 0.0023940784451214757, 0.055552698761292665, 0.012385728798587394, 0.0032350380024002232, 0.0012660427941354158, 0.0035687153055841913, 0.002400712821101959, 0.005736071199170691, 0.0039016734046337597, 0.012858028444908876, 0.024018647257506857, 0.2896942193171858]
            , [0.01371981351875723, 0.7415839904246757, 0.014433875433400049, 0.025910678279311934, 0.006316191381926718, 0.017034617704961525, 0.007902912548597584, 0.015820727979281336, 0.019737927359057664, 0.016892730426144323, 0.004779335262591738, 0.007902858418157103, 0.019005061178314478, 0.01368609217844852, 0.016228431927615795, 0.02202053781252861, 0.013799993535452462, 0.014802645005592242, 0.0027355605027129326, 0.0056860191224719775]
            , [0.020345132408982825, 0.00291462024390537, 0.006993740708600518, 0.007939410790956244, 0.05718015441288656, 0.022423285053588666, 0.007577836113185878, 0.009116828301581168, 0.007412026827604963, 0.033796284965464884, 0.007466059161296107, 0.010102924510504558, 0.005722724262304943, 0.008144225950270059, 0.01717074170948691, 0.017288326979767753, 0.017554366005540865, 0.018670151944886495, 0.671776203385763, 0.05040495626342223]
            , [0.23618467167391435, 0.2133122362413113, 0.006406223150883725, 0.008342508859320339, 0.007601136993146013, 0.03991996334184036, 0.006615209199513265, 0.027500864186642642, 0.007963479891511346, 0.0342541584700233, 0.009514464496685604, 0.02345197157803783, 0.006241041306110685, 0.00908010369801192, 0.007992306185172634, 0.16611173741318172, 0.09495739069869222, 0.08676603304368595, 0.002034340816333266, 0.005750158755981444]
            , [0.03642357534004934, 0.0030027776437091115, 0.04836167912923539, 0.030603832086765117, 0.008254584789828103, 0.02949446179685678, 0.2445059722517017, 0.007177223316096261, 0.041046500652634495, 0.015294155026357302, 0.005635805789142532, 0.3031232807973772, 0.005416212304193157, 0.05425150532656237, 0.03659901737125137, 0.0501931042625455, 0.033239281295354375, 0.009963681406221935, 0.001748932124988272, 0.03566441728912951]
            , [0.01192257585561939, 0.0022830185882690922, 0.0018904430495954904, 0.00217272313345768, 0.24816778736441084, 0.002086846826315663, 0.00312676114871519, 0.06667003603520733, 0.0025539568069985184, 0.48328138737013226, 0.07451681516946808, 0.002981954087849637, 0.0018654969749167093, 0.004483907544912072, 0.0032276301173551104, 0.007048093709166141, 0.006745728868857202, 0.037586582287906525, 0.003552920177492626, 0.0338353348833545]
            , [0.00964803786103761, 0.0015707610378586333, 0.0006135540261841836, 0.0009043897844079418, 0.0035598294344837906, 0.0007349509203881285, 0.0006023569069229382, 0.4439816552219178, 0.0008803138366781919, 0.044897775603118896, 0.008628516085272188, 0.0009872449763779101, 0.0005163311172183148, 0.0009149831524834821, 0.0008948610012718824, 0.0015458517039806643, 0.009428373486897493, 0.46903748906779213, 0.00013460663059477223, 0.0005181181451130807]
            , [0.6641356425856704, 0.01495333366578858, 0.003055849555589683, 0.0027118628447569465, 0.00143821775147641, 0.0976781645456013, 0.0016036456914955443, 0.003040182011859101, 0.0023857059892073633, 0.003174404402273328, 0.001999428654236476, 0.0036941840828385235, 0.007296323801381433, 0.0025303158206128732, 0.0026313293211468504, 0.13236112457216864, 0.0336264972823787, 0.020058010820000822, 0.0003979812592623119, 0.0012277953422548404]
            , [0.03250486239626235, 0.0025064898197943485, 0.011612045693208752, 0.004608494422097261, 0.001968678163768329, 0.011800957403025782, 0.002235412371702991, 0.004053983294768123, 0.00814002180163183, 0.004511581373116888, 0.0027933911557059504, 0.022947328541357323, 0.0029276230378358966, 0.004117686543367994, 0.006134836734614567, 0.3628495144878041, 0.5014022123128308, 0.010627507743089593, 0.0006415755511688274, 0.001615797152848221]
            , [0.012932063002698372, 0.0016872612802326333, 0.0017180115649749856, 0.002465858478467817, 0.04226128059034811, 0.002346277259821807, 0.0022679060843457835, 0.05917673013763541, 0.0029755641625345166, 0.5414754299533882, 0.26426658094884975, 0.0027511781999415533, 0.001505520715117331, 0.006094705626991352, 0.0030331270442234175, 0.005103317164345371, 0.013363759749327846, 0.02998389364545318, 0.0009555760885879753, 0.003635958302714113]
            , [0.023770302114132592, 0.002746713997345003, 0.07689640750370257, 0.02034842981544862, 0.004564452178496053, 0.01990059587287193, 0.030416628290202308, 0.006909830552157738, 0.050124350143927104, 0.00824625953292587, 0.004517780744675239, 0.590108849852182, 0.004908923823346645, 0.019150446631225684, 0.014951709368025754, 0.06113971728784775, 0.041843077216478314, 0.009617508878307451, 0.0016954798529226387, 0.008142536343778407]
            , [0.01817472521464931, 0.0021794434564178693, 0.004068351280824614, 0.01139590196141819, 0.002199783107681978, 0.012892235145910943, 0.017058964669443157, 0.005402389666033312, 0.21287427502935172, 0.01451525805723394, 0.002697449141262888, 0.01541547441470301, 0.0031912940933993316, 0.030555775100082117, 0.6050097340490203, 0.018647747104235002, 0.01418200393140844, 0.005552514034036358, 0.0012125801201785145, 0.002774100422708908]
            , [0.008607154354812104, 0.0019918950853755127, 0.0015968712368334798, 0.0022428115918774133, 0.1632876309207888, 0.002221482395052143, 0.045746850932110054, 0.007248533601936161, 0.0023550618795734808, 0.015816506019970738, 0.00224863156958254, 0.005092469848512092, 0.001018790950241, 0.003601262944767703, 0.00283056494989921, 0.006755008572183163, 0.005388569856637373, 0.009799126227016638, 0.016707943122435266, 0.695442833940395]
            , [0.008086268736172785, 0.0006858338235462292, 0.0007108659124813131, 0.0013807668836873825, 0.016828244486105013, 0.0009463996456117739, 0.0009437067731518957, 0.24975105375976797, 0.0013105115738496857, 0.563046446566053, 0.06171881639825946, 0.00134761935994087, 0.0008800015776710828, 0.0016521970084741608, 0.001202961415725753, 0.0019813581071985867, 0.008671591345581119, 0.07683227834709154, 0.0004445894794584493, 0.0015784888001720153]
            , [0.022495099245470905, 0.0017935997658519334, 0.006346798976882433, 0.05211375449946748, 0.004147161672740967, 0.010631029863373354, 0.07016853859026967, 0.007411707066153474, 0.04999161284505814, 0.04494664453173923, 0.02039270791582811, 0.022143264536482632, 0.007018709168461871, 0.5615698662153441, 0.039670670925851456, 0.024888195793866346, 0.026382664378449952, 0.016436026565063933, 0.003411064888777934, 0.008040882554865922]
            , [0.0243879036039796, 0.0017220220181017197, 0.005681664293479703, 0.007851067509977846, 0.009813279026467716, 0.008108494007386542, 0.003819320626464043, 0.1153321871057563, 0.02033593687655099, 0.0901868018485354, 0.5363622474403963, 0.009711901287301232, 0.004393816295711235, 0.02300514054836344, 0.006562418880876192, 0.018970949613069554, 0.04308705358884505, 0.06275801161272462, 0.002062416658669996, 0.005847367157342677]
            , [0.5644310521439986, 0.00508102297202839, 0.0014358146906692426, 0.0018273296611408245, 0.0007651103369123528, 0.0129323006661116, 0.0010143903058277754, 0.0015641996590167473, 0.001556307378071506, 0.0018209152386563906, 0.0012018671517172105, 0.002073278867096351, 0.0016361629594211816, 0.0020756968630700253, 0.001807681919666501, 0.3505510519714492, 0.03467164986993255, 0.012615589682238098, 0.0002587933723917056, 0.0006797842905836043]
            , [0.060398359538321504, 0.0016783091144744028, 0.05769884355529247, 0.30650713774428273, 0.004257895915785398, 0.3069369717752267, 0.004068107158213354, 0.022904775523327245, 0.057758339543870545, 0.011031278820271148, 0.002595615420996469, 0.02060652525090124, 0.004708416300242379, 0.023512695395393395, 0.02412490063475099, 0.034062528653714716, 0.032418787521945346, 0.020058870736694046, 0.0019394639191796014, 0.0027321774771162438]
            , [0.006434065860174394, 0.0005310563335699373, 0.0010351988808416973, 0.0010379939340682547, 0.4269347495685872, 0.0011654045428474353, 0.010134694520002697, 0.001784250270915952, 0.0012332998556914103, 0.013187027813291213, 0.001531695659267859, 0.0018618922768725238, 0.0006351408611033183, 0.0012982339083291586, 0.0015375987949132084, 0.004772477865031155, 0.005418909866219449, 0.005965960863674589, 0.01081872230421388, 0.5026816260203847]
            , [0.004852874075225899, 0.947776270972653, 0.0013907264245220383, 0.0017949331624858365, 0.0016635530718375827, 0.0031986413713332457, 0.0014004641231205475, 0.0017518061060434135, 0.0020737277449950986, 0.004887472787844354, 0.0011176922305136466, 0.0018167859284258605, 0.0009909677412721497, 0.001518886541296975, 0.004226313849214317, 0.010569892312377609, 0.0042182623081260355, 0.0025112282424900817, 0.0005582517246499011, 0.0016812492815724777]
            , [0.01480933162625526, 0.000598514119029213, 0.011236446168342637, 0.35643587003999944, 0.004675968900811392, 0.01779599938419465, 0.0015406610093908974, 0.008570148113109358, 0.47670280488387595, 0.008979416226865376, 0.0009912414774515847, 0.02585140967772997, 0.0015999621090427357, 0.01965899761612404, 0.01027382116653212, 0.011711357703174247, 0.014115521018486924, 0.0113495907716589, 0.0007721545089759332, 0.0023307834789496563]
            , [0.0032106485580365536, 0.00029475026786660404, 0.5107782952298401, 0.007577624948391041, 0.0005642987940328084, 0.009331336594933822, 0.0007908300347887429, 0.0011572277181911236, 0.004104784911737123, 0.004998493204300581, 0.0005742685528885259, 0.4389667074379959, 0.00109534750407295, 0.0013686865757971554, 0.0009712770504336577, 0.00442565412689921, 0.005801784033003042, 0.0028453597086097655, 0.00037423424375182724, 0.0007683905044295843]
            , [0.016790873706879417, 0.0005570330219884207, 0.0024418068267829996, 0.0071070612331560045, 0.0016209481589764734, 0.006931351391535473, 0.0010074058762336781, 0.0029756500095248772, 0.43352968335114417, 0.002656587311445133, 0.0008117586442563475, 0.009893462607673856, 0.001397724788422024, 0.009150976488705807, 0.01193406304732551, 0.011209753324745294, 0.46248921952026, 0.0037902473103255596, 0.0009358580129222406, 0.012768535367696654]
            , [0.0022342730951944796, 0.00043832597386591823, 0.0009190551613913827, 0.0008375810332039215, 0.008079321386722398, 0.0008651396038026385, 0.0012440627762018046, 0.0006889357276450816, 0.0008326528608245609, 0.0011844271656421498, 0.0006018993350353315, 0.0011413756045828751, 0.000654439724324789, 0.0011606770230311622, 0.0009279433514065272, 0.0012779972468635373, 0.001337003884459224, 0.0010127821808232798, 0.9628396809842104, 0.01172242588076861]
            ]
# The number of clusters.
n_clusters <- 192
# The base file name of this file (for reproducibility).
fn_distributions = "udm_0192_lclr_rb"
