20 A C D E F G H I K L M N P Q R S T V W Y
8
0.49769888987243305 0.0783664125857897 0.0166735355989143 0.0515087716374723 0.0590432040228326 0.0383849809986984 0.0603256034454842 0.0300918931265297 0.0560958762758819 0.0548539340116628 0.0856090643105058 0.0247077027482010 0.0464529520201063 0.0510366549832542 0.0445095187003792 0.0528030256916121 0.0674720959372165 0.0637103672201300 0.0690184894857534 0.0140103941610843 0.0353255235970929
0.12262113240420344 0.0799735550098568 0.0056387712426022 0.1594381191260241 0.1638526130024186 0.0116400958546795 0.0523523352049618 0.0253695476873216 0.0180630728676838 0.0684928517338758 0.0300999955318837 0.0099404498871151 0.0810768764574783 0.0283830672951320 0.0609263188186386 0.0429948795667263 0.0680411945933378 0.0502246364245941 0.0257889597157359 0.0042390383771198 0.0134636191425177
0.0957231157146087 0.2459096524587898 0.0203962308527275 0.0340296856286877 0.0393368856193603 0.0168002168592141 0.0674609679935110 0.0164537151555098 0.0288320797246372 0.0330528936322718 0.0415067155762685 0.0153520030066622 0.0336606239315390 0.0349185645979480 0.0303359211110458 0.0326400682013856 0.1400845402161102 0.0925951494806131 0.0555106999384944 0.0059797239407968 0.0151436583092742
0.08229837664120948 0.0471308154519952 0.0113625404882223 0.0165637545482998 0.0202052014067846 0.0625054693061323 0.0230908792989439 0.0132974867253221 0.1278123137848163 0.0205440201748020 0.3226671078357413 0.0641543320126221 0.0158980799162088 0.0140493852156974 0.0199913647394039 0.0239211378537027 0.0251181470431610 0.0312549824767895 0.1033385661092376 0.0100435532574196 0.0270508613543238
0.06763590472650446 0.0647537124867961 0.0079466084707831 0.0363947957259592 0.0693580404305844 0.0133656096774437 0.0328346084184933 0.0333339867708531 0.0241141555461578 0.1889630066661639 0.0421225870518920 0.0153789202857170 0.0466709344818538 0.0195511459013846 0.0829115093836912 0.1643194709382609 0.0530904834125513 0.0515592723901234 0.0320839757971293 0.0053809880540706 0.0158661868805413
0.06711219939633381 0.0534524553996571 0.0117263693580240 0.0128136517426991 0.0168610071119367 0.0266261567228823 0.0184441437307058 0.0092075912770035 0.2480141050999448 0.0171374021172663 0.1268692205031983 0.0334644206839711 0.0128644189952979 0.0125292089129643 0.0136978065987248 0.0173060161489052 0.0226140006673708 0.0424785896188845 0.2841619306605738 0.0048651190353874 0.0148663853923853
0.03662743986010681 0.0348508004393839 0.0116605720509452 0.0157454631807688 0.0174158960565704 0.2449054206907085 0.0200839822291434 0.0447707949252581 0.0334236084670059 0.0181794028720704 0.0769378791503907 0.0212724060533273 0.0214778838292063 0.0116061441363003 0.0186559148771624 0.0208567144941056 0.0286980097248185 0.0246433866768625 0.0364623634072266 0.0467940865098701 0.2515592734960936
0.03028294138460025 0.0853874533272865 0.0086392427734559 0.0461473147459501 0.0315100968960091 0.0139192136401873 0.4671683368207918 0.0151059776359686 0.0208260477718108 0.0308283352788136 0.0304939964694142 0.0101043201487934 0.0468874687361205 0.0172485728142085 0.0233305357048177 0.0269993773399424 0.0532477579501349 0.0274806857232535 0.0264362213002027 0.0054040887859391 0.0128349565439166
