# This script is generated automatically.
# Vector of amino acid stationary distributions.
distributions <- [
              [0.07836641258578972, 0.01667353559891429, 0.05150877163747235, 0.05904320402283264, 0.038384980998698415, 0.060325603445484155, 0.03009189312652967, 0.056095876275881924, 0.05485393401166279, 0.08560906431050583, 0.024707702748201037, 0.04645295202010632, 0.051036654983254215, 0.044509518700379176, 0.05280302569161212, 0.06747209593721647, 0.06371036722012999, 0.06901848948575336, 0.014010394161084324, 0.03532552359709287]
            , [0.07997355500985684, 0.00563877124260221, 0.15943811912602412, 0.16385261300241857, 0.011640095854679525, 0.0523523352049618, 0.02536954768732156, 0.018063072867683765, 0.06849285173387583, 0.030099995531883687, 0.009940449887115115, 0.08107687645747827, 0.028383067295132042, 0.06092631881863855, 0.04299487956672629, 0.06804119459333775, 0.050224636424594134, 0.025788959715735867, 0.00423903837711984, 0.013463619142517744]
            , [0.24590965245878982, 0.02039623085272753, 0.0340296856286877, 0.03933688561936027, 0.016800216859214134, 0.06746096799351096, 0.01645371515550975, 0.0288320797246372, 0.033052893632271776, 0.04150671557626851, 0.015352003006662207, 0.03366062393153902, 0.034918564597948, 0.0303359211110458, 0.0326400682013856, 0.14008454021611022, 0.09259514948061305, 0.0555106999384944, 0.005979723940796814, 0.015143658309274239]
            , [0.04713081545199521, 0.01136254048822231, 0.01656375454829983, 0.020205201406784626, 0.06250546930613232, 0.023090879298943934, 0.013297486725322097, 0.12781231378481633, 0.020544020174802016, 0.3226671078357413, 0.06415433201262209, 0.01589807991620878, 0.014049385215697433, 0.019991364739403945, 0.023921137853702652, 0.02511814704316096, 0.031254982476789525, 0.1033385661092376, 0.010043553257419636, 0.02705086135432381]
            , [0.06475371248679615, 0.007946608470783104, 0.03639479572595924, 0.06935804043058443, 0.013365609677443682, 0.03283460841849331, 0.033333986770853107, 0.024114155546157777, 0.18896300666616392, 0.04212258705189197, 0.015378920285717015, 0.04667093448185384, 0.01955114590138459, 0.08291150938369121, 0.16431947093826085, 0.053090483412551334, 0.05155927239012336, 0.032083975797129294, 0.005380988054070605, 0.015866186880541318]
            , [0.05345245539965708, 0.011726369358023972, 0.012813651742699057, 0.016861007111936686, 0.026626156722882266, 0.01844414373070584, 0.009207591277003515, 0.24801410509994481, 0.017137402117266283, 0.12686922050319835, 0.03346442068397109, 0.012864418995297926, 0.012529208912964301, 0.013697806598724768, 0.017306016148905173, 0.022614000667370765, 0.042478589618884496, 0.2841619306605738, 0.004865119035387447, 0.01486638539238535]
            , [0.03485080043938388, 0.011660572050945183, 0.015745463180768804, 0.017415896056570367, 0.2449054206907085, 0.02008398222914342, 0.044770794925258116, 0.03342360846700595, 0.018179402872070385, 0.07693787915039069, 0.021272406053327295, 0.021477883829206255, 0.011606144136300268, 0.018655914877162418, 0.02085671449410557, 0.028698009724818535, 0.024643386676862458, 0.03646236340722656, 0.04679408650987009, 0.2515592734960936]
            , [0.08538745332728648, 0.008639242773455943, 0.046147314745950116, 0.031510096896009074, 0.013919213640187306, 0.46716833682079184, 0.01510597763596864, 0.020826047771810838, 0.030828335278813606, 0.03049399646941419, 0.010104320148793398, 0.04688746873612048, 0.017248572814208524, 0.02333053570481768, 0.026999377339942395, 0.053247757950134936, 0.027480685723253524, 0.026436221300202678, 0.005404088785939124, 0.012834956543916639]
            ]
# The number of clusters.
n_clusters <- 8
# The base file name of this file (for reproducibility).
fn_distributions = "udm_0008_none_rb"
