20 A C D E F G H I K L M N P Q R S T V W Y
192
0.01754796055093801 0.0674608623489791 0.0164976248626298 0.0581671858767259 0.0790365357910477 0.0409583591719764 0.0593545827147077 0.0279750063702991 0.0615461838153384 0.0728530380345553 0.0911557449572860 0.0235787996246765 0.0414460035893946 0.0393948800541967 0.0386644810888640 0.0537399143255388 0.0581669892644865 0.0499871684020577 0.0652473842282617 0.0167258830777430 0.0380433724012349
0.01624891586610004 0.0612892627824507 0.0172036526329958 0.0581570009303205 0.0774073261862764 0.0376951036362805 0.0489105919047278 0.0267308900452702 0.0681482211913579 0.0724750044275065 0.0987380477114325 0.0256432225847230 0.0492900805543678 0.0305219137024885 0.0427659281668107 0.0486452537246441 0.0732296792649402 0.0563841444534582 0.0673865595696611 0.0057168436046279 0.0336612729256599
0.014392955269178153 0.0645764569193317 0.0056849067531164 0.0531100447637613 0.0615996795968139 0.0420977043419031 0.0628656195219580 0.0272687325153551 0.0549838707907581 0.0563767893052626 0.0992111540885466 0.0208943464207946 0.0448575274925901 0.0471969198136329 0.0413264232851173 0.0571711352401486 0.0706523715467512 0.0590086653472168 0.0783049140917391 0.0123301512428485 0.0404825869223538
0.011460205420222434 0.0622975071630509 0.0163460837765230 0.0463281947200971 0.0555087991831336 0.0319881591926434 0.0518346231634308 0.0235759703695755 0.1263104646544365 0.0523573605110115 0.0777067235149918 0.0177348807766999 0.0357463284876057 0.0300788791804103 0.0346838946826317 0.0454821973995317 0.0502806163773333 0.0496181492888185 0.1536674910405811 0.0094725857583899 0.0289810907591036
0.011313312461759931 0.1290409988009407 0.0128514556846589 0.0627532464509272 0.0656370256929238 0.0297274082565844 0.0749389681432544 0.0307979257621866 0.0411964872216128 0.0228321005219297 0.1113483988362462 0.0172245426050148 0.0204171449492472 0.0434063354257446 0.0426014284195198 0.0850209505311076 0.0492091472406397 0.0532226043763132 0.0750070982437039 0.0133611797910094 0.0194055530464350
0.011165142173223841 0.0639511436215121 0.0263181448512211 0.0442854278316874 0.0534670229281824 0.0395352909416200 0.0479788385730524 0.0376820704157659 0.0522494694420303 0.0516358467266429 0.0970140492562470 0.0242438210265232 0.0424316556895904 0.0566800738303512 0.0470585670234278 0.0600924911879265 0.0825111807065941 0.0609594929945245 0.0692657618952274 0.0103117046168324 0.0323279464410408
0.011092334359029383 0.0769138304532987 0.0169566417994369 0.0760874020422010 0.0825831999416758 0.0214914771243378 0.0713225200754735 0.0333902913782909 0.0276127120197856 0.0755491266009960 0.0509274754931589 0.0153049758468060 0.0644992733957132 0.0426907942515551 0.0559511608180503 0.0633355667653594 0.0900192019377735 0.0628465812584556 0.0398546401104143 0.0095998821768521 0.0230632465103652
0.01051242650562089 0.0711412228729647 0.0185755507090874 0.0477301538897047 0.0576930205802272 0.0347090691981526 0.0706422256641195 0.0166865735190578 0.0518167953600348 0.0575120517281877 0.0942837611706702 0.0191287526469277 0.0387984851851015 0.0600105100277075 0.0426372562030902 0.0659217604273662 0.0701369986123326 0.0643286712501236 0.0758705236703750 0.0171195597712045 0.0252570575135646
0.010387248158409367 0.0708233011688565 0.0121806774765538 0.0513341606030428 0.0616478067512210 0.0387271396345900 0.0540057787079019 0.0244384837982046 0.0554740976193117 0.0542515246554275 0.0823256018903861 0.0215615061411222 0.0358113655575506 0.1419366411897735 0.0356981333051345 0.0481109083327844 0.0500431992662545 0.0476520279467461 0.0653718130558863 0.0131746182643055 0.0354312146349463
0.010020654427289902 0.1947264386210849 0.0185857000169786 0.0430955881182546 0.0543551756996173 0.0317919608223733 0.0589604238571163 0.0228400984943039 0.0482833312835952 0.0491394843316854 0.0755937798974118 0.0214639682611437 0.0339151890001503 0.0274049059037868 0.0353290900806397 0.0448157424406361 0.0955564818230939 0.0486440935848573 0.0594842642727982 0.0080686774607408 0.0279456060297319
0.009988721175450226 0.0674540892945705 0.0109406301963524 0.0505686746682851 0.0509099707656893 0.0391560258893676 0.1885669506599882 0.0247622212672882 0.0541967708093150 0.0431044953590305 0.0834647024182980 0.0219982181022860 0.0343691798878590 0.0374311958651981 0.0331271537048089 0.0497696456337709 0.0481484817344179 0.0470949955741186 0.0651316265025462 0.0151129689279576 0.0346920027388517
0.009901862730446312 0.0854723667945424 0.0136429837978305 0.0485454134468431 0.0705104720899991 0.0325414784709632 0.0481110338812624 0.0288791744464090 0.0564018066402627 0.0511957845445272 0.1101546730636155 0.0189133141013602 0.0384732556471786 0.0265414860065912 0.1032688034190299 0.0591643462624158 0.0572617100506340 0.0510785295484143 0.0601434900462827 0.0110415737576356 0.0286583039842025
0.0097166498697762 0.0672872550311456 0.0152461841396678 0.0493058890907990 0.0583837136294648 0.0347619801424227 0.0514465603669958 0.0261909885673178 0.0495934822994749 0.0518632462801239 0.0771251293840056 0.0206327201334975 0.0367414834508294 0.0274210562785854 0.0366873108566504 0.0478180131145564 0.0921618562673251 0.1520000783875947 0.0630209493250693 0.0114159586311882 0.0308961446232857
0.009544210309841957 0.0706405907886984 0.0123991438252220 0.0533206933405451 0.0597026610640609 0.1221803447270010 0.0583598351315360 0.0244676472514460 0.0548557029570641 0.0526965921662502 0.1061716582524849 0.0196598126704084 0.0405756775398773 0.0328950139769347 0.0374047353444874 0.0485921314658253 0.0585573066922709 0.0502247564241468 0.0618675574450431 0.0087572572835999 0.0266708816530973
0.009393485361158692 0.1089936544894960 0.0121960535838848 0.0644617229161474 0.0884603492089232 0.0173530861424084 0.0519666902945045 0.0262976082332936 0.0429554433075861 0.0624633807539443 0.0754756780528817 0.0210370757163668 0.0497629779693164 0.0289884287956559 0.0643670630042868 0.0578133117160892 0.0827640605323430 0.0672453663599824 0.0585039772773668 0.0042621175334206 0.0146319541121022
0.009362829439392603 0.0557212129977142 0.0157225607619810 0.0306509037112758 0.0436768521944098 0.0522372024515059 0.0303164768525610 0.0220840081638298 0.1117520955427647 0.0482788262685640 0.1878614099553477 0.0423755913613611 0.0309886812716375 0.0202929402606228 0.0330102384167459 0.0405385095448752 0.0475780614626580 0.0488640762331240 0.0995939291937651 0.0058122750512275 0.0326441483040291
0.00928363497483021 0.0682980230826298 0.0133892385730328 0.0511143605699323 0.0601738071373667 0.0454963936758647 0.0556247648355732 0.0237161535115563 0.0627826960273418 0.0568829503535899 0.0938915897407381 0.0228555470320570 0.0391028593432424 0.0327514415109643 0.0358121023652529 0.0473403637261031 0.0557554505558005 0.0499353070955168 0.0681641965793725 0.0092364689716692 0.1076762853123959
0.00898729439775803 0.0814403536161074 0.0061834434773212 0.0674060677810708 0.0430145758036766 0.0358618472535275 0.0786379502522182 0.0185869734422529 0.0477402745005654 0.0459692182886637 0.0681000226942421 0.0146759099228280 0.0635646778636202 0.0443987923968750 0.0420483491548906 0.0474488872379227 0.0808035765346450 0.0799423265564562 0.0641465816959163 0.0230412915965426 0.0469888799306573
0.00887361202120879 0.0822388487432986 0.0084933663995950 0.0569035592544496 0.1407819162341528 0.0310485359143002 0.0377316984956148 0.0200680219285620 0.0467847979884156 0.1200107984701487 0.0700515184376147 0.0177347300610287 0.0423408696204282 0.0227992000572451 0.0602311755600231 0.0500439457378031 0.0534986665559237 0.0514953731277433 0.0510225107712869 0.0082335225960465 0.0284869440463193
0.008834014788927593 0.0767791541169920 0.0177560384511101 0.0482663972469145 0.0553517042036144 0.0334971051439674 0.0556661680496998 0.0257917663216198 0.0480543589917899 0.0462066245765597 0.1509926759513845 0.0772850723708127 0.0351875094644074 0.0292109101234564 0.0389869707690576 0.0514346274895824 0.0554818972367009 0.0511064456222453 0.0629405126309450 0.0106063238136973 0.0293977374254428
0.008752265664218025 0.0639336872268779 0.0094975593946940 0.0503309461143331 0.0542312951523691 0.0233022761713491 0.0562367780119243 0.0206081818227687 0.1078559511392400 0.0442842908337898 0.2233031849759304 0.0178871238242092 0.0338477854411561 0.0248886433606605 0.0317531847512973 0.0442848465877118 0.0447730767825932 0.0394660442256724 0.0777210803724374 0.0076246226725843 0.0241694411384014
0.008556834162959217 0.0772622627051530 0.0116426956615286 0.0557295122057056 0.0589620439842872 0.0383531659613837 0.0562995765747872 0.1085806931119091 0.0588684969371933 0.0528615741203950 0.0857033537585234 0.0225243414629804 0.0349566227778897 0.0304659054798466 0.0380885392378709 0.0458211094169713 0.0552497529532497 0.0541550140158725 0.0717311203233579 0.0112879287790911 0.0314562905320038
0.008422714505232583 0.0913466942770658 0.0109877221272566 0.0521705903031054 0.0688812101889237 0.0335536971430498 0.0532799461158332 0.0241872386638929 0.0565119019392698 0.0506918965720132 0.0961011491092179 0.0225914318184437 0.0351531451673006 0.0262627780518190 0.0387517421707581 0.1288680061900855 0.0537814613179694 0.0528674168919427 0.0674509170091702 0.0087921385553747 0.0277689163875079
0.00832180542941921 0.0752904382343238 0.0124354510286000 0.0527748547479389 0.0579254569348165 0.0293647159538759 0.1959630456810697 0.0234538073334071 0.0549384239178937 0.0551252591748097 0.0759819491031102 0.0197699104847939 0.0458889362333887 0.0249017414707494 0.0381880795058866 0.0463955635380306 0.0596539937931728 0.0455666095189620 0.0592205297996084 0.0049909135102973 0.0221703200352647
0.008232392324268123 0.0725397468470926 0.0039037487638683 0.0873862106819399 0.0894096255989238 0.0213922336003107 0.0576454383873881 0.0326204356210141 0.0253882665137418 0.0915547794026112 0.0440053272817399 0.0132767650796865 0.0716528234278315 0.0371875193933151 0.0663411667500826 0.0620863251976069 0.0848760830051785 0.0689265629299024 0.0358288395247319 0.0087961617587020 0.0251819402343321
0.008081667375584857 0.0517669709798186 0.0135941988166562 0.0278156867163398 0.0337212229742699 0.0966994520383384 0.0316675101483795 0.0257063683737695 0.1047077556846254 0.0364018678260274 0.1513889259190668 0.0374956519491445 0.0293418817992754 0.0250452605854847 0.0279738537791405 0.0329625735821911 0.0443803358959707 0.0468989481632958 0.0980076447940842 0.0163141900418795 0.0681096999322423
0.008075280725216922 0.0753915613392185 0.0113755740976812 0.0556308421231981 0.0598122433160924 0.0355459622865843 0.0591680877686506 0.0256026876414723 0.0530718923684050 0.0527717778743611 0.0857095575073628 0.0219678770825859 0.0406219481788559 0.0362971225619957 0.0416153271137529 0.0544100432885644 0.0611430116150675 0.0573936142608006 0.0653064973144795 0.0787833528998055 0.0283810193610659
0.0080382381530829 0.0785075389030046 0.0765424501018491 0.0477619363760341 0.0491170247677105 0.0382893412227798 0.0676119226924377 0.0288166333665118 0.0473309487380981 0.0452616242408116 0.0826894386397263 0.0198648951703793 0.0398036289532748 0.0376124523364524 0.0390282676497197 0.0568002393249808 0.0694196824319957 0.0546097868893922 0.0658015767846999 0.0201501916711339 0.0349804197390076
0.007967984999035616 0.1048335866053145 0.0018507366304722 0.0619177394574101 0.0615733420017508 0.0372230092022582 0.0571483860753442 0.0199382206868295 0.0458596127395017 0.0615558491172898 0.0839765316450948 0.0199609499136720 0.0432869760747297 0.0403892962987779 0.0513216502221325 0.0534919385606478 0.0620370159851402 0.0659846914381833 0.0717514674076347 0.0202831717331720 0.0356158282046440
0.007929665096828006 0.0647481487507381 0.0151584064289770 0.0504185446069923 0.0569477812198659 0.0406344325366535 0.0611092897808540 0.0246007373136797 0.0593571299972247 0.0595885449609361 0.0867429637097451 0.0220387892716536 0.1284641255416062 0.0324837801824296 0.0354964932121382 0.0473697722826282 0.0573220313690248 0.0471678552776594 0.0640545266310200 0.0126607845229067 0.0336358624032670
0.007764889517335285 0.0842471228924034 0.0115354855424621 0.0546326835968766 0.0724261191290420 0.0251030894258096 0.0450533869952746 0.0238292768218657 0.0455328158500676 0.0662869249262174 0.0663954892057412 0.0174810350190689 0.0433385047536704 0.1393481470316421 0.0414872612743090 0.0419568501648678 0.0794886893941974 0.0585998278030656 0.0566748951185419 0.0043991357695961 0.0221832592852805
0.007689527042993653 0.0767293247485084 0.0022005238780140 0.0682218173245820 0.0876288452750327 0.0304163937830494 0.0557053972828944 0.0283259027454366 0.0579148924004327 0.0841412913193564 0.0883781225769995 0.0194098644439817 0.0464645861963503 0.0282164095397122 0.0535353125850903 0.0592928475709748 0.0607110630638085 0.0514772939954224 0.0606261256619056 0.0055360076321123 0.0350679779763359
0.007589895297253868 0.0731222270406491 0.0721550403955688 0.0465839696833384 0.0567615620350070 0.0371462573288186 0.0477437116799833 0.0233626869230471 0.0662006747241430 0.0569529674743432 0.0977548232334113 0.0285070949930951 0.0438315810387903 0.0270344182166377 0.0380021041882969 0.0465703454568943 0.0668612382974540 0.0552361637758790 0.0772622403806117 0.0070974469456271 0.0318134461884040
0.007513255492838649 0.0639823221032401 0.0120806487776634 0.0385381710788723 0.0447422380775269 0.0345303761869810 0.0485119273531057 0.0211864872119741 0.0562758357731110 0.1604348747595290 0.0841926350323424 0.0222941796571372 0.0330899103155933 0.0267534262107913 0.0316667734489943 0.1220134093617006 0.0490740751006047 0.0452401305927431 0.0681127953792393 0.0083268806962666 0.0289529028825836
0.007494095541734845 0.0728335945427346 0.0130222695530745 0.1466577368257618 0.0541947981403056 0.0374807976005630 0.0593183498333411 0.0236243076364343 0.0580685077903878 0.0527018078124250 0.0853639729823490 0.0228683089229037 0.0369058361382191 0.0346543020596494 0.0355960813415864 0.0487398788946015 0.0550638909063019 0.0505364239060196 0.0676984540516976 0.0121610030975326 0.0325096779641113
0.0074430023387913645 0.1668920235376527 0.0059595999043835 0.0826159107162336 0.1131966352393039 0.0244025589636835 0.0559197458831089 0.0259164465733952 0.0313303572099913 0.0433386166854584 0.0710004372473979 0.0137260391251179 0.0273445946459406 0.0285008229726814 0.0555373337700122 0.0802197117218843 0.0529328709480054 0.0486623406403276 0.0426577332421951 0.0107964852218388 0.0190497357513880
0.007408514426804516 0.0828489604596227 0.0043213824588592 0.0891078695903188 0.1332042290482783 0.0121034108239624 0.0410712605860907 0.0269979547678059 0.0257229990391450 0.1038692159013512 0.0449021045292979 0.0122769952920505 0.0606438107190783 0.0357396650357837 0.0772507380445939 0.0644459284111091 0.0755456373741347 0.0593572430639244 0.0351651799207125 0.0015140940899792 0.0139113208439013
0.0072577894781212515 0.0823532614830336 0.0093803161189644 0.0730230579319192 0.1185686244857686 0.0116996364770534 0.0422960697468848 0.0469359044628014 0.0165564396213678 0.0924876858750979 0.0399922770987412 0.0130701500061234 0.0577025891661481 0.0214578176513181 0.1101252012972247 0.0910112268244669 0.0708216352240834 0.0538179258149211 0.0272525370993676 0.0057449064804063 0.0157027371343083
0.007012542103992551 0.0796116556482887 0.0119285659315167 0.0298232251464417 0.0330290758707661 0.0428898773932862 0.0477399422733093 0.0231125097019565 0.0980401701054228 0.0208474466263004 0.2124828140127204 0.0328959588594201 0.0176932465695117 0.0267528635329279 0.0288283677349645 0.0510758824383303 0.0339619194768781 0.0386914202727194 0.1263954911918074 0.0179822514583343 0.0262173157550974
0.006891195747001787 0.0566598795742280 0.0092846664491369 0.1264884709965965 0.0972443538648723 0.0213701349800015 0.0604999453073147 0.0266871783348147 0.0349170502545422 0.0791045670683000 0.0495685978408864 0.0154766780127687 0.1033632124042588 0.0178137401421258 0.0459237105049639 0.0420996288946828 0.0859990512719749 0.0620046294433786 0.0396266953047053 0.0042648707375580 0.0216029386128902
0.006803059971924285 0.0550586122665654 0.0208802352959068 0.0158973804497191 0.0254644137671504 0.0423553225669728 0.0189233617020612 0.0136097181775601 0.1690071633294256 0.0277700626307466 0.2070932505395423 0.0453245855556032 0.0162349254419206 0.0145303424696210 0.0242510859293745 0.0310230910403519 0.0312909441562292 0.0446269856091701 0.1644233403871402 0.0111450598897787 0.0210901187951602
0.006785177350894067 0.0699818854062320 0.0095428845258331 0.1270104333352065 0.1804759215530906 0.0334290824409913 0.0453994932465683 0.0168611395117703 0.0550735365740479 0.0454598471849316 0.0804447006222202 0.0204246116158794 0.0341726768041161 0.0283734570334485 0.0335814491383975 0.0319564769441196 0.0482850553147672 0.0453123235315477 0.0600877524389797 0.0081427911716472 0.0259844816062056
0.006591023179708846 0.0929523726985939 0.0112375799186796 0.0361632225656826 0.0402235201701740 0.0320327912170479 0.0508531120835378 0.0168089149868770 0.0683970047098072 0.0351768953022134 0.0926216150318333 0.0261921726591259 0.0824051073513472 0.0346445992732922 0.0512959206764778 0.0342274050180445 0.0973082369591669 0.0914759550753636 0.0740827396875249 0.0069425333817002 0.0249583012335102
0.006569308568457867 0.0903210771804760 0.0134808950249947 0.0979347657183903 0.1099430235038050 0.0093146944371231 0.0667135741446035 0.0279427338778934 0.0203818931626580 0.0720763128276446 0.0353982793577190 0.0124228401657628 0.0785227552558956 0.0290059478627884 0.0636531752684073 0.0463488014374784 0.1107359788270350 0.0715498457439245 0.0313521786950970 0.0022865254055271 0.0106147021027764
0.006511828715146452 0.0663750649439058 0.0096148350672431 0.0450003785196324 0.0904807907768373 0.0218118939695955 0.0270843014723599 0.0359721208243850 0.0404252476160462 0.1242269695086657 0.0683025972524175 0.0217958927930400 0.0546703335337904 0.0112556396682446 0.0821635826628952 0.0959924417925864 0.0665913219211188 0.0645197843729043 0.0469254817043948 0.0031136076407644 0.0236777139591727
0.006362381096536775 0.0629244395939785 0.0156989511392612 0.0361779403507713 0.0438894861283351 0.0893536010277768 0.0387675047909479 0.0324988178340221 0.0559654744001717 0.0449337834964146 0.1014711222540306 0.0282166100471251 0.0335059890825339 0.0240143977613373 0.0355860173803697 0.0486869543119945 0.0503481292104420 0.0462809617288191 0.0632803463379103 0.0652918727320447 0.0831076003917138
0.006353439786021666 0.0761457174646683 0.0040104020292027 0.1502294138761498 0.2751315507201810 0.0073902753404874 0.0284197275391132 0.0175106130364928 0.0140981663067117 0.0771196697259119 0.0225468872545654 0.0098806890833719 0.0465499149966893 0.0224152621998021 0.0800389197559585 0.0352071076024523 0.0510264380910665 0.0458633521084115 0.0253808445308782 0.0027184599316470 0.0083165884062383
0.006334279834917861 0.0611083214251391 0.0077698053354355 0.2325256968609589 0.1612659766972127 0.0106522509860358 0.0611658412737425 0.0279764255085665 0.0122682168305831 0.0482330315994905 0.0215979531280666 0.0081710192311533 0.0945916928520751 0.0250719067499613 0.0470431925344280 0.0333929648650414 0.0669364422498361 0.0417955341401317 0.0196206957994243 0.0051874226684301 0.0136256092642873
0.006278077311680034 0.0461487088098678 0.0136688049434403 0.0128430679860754 0.0182288582265981 0.1127017403419339 0.0188789964302280 0.0198695996003235 0.1287461888694240 0.0182745895906802 0.2285586299385399 0.0484793621185561 0.0135110001772785 0.0120829719413392 0.0172557524082009 0.0249997795045890 0.0243720253229250 0.0329938433966205 0.1155213990696443 0.0244624184332211 0.0684022628905138
0.006239757409472424 0.0582783052432648 0.0062492101480706 0.0307532902578152 0.0574694414319805 0.0093097886227016 0.0320238526165274 0.0258206769184273 0.0184412352902900 0.2281633467153674 0.0340230929734237 0.0150278978786830 0.0442290129009594 0.0269767503501431 0.0714128892590884 0.1979088978800137 0.0562716160644829 0.0480623243133513 0.0258598240091003 0.0032875232471054 0.0104310238792041
0.006235925419251664 0.0926137865999151 0.0106873907408887 0.0478594720726139 0.0737030766302041 0.0278734849750840 0.0480070378508793 0.0215065147383201 0.0754595065671331 0.0673175083495389 0.1089535624643935 0.0306668713550580 0.0414037586926306 0.0182397240923213 0.0459250736939374 0.0520062577293999 0.0648528641067166 0.0616468369783871 0.0871671568810826 0.0019117253512872 0.0221983901302085
0.006161840274983618 0.0669944110713296 0.0130896525741778 0.0549800818681923 0.0608651751849703 0.0439407990728306 0.0433860481318276 0.0945579441726670 0.0266124412970582 0.0624121803840811 0.0546603418326973 0.0162261074178532 0.0660533536659312 0.0225507291763916 0.0577633381010938 0.0690646597318334 0.0742573004183939 0.0532462101981399 0.0367200300538875 0.0136137484034446 0.0690054472431990
0.006069872509685355 0.0483338756044269 0.0031958909995218 0.0687244378571999 0.0647731171868487 0.0351314959965252 0.0499769688832957 0.0122568598072895 0.0713820007148893 0.1016746864566737 0.0742954105583866 0.0137043599174164 0.1112542580910337 0.0249664049297776 0.0319665991071672 0.0331927949444081 0.0782325904907962 0.0687016363708986 0.0526019563463280 0.0104084476906179 0.0452262080464989
0.0060302752774041585 0.0310454116550189 0.0080397046928052 0.0091561162089709 0.0145348836781528 0.0557332894604282 0.0094611303836120 0.0114373220192432 0.1282933103993904 0.0180903644253643 0.3971524920331567 0.1003749175177001 0.0127004682250683 0.0089761863391147 0.0212692697792680 0.0177653722488298 0.0204079159780222 0.0264720117696772 0.0867421975227163 0.0045765165838031 0.0177711190796578
0.005975350084239918 0.0683613546959476 0.0067510922985658 0.0486525912012051 0.0516897916567816 0.1395483544682089 0.0541571850480197 0.0172158322906727 0.0431541420681114 0.0469416808251913 0.0701223995462931 0.0182543552834540 0.0347826221659974 0.0264711285818839 0.0337627775574552 0.0423459325390320 0.0498796767633242 0.0468370384221221 0.0543340112344883 0.0087198380146964 0.1380181953385491
0.0059280888715172 0.1349625983833803 0.0551697760855527 0.0290205986944672 0.0338248803632147 0.0254559472867823 0.0388644615021134 0.0212982758695632 0.0823714261984881 0.0298429256308145 0.1045884951887271 0.0195521656693695 0.0217089586242750 0.0178544074133015 0.0271372853449952 0.0449579888701539 0.0420871573919666 0.0570996472376019 0.1851240523307428 0.0082067212688477 0.0208722306456426
0.005908928920413395 0.0719364709534099 0.0044560103195601 0.0524430542312082 0.0553515283274377 0.0379036337633096 0.0565033836524974 0.0211821148752181 0.0475758908855269 0.0539979254826954 0.1107323453022050 0.0830901508294230 0.0438554221178127 0.0351232736082475 0.0455637929780606 0.0451091658301353 0.0583247032018915 0.0584208306985042 0.0664384089774062 0.0143769125466848 0.0376149814187658
0.005906374260266221 0.1215794941651636 0.0144225994364958 0.0531418531656833 0.0424067014771621 0.0093811794948239 0.3680704198664621 0.0190325725344890 0.0121803321650435 0.0342134802498527 0.0209703539917208 0.0087737658953437 0.0522178096543754 0.0197501789648774 0.0293196963695027 0.0332938687592459 0.0880604758367995 0.0379428975750361 0.0225345220056870 0.0036657317803437 0.0090420666118917
0.005846339746807633 0.0777305476448931 0.0083673798342301 0.0181670623564608 0.0202878133997340 0.0338396857333795 0.0302437319545093 0.0108708661373850 0.1719981510583464 0.0197759594747870 0.1310355448126026 0.0329024551404386 0.0210840983619868 0.0339280688023688 0.0187214996305204 0.0220772017047893 0.0403120515524170 0.0643341270040487 0.2166211707085239 0.0065196007841916 0.0211829839043871
0.005820793145335893 0.1692836807122312 0.0128255792460606 0.0694947574408216 0.0763515931908667 0.0130893038670795 0.0837444530787944 0.0337883971730387 0.0170643213827428 0.0296457674579054 0.0486483097448061 0.0108124172469491 0.0279016177840051 0.0436633921788945 0.0585545575158863 0.0926624855175616 0.0839080277616062 0.0651656537246160 0.0438793896631400 0.0078333999597451 0.0116828953532488
0.005810574504747197 0.0954981983152912 0.0025679272015110 0.0540503935576147 0.0532977205499797 0.0308217250201631 0.0566782094114318 0.0174831176589972 0.0411042034022188 0.0545949669679744 0.0655007708751282 0.0155276928718733 0.0403022332406004 0.1857894743108031 0.0346679026445025 0.0403572375454142 0.0646912919599583 0.0516776537719069 0.0547729470182280 0.0105373120537385 0.0300790216226646
0.005786305233349044 0.1782179677938161 0.0090753513356403 0.0358290788544377 0.0387862226265268 0.0270837561869981 0.0439523823905766 0.0186741709945428 0.0546835327842057 0.0333516615284523 0.0710033666847187 0.0214511822060274 0.0263693566712008 0.0262598083745243 0.0259225533936502 0.0406618219050551 0.0526571607509058 0.1066003594276699 0.1566648107048708 0.0091863792079175 0.0235690761782629
0.005749262661215022 0.1299546377280317 0.0260188009241970 0.0400986662011764 0.0398726588246737 0.0137560354106907 0.0629236924802857 0.0259536672062595 0.0191032086956622 0.0407613199253495 0.0317951229091235 0.0132935852604499 0.0647339255767008 0.0334559073049063 0.0369486793267779 0.0380952364634410 0.2090344501651594 0.1192096794314669 0.0344946318968581 0.0053504763868788 0.0151456178819112
0.0056649588763582805 0.0600467740710377 0.0099252596785176 0.0503417005785725 0.0530644040376141 0.0290970987257885 0.0543021411062982 0.0210243127279415 0.1406255699631982 0.0504996677529980 0.0929686462509344 0.0890358463497374 0.0371974507835490 0.0271856719799568 0.0307605305104910 0.0441659599286515 0.0484579603195900 0.0436293351983802 0.0804585418332837 0.0086099051880143 0.0286032230154453
0.005647076255328063 0.1294758026153168 0.0084227659639199 0.0547946279770828 0.0599034966410061 0.0204687553901511 0.0640070615567439 0.0195455280591525 0.0278242197128356 0.0303022229376221 0.0576605595350244 0.0141316541687544 0.0238986458711539 0.2426738027122606 0.0296537441806950 0.0511110836684752 0.0527227754203883 0.0424063417175559 0.0459405046540529 0.0097632582365074 0.0152931489813014
0.005583209751648714 0.0444353457539181 0.0087160818594724 0.0312502371185428 0.0326892721291088 0.0192487391231867 0.0439191486617809 0.0151677834129816 0.2269619362228951 0.0278899796387264 0.1204363211583854 0.0150204932207817 0.0214907518289279 0.0143939080812220 0.0198014789026112 0.0347905985535677 0.0298122849064117 0.0286281459579848 0.2459819556684281 0.0038164655873097 0.0155490722137568
0.005581932421575127 0.1676320113497786 0.0043796648611523 0.0504795605110718 0.0475564675473274 0.0141498225126063 0.0740054220266123 0.0122123686372411 0.0272056037483581 0.0463965054496000 0.0381582188442120 0.0135245074425087 0.0535271117712637 0.0402077809994669 0.0374787696256053 0.0319200235027288 0.1520639431062770 0.1185475760430433 0.0518482046397669 0.0050630440349809 0.0136433933463986
0.005514233927675017 0.1653669270048164 0.0030377073285038 0.0855646469297255 0.1604998204221726 0.0168149877152768 0.0329495800458174 0.0177581062205846 0.0271822981264112 0.0986193787320028 0.0509667345834126 0.0093141753031879 0.0432778483287039 0.0076730290475505 0.0791188101641957 0.0610932362208761 0.0570029598610477 0.0396907251377315 0.0253712115266364 0.0039424057549491 0.0147554115463971
0.005455476744290015 0.0498796558901306 0.0042446227565421 0.0516432378426591 0.0447406429724654 0.0277175402030470 0.0623708231858952 0.0210596649920134 0.1609776974662000 0.0425079932963189 0.0732651150376734 0.0121048513467971 0.0356955063702105 0.0312288869249428 0.0292290558846085 0.0402381883250236 0.0423517044202356 0.0358510765633220 0.1929413400425685 0.0118989622695104 0.0300534342098358
0.0053302983970784906 0.0846776326807941 0.0014501986899537 0.0630896461494781 0.0417613633348431 0.0338229233329674 0.1707605610112886 0.0159106865783060 0.0475722146827395 0.0515362268037480 0.0693856890563865 0.0160832586952531 0.0588863015212555 0.0271934078856060 0.0406879452416264 0.0357459022492891 0.0701023292927365 0.0607493504480724 0.0621093802364315 0.0113529876743043 0.0371219944349201
0.005244717282148163 0.1423973603772987 0.0055600981083779 0.0703019526775373 0.0563418544981449 0.0341030189380068 0.0690018090108448 0.0084817313291233 0.0498150451153578 0.0739266641100950 0.0663178911044998 0.0180509891034276 0.0516541326498357 0.0442220462234622 0.0459304896241881 0.0239751584260259 0.0752279202406191 0.0613494589549774 0.0677712351007467 0.0105706580569983 0.0250004863504326
0.005235775971633053 0.0598188972609673 0.0093986406064027 0.0306222453785054 0.0484743862894520 0.0176314734540181 0.0387928717713313 0.0352145968268561 0.0227662756916902 0.1472921045994005 0.0471311430303979 0.0167178504389285 0.0407647617453615 0.0264562844070939 0.0761589792977222 0.2022342005991643 0.0587217984615703 0.0538413543935103 0.0328717898004210 0.0148231135393854 0.0202672324078214
0.005189792088983922 0.0356614410228638 0.0128602257058124 0.0145938792993053 0.0190716835110954 0.2349989226699477 0.0151818775750155 0.0403010548973614 0.0431257500292117 0.0213376757581006 0.1094328929605818 0.0283292840913909 0.0204487369462827 0.0117862901467634 0.0208489458936363 0.0232053825271403 0.0287381532921056 0.0274086763910475 0.0426464371968795 0.0353808737080301 0.2146418163774279
0.005185960098763162 0.0937977048633121 0.0105598234714765 0.0761752459894324 0.0414889712607143 0.0221108143039846 0.2255010975082873 0.0232973883030359 0.0211547267987418 0.0364906994089360 0.0362820032904223 0.0125517535013665 0.0755789514392211 0.0325880861669406 0.0319836026844316 0.0351076329324994 0.0995951523255367 0.0533542379705031 0.0337473601416734 0.0119569952752774 0.0266777523642072
0.0051821281085424 0.0676533146008078 0.0419261851582675 0.0290317562452245 0.0357652842990971 0.1104270113721316 0.0348214265350183 0.0471561445707824 0.0439450623924446 0.0359714203266349 0.0879428475167545 0.0226853855306428 0.0379845859618639 0.0203606978856610 0.0326209993820270 0.0402523122869980 0.0732374221668204 0.0508718293483575 0.0586859613423634 0.0088054872442311 0.1198548658338717
0.005164245487512182 0.0368507223001896 0.0081569095578991 0.0053114709392259 0.0097989587740298 0.0347453127121840 0.0064684233626352 0.0059063398523896 0.2685040985731365 0.0125280801281338 0.2200753270623913 0.0492635792094073 0.0075004599947072 0.0076004712982201 0.0100645357678765 0.0097990399101407 0.0166114004590860 0.0352870183415645 0.2371476466762386 0.0033028370302862 0.0150773680502581
0.0051425308762612035 0.0714835590797096 0.0020824013886512 0.1765528286697403 0.0907636631696934 0.0090248918195107 0.0888111792875273 0.0150350625346553 0.0132604523397916 0.0624154230868797 0.0196007638951821 0.0066199137779119 0.1384891590374246 0.0244334690727891 0.0401575312899658 0.0274272350273566 0.1071739816641124 0.0655046251147031 0.0216636502624487 0.0039235833012942 0.0155766261806523
0.00510165631390642 0.3214353006779643 0.0218643617967656 0.0271914180651466 0.0373127528212234 0.0085991424160532 0.0811373022177942 0.0130781980553619 0.0207956765277181 0.0277068255983882 0.0274792165563244 0.0124727747400099 0.0273088572814283 0.0213546084372584 0.0278430004606636 0.0251570897935270 0.1604428098867761 0.0756507574895572 0.0532146346098426 0.0024168659475193 0.0075384066206781
0.005058227091404462 0.1586693159528015 0.1109317809314143 0.0240305716473263 0.0274769509918363 0.0236714690321296 0.0409054278849184 0.0211913609220495 0.0367536599262367 0.0273819989204436 0.0580938085966015 0.0201127826116354 0.0355289321073073 0.0181953455246611 0.0267373906906817 0.0310281131496009 0.1363401340371040 0.0993272166592790 0.0751793782116748 0.0067751088000331 0.0216692534022649
0.005055672431257289 0.0513306072595035 0.0047110974917896 0.0340045952474998 0.0786213641562802 0.0236192378551451 0.0262783977393106 0.0223668651887015 0.0914522363288165 0.0845794463977022 0.0706373138591742 0.0156441942841999 0.0287365625328486 0.0156272619675235 0.0464083552189050 0.0680316999589265 0.0423511883646500 0.1251045429449013 0.1366512672932025 0.0076563634991064 0.0261874024118128
0.004999469908019461 0.1012363629225247 0.0193057377277087 0.0202134656421420 0.0310626540537394 0.0224726823083633 0.0282674962235414 0.0157345859764725 0.1036215808866190 0.0310783499762327 0.1861362500376717 0.0712143433503338 0.0241422018172632 0.0149369916007346 0.0329368867783806 0.0321934861491339 0.0543630367571028 0.0710264543550058 0.1242994414083656 0.0035269712629087 0.0122310207657554
0.004922830103604242 0.1122093026220089 0.0143165304662620 0.0294534970634129 0.0399528787815198 0.0121774663822405 0.0303247880242581 0.0188913500454737 0.0430466978024369 0.0438339453638144 0.0418526555332612 0.0226541334010983 0.0464633041615092 0.0193249024434171 0.0360976575573218 0.0333280077477277 0.1542246220212620 0.2152936120816519 0.0718569958604364 0.0033133749349240 0.0113842777059630
0.004848744959336197 0.1535968654882265 0.0049238424846499 0.0430332031300261 0.1135775169428488 0.0111291493531100 0.0317391841890912 0.0232580916086066 0.0280529327440680 0.0800341895584820 0.0683228529047131 0.0125256853898801 0.0191373384562278 0.0126786250829577 0.0879964515122905 0.1340307850969029 0.0482967436739119 0.0599271716303787 0.0529926259469882 0.0051470904399170 0.0095996543667227
0.00484746762926261 0.0666595185998037 0.0147749202340960 0.0073030201426760 0.0133714639353136 0.0131602159075350 0.0099609210689373 0.0069560209827263 0.2499240625075954 0.0124735485788656 0.1043828257641011 0.0255046047056961 0.0099214563722308 0.0105669123609929 0.0118837802156169 0.0122192161646190 0.0235733060571170 0.0565769171438259 0.3411201039132915 0.0022703132708130 0.0073968720741470
0.0047874331158040215 0.1133075217706449 0.0012500673256558 0.1069351238817611 0.1086827967976917 0.0092993034864008 0.0731300150301948 0.0166853660834443 0.0160516396336065 0.0868995404221793 0.0337247061746777 0.0080952360531516 0.0570395806362875 0.0611262549372958 0.0656953234482787 0.0536367144951422 0.0814735622334670 0.0615863938468861 0.0287784093198495 0.0055546370060364 0.0110478074173483
0.004768273164700217 0.0557021346371009 0.0043275619769055 0.1568926649944500 0.1865097848446252 0.0052159028129642 0.0438992199356599 0.0344545366848130 0.0085951762641429 0.1014769100259957 0.0164508387540454 0.0061670233045668 0.0989726419933409 0.0109917052249198 0.0827456964349017 0.0527669289572597 0.0675337150248669 0.0412666139762672 0.0134984522500810 0.0011400728994739 0.0113924190036191
0.00475422253389076 0.1058987617854721 0.0077688721356607 0.0971074102609456 0.0888659812102583 0.0106371498515031 0.0600561002475734 0.0229536542810461 0.0165999584205225 0.0404034515487878 0.0311728909538307 0.0088564688758810 0.0532599581124127 0.1625573636937206 0.0435407629994578 0.0323536511804284 0.1100240603104443 0.0651962804187414 0.0286770439552854 0.0034632330497900 0.0106069467082378
0.004704406661020868 0.0795668919752334 0.0013613081881024 0.0402915493517250 0.0362994936720216 0.0358933758302742 0.0507338417821404 0.0113169750819421 0.1104208385065469 0.0395163557167757 0.1582212107294240 0.0302524690383318 0.0363709766652391 0.0209055996166130 0.0370611451680709 0.0333281089124787 0.0469178561253190 0.0535785875340518 0.1398558799691193 0.0066988626933909 0.0314086734432000
0.004666086758813259 0.0908646517978521 0.0161974438315177 0.0485300376721418 0.0369257436452603 0.0380357177133133 0.0738757592918507 0.0313730522941428 0.0402335992727790 0.0141376809874387 0.0966428023945931 0.0219011171270696 0.0429527133677580 0.0701447228947118 0.0445940167134077 0.0731046249971333 0.0781741603629662 0.0655420674058704 0.0630673549080711 0.0184568298043336 0.0352459035177887
0.004641817487415105 0.2503897732525781 0.0089383204553960 0.0266636019209215 0.0289012720138268 0.0301312560556514 0.2277068188995004 0.0189893751928731 0.0397709183878770 0.0287916279440307 0.0684670307661719 0.0191848472561704 0.0225049730161996 0.0173357315546010 0.0227811196259644 0.0350670472387203 0.0496483096672754 0.0325443899109780 0.0399901177523289 0.0073900136221578 0.0248034554667774
0.004636708167120757 0.1007484958459080 0.0111161732442658 0.0444203766148042 0.0447759607752726 0.0742640529931972 0.0569408112142356 0.0740314600109952 0.0369717704866493 0.0248441030425771 0.0963571955861674 0.0189140077046280 0.0267181434670611 0.0287516691530844 0.0328128661576211 0.0594715179451836 0.0462292137995952 0.0449984149405780 0.0578080395400207 0.0266322014629346 0.0931935260152211
0.004632876176899997 0.0870677234556140 0.0010026378543159 0.1243037842049956 0.1478280462066165 0.0044068716632381 0.0437505748031603 0.0285582198032114 0.0089687053849107 0.1076972973227688 0.0190234642769944 0.0055274359671728 0.0773626006153159 0.0338300530484555 0.0841047945971798 0.0593669066369810 0.0810898930780622 0.0611755461939522 0.0162557438473899 0.0008598854055446 0.0078198156341203
0.004629044186679236 0.1200934925774294 0.0364675329469547 0.0223806432210457 0.0238515882224186 0.0851828329882263 0.0568537630791483 0.0171639762733683 0.0744131079056721 0.0230680291948093 0.1402711229244392 0.0413694818463415 0.0256786264852635 0.0184974888502056 0.0214620229880519 0.0266512218263928 0.0584277744395027 0.0512673635770211 0.0929660332988152 0.0167505999136087 0.0471832974412850
0.004629044186679236 0.0453890431359517 0.0015150375495721 0.0113269022486655 0.0141799268351704 0.0589374299736731 0.0168387655478850 0.0064950859032913 0.1909001147544316 0.0169932486944052 0.2639962484972475 0.0546887869585746 0.0145057383828056 0.0119658074264952 0.0153752701217791 0.0145380445369365 0.0250068729786134 0.0391009993807483 0.1718701723630990 0.0049025873765623 0.0214739173340926
0.0046252121964584746 0.0448176994985023 0.0082658049868286 0.0305528468680673 0.0299154820697369 0.0283544095035407 0.4070781456546227 0.0140801852093067 0.0617904865795247 0.0317664966682222 0.0791008054849885 0.0200951693513490 0.0271193463510592 0.0188320111480989 0.0217654107407346 0.0267790893575752 0.0295326598139483 0.0325180615363346 0.0595829651267668 0.0061834023897562 0.0218695216610368
0.0045971109348395605 0.0540719337575799 0.0156838303872495 0.0158746701460610 0.0238967570295843 0.0717784262993392 0.0174332697494105 0.0158542935527862 0.1843069604410109 0.0278953507169491 0.1873156644511836 0.0310321931823611 0.0171837250217676 0.0102298133006517 0.0167081385097789 0.0252703107224770 0.0305247928785702 0.0411359199976072 0.1635887267744822 0.0022696884111560 0.0479455346699941
0.004561345692779125 0.0556668043183061 0.0009300523266485 0.0785566867348412 0.1170957782669037 0.0087018997082207 0.0365580826855250 0.0400473263915758 0.0154339236032510 0.1572594854684402 0.0272392102174200 0.0098094642313115 0.0844498502152052 0.0133546858035305 0.0938302418096384 0.0942341548819126 0.0681443943910325 0.0566555491560269 0.0207049967657961 0.0031972115435777 0.0181302014808363
0.004498756519173363 0.0420137000633236 0.0062296343798587 0.0513539284494603 0.0409304013987830 0.0251775781846053 0.0419626961908639 0.0169708609715346 0.0276272893174928 0.0360422198242214 0.0513521279738367 0.0129791796233013 0.0425273227620278 0.0185530806689598 0.0251757298854061 0.0349651965943814 0.2015141667650554 0.2589029205255772 0.0334711734070285 0.0087717363195872 0.0234790566946949
0.004497479189099776 0.0319968278710057 0.0044513887191942 0.0930532397557874 0.0492202845205405 0.0214077886612529 0.3424939493748974 0.0198036960698632 0.0331002657461295 0.0572260051200037 0.0515295782182884 0.0123683158207944 0.0847633269677990 0.0159554902831588 0.0348520511330210 0.0343564609714050 0.0300632874884582 0.0257970064464954 0.0355555357164682 0.0046931979292631 0.0173123031861737
0.004400402103507165 0.0600999548397759 0.0118628972048049 0.0165790631504129 0.0159011247991728 0.0472707795427804 0.0431026654242549 0.0092149048255143 0.1803936599123388 0.0119048288200019 0.2851598363225534 0.0430364120608641 0.0129574135717563 0.0100557846516652 0.0107238063444625 0.0179385380378602 0.0215010334478934 0.0255820034852277 0.1595648303693925 0.0043161654060458 0.0128342977832221
0.004383796812550534 0.1211997290549549 0.0074850681770542 0.0905714515431461 0.0991407320468247 0.0054945949859905 0.0835462279718856 0.0270038247593400 0.0075437129542533 0.0760681039084047 0.0220097388222046 0.0059928725836288 0.0584898088268221 0.0433777487176706 0.0721828113106670 0.0856184410727241 0.1028138899504148 0.0619399104830273 0.0202335781444016 0.0034492859653752 0.0058384687212099
0.0043774101621826 0.0719353924519274 0.0053490697341774 0.2726295614964437 0.1799575428698897 0.0028707298136332 0.0690829982785096 0.0234256405027198 0.0052528796046976 0.0360640777350538 0.0107383919980603 0.0041938751315518 0.0928339409641323 0.0198030293889126 0.0494074785487288 0.0261794046612685 0.0736293068353234 0.0399370314044283 0.0115253603969905 0.0015211058240465 0.0036631823595048
0.004327594289312707 0.1150014886207862 0.0035356234103796 0.0417593955282442 0.0777902009258804 0.0088013399187940 0.0289375221911141 0.0195813501282644 0.0187964479266825 0.0959506928403792 0.0339652116975229 0.0083875797350439 0.0253372556281610 0.2469154828072180 0.0519841994530807 0.0689149142602703 0.0620443738009570 0.0488744508848711 0.0321128446436130 0.0026731510880707 0.0086364745106669
0.004299493027693793 0.1557285384834038 0.0035127413067224 0.0199399214022107 0.0264002477620155 0.0052477908353454 0.0269642580164437 0.0084695296045519 0.0100754738326540 0.0179646983755155 0.0183604016594222 0.0060062483244339 0.0137332907004001 0.5126283797040464 0.0194438744100193 0.0157568138943959 0.0718691768092756 0.0370227380256688 0.0247290537022943 0.0019991081699076 0.0041477149812730
0.004289274387105097 0.0606837386368488 0.0081898137032839 0.0358490423865132 0.0361022023721810 0.0969658515658958 0.0488314025613652 0.0167382236252962 0.0460047575281709 0.0305175174606633 0.2859475693881677 0.0858379999404117 0.0267899977636689 0.0156980100865583 0.0240942378322449 0.0361656092814257 0.0366329034414211 0.0332703346089247 0.0438960088065078 0.0071532350258097 0.0246315439846413
0.00420752526239553 0.0461309720098459 0.0131989771890540 0.0223854485184258 0.0255311192891203 0.1565161313409606 0.0218804479830317 0.0992675879694857 0.0200979185842887 0.0276542428280923 0.0513886688476890 0.0142978872310039 0.0332488442555945 0.0124944528750449 0.0304804443954250 0.0351872667851673 0.0404660143246610 0.0297287496907031 0.0279154801801595 0.0442954864616932 0.2478338592405534
0.004196029291733247 0.0794922971133842 0.0091590788887352 0.0415556006075505 0.1024295868407216 0.0042218477153002 0.0235436621765475 0.0341624342334938 0.0162489327507530 0.1632641270912826 0.0319065292110911 0.0102251804883424 0.0488690000523162 0.0079474902032171 0.1197835993270049 0.1465642215436592 0.0674310217117602 0.0610834245798838 0.0252525223095836 0.0014402557446980 0.0054191874106747
0.004162818709819986 0.0633398341687618 0.0010752160546722 0.2811864305142920 0.3523239568877792 0.0019331979967360 0.0225146152905012 0.0096541980837901 0.0041027316275830 0.0400753256445262 0.0078793398440177 0.0027956746341061 0.0468900233218305 0.0167012010794192 0.0563946307542060 0.0117461748740136 0.0397429549293403 0.0277286583980045 0.0103432044882826 0.0007608165625768 0.0028118148455609
0.004153877399304877 0.0642372097537280 0.0039981151342870 0.0167013119348798 0.0107191664668489 0.0025154867615443 0.7806001175100855 0.0046381718380834 0.0034997470135069 0.0099670512621693 0.0054614530436227 0.0028996588612510 0.0194605726707714 0.0047283645224714 0.0076829199242788 0.0078915554497790 0.0325432135966080 0.0114219270207067 0.0074085862675430 0.0010572474786887 0.0025681234891463
0.004141104098569007 0.1019529951467886 0.0125367512648440 0.0240417525678427 0.0280845504222258 0.0346948207651757 0.0432504775584906 0.0177349297509252 0.0633877753591554 0.0247680716678242 0.1016666821793592 0.0252859980355335 0.0229112008389691 0.2168262730161659 0.0241981705401200 0.0333995170690856 0.0540988603468082 0.0478324738672150 0.0880132352283707 0.0099778711385787 0.0253375932365220
0.004105338856508572 0.0235795730131775 0.0005782019160473 0.0019722904224284 0.0032941564194831 0.0221604729369931 0.0029097649028879 0.0017798224722140 0.3515090135017541 0.0035548437206170 0.2014370337485582 0.0464937802254543 0.0029199589992885 0.0027928655947101 0.0040321994880190 0.0031223092723621 0.0065171026677737 0.0180241827265744 0.2985105164301116 0.0009332135429627 0.0038786979985832
0.00399548847018009 0.0873235839079399 0.0362821527322465 0.0278845616277282 0.0494454064973513 0.0161397636888008 0.0365893561861924 0.0403825964519187 0.0295926304234805 0.1037710465315678 0.0635514799072113 0.0154258842758344 0.0338606414278413 0.0165117338805576 0.0765943427000009 0.1652083668135221 0.0730036648000811 0.0593525032680718 0.0462852012188682 0.0053015340039584 0.0174935496568266
0.003994211140106504 0.1202108701443534 0.0032749317281323 0.1061001457054903 0.1596168024000621 0.0168975835662801 0.0319026670712090 0.0105316111214664 0.0284409441674520 0.0694071528892866 0.0439137631866329 0.0107611575372820 0.0287134647355745 0.1560375447941986 0.0385655706438405 0.0274979068214740 0.0527842710630681 0.0400180418713471 0.0376772978755798 0.0042598351205065 0.0133884375567638
0.003994211140106504 0.3153738001443402 0.0487434638961387 0.0182391090980724 0.0201576295810795 0.0258478728578250 0.1428390116866560 0.0153521404972921 0.0345458703682163 0.0191461107856459 0.0574741138997965 0.0179848266244823 0.0197801929636705 0.0135939670773277 0.0174807820646565 0.0242965348641054 0.0895779191950585 0.0431791324398754 0.0492038371229331 0.0068908018363162 0.0202928829965120
0.003985269829591395 0.1848472828778081 0.0031126245240096 0.1448407190541463 0.1797931122816573 0.0065254671059122 0.0662721741085825 0.0220074743644594 0.0097780135105556 0.0267700634033282 0.0272597902313279 0.0072889676262599 0.0222955708254942 0.0285759166043992 0.0603323147612647 0.0704159627467856 0.0588302272346757 0.0486703873249766 0.0250292962683485 0.0028347793112141 0.0045198558347942
0.003964832548414003 0.0179727351035731 0.0060752936424085 0.0014908271824030 0.0026723354843745 0.0531686915143796 0.0024256882707652 0.0024188901956361 0.2052348041020848 0.0028517693700044 0.4476843340455833 0.0855114674865218 0.0026660745388473 0.0018899778388917 0.0046486441014922 0.0034900988987121 0.0056409246573330 0.0124986353150167 0.1292577833332701 0.0052418848233565 0.0071591400953459
0.003894579394366719 0.0794802739723890 0.0082834508230204 0.0347413528103038 0.0425274088503861 0.0287629963557162 0.0449638653731288 0.1059647491586961 0.0436037137428630 0.0430989993202005 0.0794727916506249 0.0222952780752345 0.1434251156216677 0.0197404253165123 0.0530634393745206 0.0517026370100236 0.0600278159197094 0.0503468593970858 0.0538659223825827 0.0082047841425399 0.0264281207027948
0.003874142113189327 0.1300021549117720 0.0042167560599522 0.1104319775346807 0.1743911012176299 0.0028179267266808 0.0424616563092295 0.0190284827772011 0.0102095739780057 0.0877513777306015 0.0193906069334803 0.0049994410030748 0.0546176846456941 0.0150942262046138 0.0904334713145660 0.0542119313397691 0.0875394303723824 0.0674709295116438 0.0217854143814461 0.0005136686159228 0.0026321884316533
0.0038613688124534574 0.0848199085897660 0.0062936836538530 0.0286437729749569 0.0524680117041537 0.0166558768798138 0.0311959779302769 0.0191794849240118 0.0346198956317844 0.0813817500309505 0.1545716662119082 0.1028539288004530 0.0322153527830771 0.0131146926733239 0.1118533702563127 0.0710167457483992 0.0463220761828632 0.0516180707049521 0.0420600482672671 0.0048182609783947 0.0142974250734818
0.0038230489102458478 0.0545166732732846 0.0073862084107429 0.2008738387053609 0.0316172417522617 0.0348047046836372 0.0427285351852809 0.0194978148410358 0.0516007584747819 0.0404332969768753 0.0838374087231516 0.0185465055027267 0.1365078571068024 0.0239898569470566 0.0265992530205037 0.0380428181075193 0.0484196528156109 0.0424496935194666 0.0590278729211249 0.0111681440277624 0.0279518650050137
0.0038230489102458478 0.2359015137232642 0.0228325609843843 0.0132837551332590 0.0193818354172256 0.0114457237750044 0.0289169118269821 0.0104195330843923 0.0806337377492902 0.0150459640037143 0.0520091320292464 0.0190275887865265 0.0158692645994468 0.0195484414167671 0.0165356410493338 0.0172349535322470 0.0811864653297798 0.1182869882312168 0.2113694685502856 0.0027519700417129 0.0083185507359206
0.0038064436192892168 0.2704407228490957 0.0073239371505930 0.0284515252558416 0.0296975477316991 0.0315461763231161 0.0500365073617365 0.0172800644868156 0.0369503810591671 0.0297475581444967 0.0567640771988214 0.0168973712884462 0.0229954663715193 0.0125223525808797 0.0247573516474192 0.0339864983976432 0.2134138037723244 0.0407551516917447 0.0405555980551294 0.0087076151868481 0.0271702934466628
0.003793670318553347 0.0426883832700611 0.0077221840054469 0.0070392863659791 0.0090853516199591 0.0677474679457878 0.0117739628004985 0.0083404176301703 0.1548730471611185 0.0070414376577685 0.3534973939379965 0.0591061145628203 0.0058166578657739 0.0167437925005466 0.0127735322517845 0.0163278916568948 0.0151999321321690 0.0233727847329010 0.1473440613040206 0.0161907118609689 0.0173155887373340
0.0037553504163457376 0.0216639171154880 0.0052613554785312 0.0013197514602990 0.0025613114696231 0.0140010247247828 0.0017967107300927 0.0016545048243804 0.4007996979272815 0.0026574695210560 0.1287388968486247 0.0250716011138670 0.0024050506346933 0.0013419702429312 0.0023144725407084 0.0023080670247054 0.0047550242637550 0.0181789995189095 0.3588251839646915 0.0003199501417314 0.0040250404538478
0.003729803814873998 0.0575963682989503 0.0046066891353896 0.0340107245367023 0.0461969309661891 0.1012442840212171 0.0325205667610601 0.0897001470050553 0.0402618483496706 0.0439746216565948 0.0716298580619596 0.0190407177978739 0.0414420746724973 0.0156198606707289 0.0358219978374168 0.0404644610126395 0.0510861404376455 0.0445758803926659 0.0501963643839094 0.0061786272987379 0.1738318367030957
0.003723417164506063 0.0570152493871947 0.0079913220717224 0.0194633658135771 0.0477625490362033 0.0422457231925532 0.0168123119584294 0.0454267899037906 0.0598265306261194 0.1048083748752443 0.1407111006893050 0.0346276544641435 0.0245994573795160 0.0094968088676481 0.0662467208521366 0.1279600077920082 0.0337395961949703 0.0416104077162236 0.0616463867476464 0.0096948245678338 0.0483148178637342
0.00365699600067954 0.1246559937531000 0.0013472311728927 0.0767964131339516 0.1249950396059093 0.0168044709060281 0.0409248155070362 0.0079764821701757 0.0344067264121837 0.1306579253625637 0.0476384976475560 0.0115189952283301 0.0458761327366771 0.0210382545579586 0.0595274430176634 0.0195715246351526 0.0649833953398983 0.0939410925896435 0.0535105742920965 0.0066325385574600 0.0171964533737231
0.003609734787956821 0.0387247534056840 0.0119752315461006 0.0039092230605200 0.0078263852411612 0.0207574577723164 0.0056245322726397 0.0051951376158887 0.2540900134754809 0.0101225144952960 0.2454525414250477 0.0714766081284094 0.0055696575080645 0.0032087076934356 0.0115000157473777 0.0102500155834298 0.0144607260692516 0.0341411739788314 0.2406768103575238 0.0015456987323461 0.0034927958911949
0.003607180127809647 0.0353847263084266 0.0009131437864660 0.0035714974364749 0.0060216333444074 0.0071131782967604 0.0043360681069437 0.0026895155647874 0.3454588200252420 0.0064605331414553 0.0909842269160070 0.0197620429256695 0.0054108113435835 0.0044420873714108 0.0052145589648342 0.0048659434519854 0.0104572692562262 0.0325011286643431 0.4100935670717027 0.0011627382156090 0.0031565098076650
0.003600793477441712 0.0673582363366582 0.0038787286882082 0.0396789602774356 0.0294659043764303 0.1314421448821616 0.0585019545207159 0.0225740866214499 0.0311513637152572 0.0299628277276644 0.0588822544339176 0.0184190982588663 0.0414391974143181 0.0241652347483989 0.0292066476358659 0.0310750688929629 0.0536743182991665 0.0482910219406272 0.0470225783696087 0.0639942008079466 0.1698161720523399
0.003594406827073777 0.1243599473746617 0.0009247778144184 0.0607497955430880 0.1785821607448262 0.0032162068630287 0.0184594646610232 0.0122082887861783 0.0142665368026342 0.1702118477612723 0.0246610853571005 0.0091479645295132 0.0316934370348278 0.0107509955517166 0.1228780219991957 0.0764998900278525 0.0483823064037899 0.0585840288263409 0.0294089958301457 0.0009445542569301 0.0040696938314561
0.0035778015361171466 0.0496131257196128 0.0030646496014568 0.0169553084405430 0.0339850827917003 0.0203588014715221 0.0167313441120554 0.0106648456828256 0.2047289418740867 0.0356450218255596 0.2144528758772299 0.0580604278431784 0.0169885482671442 0.0093063671955645 0.0273630239795183 0.0295321311216946 0.0240855178718910 0.0450719900907199 0.1698620004190014 0.0022170511485258 0.0113129446661697
0.0035663055654548636 0.0852573285252361 0.0086766910853598 0.0232081134403722 0.0315980623331621 0.0150148171549562 0.0260482517432347 0.0250701906795349 0.0200641539873701 0.0355433550414231 0.0470598257792517 0.0130577359023350 0.0287701837411595 0.3542513758481229 0.0450964854914322 0.0385990121539402 0.0927712256979275 0.0578013808387330 0.0310417194881450 0.0056888190797234 0.0153812719885803
0.003540758963983124 0.1457957932210165 0.0019246632115686 0.0920600569855525 0.1545114111666578 0.0029209892049828 0.0432086275839723 0.0283723744712710 0.0066097499199368 0.0936170136237120 0.0203738531688987 0.0033354988733536 0.0414465643960558 0.0087146639704964 0.1014613105465809 0.1153749994645771 0.0661441317743083 0.0513320577670998 0.0158441307599186 0.0034016020384775 0.0035505078515630
0.003539481633909537 0.0376706216542982 0.0022083229335058 0.0122649896182582 0.0385242939476973 0.0054671061600451 0.0131606864002454 0.0301923646918691 0.0168215685507015 0.2723589315777891 0.0392108451747544 0.0166745666477414 0.0281740510967915 0.0066987309685788 0.1011178041212063 0.2837686776660338 0.0283690376648316 0.0335764208110474 0.0227808261457262 0.0025967964376037 0.0083633577312752
0.003522876342952906 0.0333171938884204 0.0109594882176126 0.0019369403472854 0.0032548186370737 0.0166850040400014 0.0033940910977139 0.0025070374722330 0.3372666459216280 0.0031455022333943 0.1401583878237422 0.0292711512160638 0.0030612051005070 0.0025053537878400 0.0039094510870353 0.0033431700900910 0.0075970959993459 0.0228016457994669 0.3659435971314787 0.0038199548451677 0.0051222652638992
0.003520321682805732 0.0961005405063137 0.0026957082103228 0.0788932497773467 0.1361516442663882 0.0068596901028395 0.0325349869317845 0.0295617959451744 0.0174749941026260 0.1234477202277180 0.0413515570405314 0.0120150874468026 0.0641435792831326 0.0026298614756487 0.1019666358718623 0.0950178991647215 0.0668455411505779 0.0549832307243393 0.0268038725891408 0.0006933262029689 0.0098290789797605
0.0034934977512604054 0.0501257709299995 0.0020196314624701 0.0220574682856338 0.0234573186175238 0.1077910754942250 0.0296551577111889 0.0166097581749945 0.1126980480592779 0.0236687694262050 0.1845136775246131 0.0415454960672395 0.0263425476930671 0.0163160718513254 0.0209458034516599 0.0257694984239903 0.0303360309243921 0.0390884887637791 0.1123815000959688 0.0265934998877307 0.0880843871547153
0.0034883884309660574 0.0681447213656895 0.0144845587578708 0.0791029334197472 0.0384460375589021 0.0076862811537438 0.0592498078744487 0.0489159534794035 0.0123490828455503 0.0385786439685042 0.0193448214363209 0.0096712933986369 0.2146407005778616 0.0132023939040454 0.0397324159600643 0.0354790334452697 0.1799867488243485 0.0877853438016024 0.0191044326639499 0.0029156371080908 0.0111791584559499
0.0034832791106717094 0.0156153252511728 0.0037244654794754 0.0014851549935722 0.0026728608784955 0.0354940111684661 0.0018702831376305 0.0020049485888839 0.2487602111442966 0.0030794318957579 0.4079200707130430 0.0826092420931449 0.0027041645079556 0.0016994578294769 0.0048343953081252 0.0031994685148268 0.0050939927920900 0.0138587646745230 0.1584041553393657 0.0004439782670593 0.0045256174226389
0.003438572558096165 0.0744545590452542 0.0015924986311639 0.0325846366096003 0.1049099802663742 0.0091941625943726 0.0162279362394548 0.0149292814728130 0.0750875065396422 0.1168091053830092 0.0838790198304703 0.0263701824704775 0.0298740652431378 0.0079608492844800 0.0846721131725745 0.0805093998525576 0.0456260436411136 0.0819811706835937 0.1013270621524312 0.0018908414175984 0.0101195854698808
0.00343218590772823 0.0248143160995658 0.0088641192999997 0.0074645338938769 0.0171950877526397 0.0043679437365189 0.0128572193250828 0.0218036557157968 0.0088824133135956 0.3227570787049712 0.0176367574325912 0.0075329267119218 0.0279287144765141 0.0066445034678662 0.0490739587887311 0.3844735057361444 0.0317362804660846 0.0261608503837437 0.0118996770597047 0.0024265668700776 0.0054798907645731
0.003427076587433882 0.4920264172283539 0.0221180991238432 0.0055865568423501 0.0074242712835375 0.0028381990562287 0.0720645094939543 0.0041234615382871 0.0055657265291941 0.0056958717681090 0.0074750956108010 0.0043292064700930 0.0099661801455968 0.0070865027327918 0.0065732707971140 0.0062261365493488 0.2537775736505739 0.0583033513032264 0.0253175924173193 0.0008390180230361 0.0026629594362410
0.003424521927286708 0.1505337013945198 0.0017157040270432 0.1041757478588434 0.1386360315277100 0.0032544440428600 0.0332408498896010 0.0107857843120620 0.0068945433312105 0.0592973635692801 0.0152341301375854 0.0044015360246083 0.0299384525994137 0.2208434959455842 0.0455796265964799 0.0266259331465992 0.0786690950937366 0.0464249203196420 0.0191970017577397 0.0011341426134028 0.0034174958120782
0.0033964206656677946 0.1142634798901798 0.0014103134491977 0.0309711052815216 0.0210048277661057 0.0052941411723396 0.5532782295365358 0.0081435613521173 0.0073357677682699 0.0203226438744811 0.0111563032391959 0.0049990610801031 0.0352197442967973 0.0162208019663906 0.0172526452932347 0.0197198300585879 0.0802057193489729 0.0293712934597941 0.0147289986235594 0.0029327725275345 0.0061687600150809
0.0033772607145639896 0.0147179036704933 0.0016686998292127 0.0026514025906566 0.0045268179607957 0.0390013080012748 0.0029706553423355 0.0033569256068345 0.1297421219300289 0.0057398397629489 0.5568923615380753 0.1212312593654352 0.0042173877481636 0.0032725341404047 0.0102108030257802 0.0063793339770491 0.0075515756427381 0.0124111995223999 0.0679735124707059 0.0013781945610808 0.0041061633135864
0.003373428724343229 0.1022514272215476 0.0005848574577870 0.0529790602728467 0.0532538628555516 0.0210695748928581 0.0499705003393667 0.0154698570132985 0.0379317176775897 0.0578184501906015 0.0638643527705174 0.0148992508729311 0.0748249810788160 0.0142355786848946 0.0712158788747586 0.0545343584138482 0.1202480552081027 0.1026375165298227 0.0583783205008195 0.0040519377202436 0.0297804614237980
0.00336448741382812 0.0900270236881851 0.0153547507642290 0.0133259139297535 0.0126738327081236 0.0051438129129869 0.0245437523144959 0.0083653506841103 0.0092192868804435 0.0122960493165331 0.0117080284528414 0.0074231190513401 0.0329614596400365 0.0102600818559655 0.0122253860702447 0.0123765626762662 0.3672422263887601 0.3289483637236776 0.0194971329397785 0.0018206475100275 0.0045872184922010
0.0033133942108846404 0.0241374733169385 0.0008219839289802 0.0028383805815298 0.0060385090967900 0.0700771992727892 0.0040970292354833 0.0046087188162606 0.2048620082462416 0.0065755452694942 0.3680804679182095 0.0728410947370033 0.0042544307678992 0.0040020961092640 0.0084255605566332 0.0073086350489288 0.0077402038769275 0.0209054215110625 0.1538826835679775 0.0077792655456215 0.0207232925959655
0.003295511589854423 0.0212439458136756 0.0078681520496880 0.0036592620209283 0.0058392050936573 0.1805329842787457 0.0052615184586956 0.0110366963706293 0.1035676153937118 0.0068175290969338 0.3697220850748490 0.0875913293547712 0.0065148262655892 0.0041224375624001 0.0093306950630099 0.0077557902915984 0.0112585317002577 0.0161418005284358 0.0674336451710958 0.0164506618045276 0.0578512886067999
0.0032112078049976816 0.0786026497171134 0.0159419746287330 0.0167793644932128 0.0180378493764987 0.1606020358998275 0.0546711389678135 0.0306939716646955 0.0446341663588740 0.0140876525559959 0.1055428777761371 0.0247570635350065 0.0189281862808544 0.0158108360474543 0.0207287302050806 0.0262167446056687 0.0410400835701662 0.0377339872234862 0.0616158638022547 0.0791339121357054 0.1344409111554215
0.0032035438245561596 0.2251792341630842 0.0193307508422853 0.0166440969024389 0.0230581728651245 0.0098903377339526 0.0514049183328020 0.0129064507259688 0.0182020677403936 0.0182990284359147 0.0266090486906371 0.0111789760463733 0.0288634109117728 0.1261632099530409 0.0212465695257865 0.0191921577717198 0.1916017054311274 0.1197413535782828 0.0480898757622340 0.0036270167414911 0.0087716178455697
0.003174165232863659 0.0636035223397608 0.0134502668451664 0.0141949520922435 0.0534812858609527 0.0110676128487332 0.0118549718505320 0.0203468339500168 0.1137477297302036 0.0952946977906032 0.0922687759716755 0.0259506402313625 0.0198381293636796 0.0077949258567707 0.0635602073327254 0.0913164402849037 0.0408023024984056 0.0895196741851139 0.1593344630359672 0.0027936629074585 0.0097789050237250
0.00316522392234855 0.0468906048178974 0.0045214950355133 0.1494531849976185 0.0541606194242139 0.0177734424661739 0.0445725068860207 0.0917249410279666 0.0154703219016500 0.0521096857741733 0.0254608368867305 0.0095240525863964 0.2095505873746382 0.0128968564738765 0.0404648268227884 0.0338664131464353 0.0795396794946211 0.0465342251973176 0.0211861993548617 0.0045318846458520 0.0397676356852548
0.0031486186313919194 0.3775653476859017 0.0683003120066282 0.0064850767378117 0.0088859838272809 0.0064666953272259 0.0424811805831415 0.0062354332456671 0.0207406826234815 0.0084089649970921 0.0237733565928177 0.0111339968925069 0.0128484795250618 0.0083817855242074 0.0094991044569227 0.0092817119593397 0.1694222027588159 0.1142189767626327 0.0890254595655254 0.0017155434132445 0.0051297055146946
0.0031473413013183324 0.0375000253714627 0.0027726050104889 0.3296386744795854 0.3612348845884957 0.0037653182315444 0.0295191407970270 0.0099104019913785 0.0063374030420439 0.0241078772437663 0.0110412931882507 0.0054866955376824 0.0485248047461465 0.0060438711860155 0.0432220056267621 0.0086956198767753 0.0305065116099809 0.0233618966679842 0.0120798604862358 0.0013426277068620 0.0049084826115120
0.0031320133404352884 0.2303146349757390 0.0603398875054001 0.0113052143893156 0.0132646595118392 0.0281773505229358 0.0368403595454807 0.0110755077603610 0.0880548911065401 0.0131107232077725 0.1421257712624752 0.0376258165841122 0.0134056498311620 0.0081017059088073 0.0134193111384388 0.0181629680111489 0.0439696801378385 0.0554480488067312 0.1542297314242864 0.0044942480649204 0.0165338403046954
0.003128181350214528 0.0502400324899133 0.0052581889218808 0.0733101044919282 0.0471544165284694 0.0097862219708573 0.2552469471355998 0.0446462092653827 0.0122663651096344 0.0878124644910830 0.0246953111425858 0.0085620320033543 0.1269555849981231 0.0093782904212424 0.0581011800738573 0.0742989643518832 0.0540207243835572 0.0277034910587552 0.0169077833228991 0.0031450743381715 0.0105106135008222
0.003119240039699419 0.0250252729495081 0.0136219982628513 0.0033213468412994 0.0045491673759258 0.0833495597526182 0.0045215988502662 0.0073077559058469 0.1603961685865936 0.0058495707287144 0.4128832021952162 0.0883424350873836 0.0059697774187073 0.0044621468517251 0.0080578415719138 0.0060051601200148 0.0112635188375437 0.0172714779499510 0.1120843518526184 0.0017284163222299 0.0239892325390724
0.003082197467565396 0.0132066095797422 0.0071303307512705 0.0042586978892571 0.0055319210832513 0.3140611200513741 0.0046911024400316 0.0512329071715589 0.0113540037198893 0.0054872723336686 0.0368753579508920 0.0059629151720774 0.0087868019070593 0.0033577913212998 0.0082404328898341 0.0077302031827365 0.0114778399985683 0.0098216579485136 0.0141730109965755 0.0410412693778017 0.4355787542345981
0.003060482856314417 0.0289349264911056 0.0070738259661771 0.0013595291769579 0.0027042693168924 0.0035988354802320 0.0022315704184547 0.0017049899096585 0.3617850228151419 0.0024446857113989 0.0738959079630085 0.0136490664443154 0.0025382037185800 0.0020130166319358 0.0028615426728835 0.0026757670275777 0.0059641188202124 0.0236468235740014 0.4591282709548472 0.0003839755739097 0.0014056513327096
0.0030566508660936566 0.0375522691701698 0.0016307481485673 0.0142441351488947 0.0415969296836023 0.0027907312236647 0.0183007621485992 0.0228008881509845 0.0065989263548999 0.3517678597890180 0.0143350910933339 0.0055754258965496 0.0395594530423061 0.0065182417307797 0.0913452571008791 0.2598199697046782 0.0384004019495855 0.0334105207277335 0.0097148963281427 0.0009915499988605 0.0030459426087507
0.0030553735360200696 0.0494666801581574 0.0023682180698795 0.1060401924400858 0.0433518983646761 0.0029419110387792 0.4966533470848764 0.0137076962248189 0.0043227011493733 0.0343687379398931 0.0074953076176332 0.0034173948703643 0.1043185007131710 0.0067434732799141 0.0265783948417000 0.0198087931539969 0.0498356647400375 0.0166721497753123 0.0075029150152278 0.0010853537113463 0.0033206698107569
0.0029697924210897414 0.0386549011484018 0.0053603785782720 0.0024721574790841 0.0037267305786937 0.0186848499425673 0.0048677629822461 0.0034284135096935 0.2867396884706020 0.0025537612990836 0.2134737707500199 0.0452144572970645 0.0031136119231803 0.0101113412221072 0.0045808435313760 0.0060401187253503 0.0088344250693716 0.0234398839634561 0.3152277752088625 0.0012038780463166 0.0022712502742509
0.0029659604308689804 0.0274145997852937 0.0029348550759955 0.3812096513493330 0.0565487532860478 0.0042408568277414 0.0389146609449056 0.0226092188812553 0.0069591345680404 0.0277884086112943 0.0091959494397447 0.0038775298665311 0.2810255279770841 0.0057633695427952 0.0177709707874387 0.0123167977175484 0.0534823101461451 0.0292142564260309 0.0098336376164712 0.0017096226382150 0.0071898885120884
0.0029570191203538714 0.3261842235583505 0.0136609061843532 0.0100225850491987 0.0109717266098091 0.0041933701495527 0.4077498300266135 0.0059949250964214 0.0067608697167578 0.0090463534610664 0.0102663591897611 0.0059941486031794 0.0138618783182224 0.0091075038521812 0.0092229051368695 0.0099239430151422 0.0984505648441440 0.0253154961187765 0.0179552701026122 0.0014946335450504 0.0038225074219380
0.002951909800059524 0.0644524003239471 0.0028102946609910 0.0311691085832031 0.0693378003150568 0.0091875348157822 0.0217565673709548 0.0134310233906638 0.0235724328505432 0.1784531590933027 0.0252084219101246 0.0078435778847243 0.0631643679468916 0.0107690699730878 0.0586154300158174 0.0738535202595061 0.1105595726497472 0.1816016039943000 0.0413584566964489 0.0032269422540004 0.0096287150109071
0.002944245819618002 0.0170602189603082 0.0119046349774150 0.0037725139335764 0.0048635750863727 0.3995370264478391 0.0052678352657576 0.0186433179947741 0.0219915245230027 0.0049979901874419 0.0837845074997448 0.0226914536090454 0.0071183884335288 0.0029279771949561 0.0070504266037774 0.0061397154600388 0.0125081613782708 0.0110503682177432 0.0238545737115928 0.0384940668581047 0.2963417236567097
0.002909757907631153 0.2188746287372401 0.0061872655407264 0.0521059180588827 0.0414630155243838 0.0040553063100078 0.1160773235805117 0.0090658265968540 0.0074779140657349 0.0256819789283879 0.0135370903603890 0.0060130485485598 0.0618883680516665 0.0236699000031658 0.0307349747031241 0.0136916326874429 0.2390790675125734 0.1035039766789741 0.0208457033551220 0.0016528170197826 0.0043942437364709
0.0028688833452763696 0.0409422626373228 0.0079915144841283 0.0253551613816711 0.0498312936736175 0.0119827635566961 0.0195327785385985 0.1097183386180511 0.0133599779592042 0.1606761591798778 0.0311777269671388 0.0102056492379143 0.0724971271177024 0.0095649158434000 0.1157531301546480 0.1886142706636230 0.0491793460989605 0.0384148512046586 0.0165319961087387 0.0029245931765948 0.0257461433974532
0.0028522780543197386 0.0511626573283911 0.0007179562569555 0.2832912585517066 0.1110638512572332 0.0026551345895343 0.0712670305890313 0.0146267451866325 0.0035124180646825 0.0553009709543671 0.0065685197888042 0.0028138304658018 0.1911064235609401 0.0102870488935336 0.0358954489448881 0.0172548105877962 0.0849412335862987 0.0433300974739113 0.0070609536902723 0.0011642488599652 0.0059793613692547
0.0028484460640989776 0.0282740975534991 0.0084481999298909 0.0095376965034176 0.0125149420978170 0.3244915861169906 0.0108331574499505 0.0253567534037666 0.0525774984122486 0.0138684774834548 0.1602132238680493 0.0269304620630585 0.0153136543698404 0.0085052405035973 0.0164773178792233 0.0131105848497447 0.0269932321898603 0.0227693583491354 0.0449791452647638 0.0042925303659287 0.1745128413457626
0.0027500916484327798 0.1439914303368134 0.0023409734108986 0.0133832619192954 0.0184132268099487 0.0103331437342878 0.0213289884087494 0.0070162135144634 0.1189419306324837 0.0201229024654243 0.0660850405503764 0.0301699042848388 0.0229179994825689 0.0133418844610416 0.0200737294529535 0.0154166316766020 0.0736969657532566 0.1693659454395512 0.2231956881408617 0.0025053927745806 0.0073587467510041
0.002715603736445931 0.1313534844325853 0.0046571359982443 0.0240431728034383 0.0441933843648253 0.0122843266426243 0.0234628840597120 0.0120268112999575 0.0719417279424806 0.0324385630229646 0.0727117821964819 0.0155403469099880 0.0186395779116360 0.2074392622177331 0.0302887012729287 0.0318174458244198 0.0477410526064253 0.0653504501217204 0.1418084658921791 0.0030854665266247 0.0091759579530310
0.002658123883134517 0.0965671712014142 0.0009418102528832 0.1147074228193242 0.1828525034052970 0.0015968867324958 0.0315965531867724 0.0241016233073124 0.0041226837494409 0.1433905179417790 0.0096461799643621 0.0032379538009176 0.0740664344445112 0.0031683645285947 0.1102315215794197 0.0730539005328027 0.0664858893817788 0.0471563090470843 0.0093876884244237 0.0004136500612632 0.0032749356381230
0.002654291892913756 0.0686784884064664 0.0244376806145464 0.0667154510011208 0.0755123795237714 0.0586220718731761 0.0568687882732341 0.0291272153394355 0.0440872644187696 0.0872307808790305 0.0817987383630090 0.0133144627996359 0.0664501486823209 0.0204418922853380 0.0450792411860953 0.0340584891069132 0.0687261963609131 0.0447340504833316 0.0365256777120425 0.0016697302685003 0.0759212524223493
0.0026185266508533204 0.0169977083392306 0.0012428669315159 0.0073832990126705 0.0081427610572107 0.3075655466147586 0.0072457802572882 0.0430018704064284 0.0102728196286881 0.0085293507992464 0.0379567448665053 0.0110872132898997 0.0134868492938493 0.0044934261975198 0.0104368818183849 0.0092924816588406 0.0148990558105519 0.0130118428111075 0.0129740709129088 0.0314439414793016 0.4305354888140933
0.0026146946606325594 0.0587291774436356 0.0030163966904121 0.0582507673184699 0.0246274627137167 0.0053180080478586 0.0281619086729119 0.0099911035069861 0.0099976182974200 0.0316218787048555 0.0125034755854252 0.0062216731567295 0.1235505307200495 0.0106278179790097 0.0183942275147621 0.0179313684786676 0.2761464785067718 0.2790663163218490 0.0176511553789101 0.0019542917766738 0.0062383431848855
0.0026108626704117984 0.4095313549699356 0.0014688328205865 0.0126960109868458 0.0167442663602313 0.0060487152801472 0.0506487301168257 0.0050696274302392 0.0159658139979077 0.0137442559906166 0.0155195319699739 0.0070555342733941 0.0178505840283559 0.0156555331259402 0.0123321304663032 0.0103417602536246 0.2000533074021366 0.1253782993609932 0.0567975405503966 0.0019299679096327 0.0051682027059133
0.0026095853403382114 0.0429743663244936 0.0083688906092205 0.0253647516419717 0.0328256548214156 0.0326052001410220 0.0195637188611283 0.2810414998149965 0.0165496727952777 0.0368453530353843 0.0404309983641576 0.0137471712189325 0.0830284106946965 0.0121602837610173 0.0868233823393946 0.0510588460642200 0.0490056677303573 0.0370633794656346 0.0246151518762304 0.0054203922234141 0.1005072082170352
0.002590425389234407 0.1326800426091272 0.0005064519630836 0.1833378470359768 0.2384652254096860 0.0011060147895624 0.0394080816487905 0.0095881008453068 0.0034293254648941 0.0752893749032573 0.0066596079900642 0.0027170503440621 0.0486683226124040 0.0219027440692228 0.0812652093817832 0.0292984209995555 0.0665511292081946 0.0457127240800617 0.0119910213846002 0.0003713768352516 0.0010519284251156
0.0024524737412870124 0.0328733930641393 0.0048555364730997 0.0134753663780840 0.0143658230920285 0.1829299550308018 0.0167124596948377 0.0248911435389427 0.0203166480022643 0.0153260501959610 0.0508289351991222 0.0142247820501488 0.0156450379215803 0.0100647136352149 0.0162628257579810 0.0188793491786576 0.0236258148295891 0.0244239920928611 0.0291846868904502 0.2787548062163788 0.1923586807578569
0.00241543116915299 0.1383133123670298 0.0040559879985346 0.0133893975586869 0.0138781545141801 0.0763591492830125 0.1077386567644801 0.0086519891344984 0.0743192377499336 0.0129847286390886 0.1580787308762661 0.0368173455536747 0.0189089341895261 0.0215240353974520 0.0175946925461684 0.0198038524573945 0.0549244293680715 0.0709397904047080 0.0989386481126241 0.0250867997206158 0.0276921273640540
0.0023975485481227718 0.2112236148101367 0.0388415075825430 0.0040194112678444 0.0067169658178117 0.0070715508187226 0.0153661543456967 0.0041331202036392 0.1183831664014189 0.0060521940501027 0.0672725967793873 0.0254391126774138 0.0066291048198417 0.0053253660786725 0.0067506614437181 0.0062358091570907 0.0478659956489558 0.1019187965556505 0.3161163304376360 0.0010437678767795 0.0035947732269385
0.002382220587239728 0.0194942972525728 0.0015521850669874 0.0055794099353950 0.0072910504853200 0.3566360640452134 0.0065519666937817 0.0190399033459735 0.0429696482615583 0.0082957896628120 0.1195496403425240 0.0345039059536728 0.0104110520169424 0.0048196880287062 0.0107116650059994 0.0085921928863592 0.0143665943037904 0.0151165907645976 0.0394895201099935 0.0363515426555037 0.2386772931822966
0.0023285727241490746 0.0208408610469465 0.0191621092680441 0.0091422653931553 0.0098207102504050 0.2771492966942327 0.0094407857899012 0.0623467000989113 0.0170458748623799 0.0107437040567408 0.0538205125995068 0.0085625409179273 0.0212088434542035 0.0079073826113204 0.0146433818614931 0.0131983694043379 0.0281952957699408 0.0192844480562850 0.0215223420231505 0.0030839806742241 0.3728805951668939
0.002200839716790376 0.1481735667780285 0.0006560576178173 0.0728709928266832 0.1041352307176499 0.0039090559705662 0.0475650733259216 0.0048491871641660 0.0108429285453532 0.0956591213702966 0.0148505124454711 0.0082346885238972 0.0680319040521714 0.0134559477451013 0.0729744435863304 0.0237105243987394 0.1514396652134882 0.1243038058004199 0.0297426154596726 0.0010841192195909 0.0035105592386353
0.0019211044306748262 0.0838706506624708 0.0310747817975606 0.0069051008917256 0.0079304545207678 0.1209514245748059 0.0347785634507918 0.0060299901509716 0.1236039931994574 0.0079491176157694 0.2536125176989291 0.0465332516947029 0.0100545196683015 0.0079801985790320 0.0078413391326976 0.0083958554086356 0.0310059918997511 0.0299875423482041 0.1237783277894538 0.0253880583765965 0.0323283205393749
0.0013897351200626402 0.0524018492500282 0.0125313214388022 0.0261377893562350 0.0273866281984644 0.0368507819472952 0.0405652972727316 0.0267309131522965 0.0230084665355424 0.0303339931958560 0.0475834445570842 0.0164931738548984 0.0309248964811370 0.0243853650662873 0.0327951700164928 0.0441329950582701 0.0549884427771319 0.0457071844577008 0.0335340152349965 0.3503165482782431 0.0431917238705065
0.0011662023571849178 0.0925796382345112 0.0010587936750291 0.0017264023616147 0.0023159853602400 0.0925889401585475 0.0243016718776311 0.0015722877342187 0.1764244354722966 0.0022459139069658 0.2641867170585557 0.0406359171547396 0.0050339608947991 0.0039472235383832 0.0047138867385988 0.0028106859338139 0.0188683845031205 0.0429391674799642 0.1967600282886774 0.0117580499151470 0.0135319097131454
0.0010972265332112206 0.0149163888094184 0.7573626455942980 0.0131043264224895 0.0169374904471313 0.0086402561289515 0.0152139225005437 0.0097218841578163 0.0141029320320932 0.0159424676737221 0.0178800342708270 0.0064461425074543 0.0112702402935760 0.0115714781535425 0.0122361835446017 0.0147282501634511 0.0195952478182329 0.0147716347378891 0.0137304090908502 0.0039490208929670 0.0078790447601439
0.0006501610074557756 0.2601946212467133 0.0023205187619653 0.0527219657655791 0.1243757570049783 0.0093352217992996 0.1627786026629154 0.0039547754752592 0.0371452534566205 0.1323753516244313 0.0200661865072543 0.0024792577423720 0.0250681374475864 0.0097049038817525 0.0080391986924082 0.0159553620179689 0.0305451964688910 0.0301251660961298 0.0649936492318558 0.0044620750148812 0.0033587991011378
