20 A C D E F G H I K L M N P Q R S T V W Y
32
0.18388188273343525 0.0682872253023287 0.0167493913961069 0.0599113425592539 0.0652294105621567 0.0405458688244363 0.0584565194152737 0.0311529063625233 0.0576564376490115 0.0618673957627483 0.0816974928046028 0.0244293484079056 0.0489433950876047 0.0404342719012911 0.0455161411588969 0.0547157565276147 0.0682002272629671 0.0567878229005063 0.0678026461720568 0.0144661052717310 0.0371502956248654
0.07574822802385542 0.0896784143419832 0.0067523600502269 0.1014223499160300 0.1552485197885581 0.0146744533631947 0.0479390064756267 0.0268072742380663 0.0239100348940598 0.0846003526917561 0.0403488240040632 0.0127290695669988 0.0565085893803430 0.0301379815388909 0.0731289050621343 0.0562777827769066 0.0705987022081711 0.0556246273554555 0.0327322885239179 0.0049339602615662 0.0159465004776334
0.06705727420316956 0.0739413835796917 0.0159990076538278 0.0420254043700902 0.0514254233727202 0.0434430065434431 0.0490115983199861 0.0258029676977378 0.0618855755676469 0.0476473813493168 0.1704971983810105 0.0371749380255950 0.0351607448344800 0.0309129997345773 0.0420492273006041 0.0512079458970479 0.0524969214743381 0.0505446338114387 0.0721577840163138 0.0132396385700101 0.0333762214033847
0.06441958760121244 0.1625404556707563 0.0143204477029499 0.0581523397218643 0.0667478879313284 0.0265625048859505 0.0599105078783974 0.0264848182724660 0.0388511919895128 0.0506080746892532 0.0674027583597329 0.0197450147764606 0.0398202422942727 0.0363211612679857 0.0512737006008762 0.0581982123963682 0.0758841959825942 0.0573038642140634 0.0556044880582041 0.0101990464379855 0.0240690856963304
0.03980926907341199 0.0820237750505343 0.0125934449390381 0.0623578147826227 0.0519581040068020 0.0288566166784420 0.1981332297301635 0.0250518559698399 0.0407651823373119 0.0490832718208361 0.0614398822597621 0.0181739783689479 0.0524733340504380 0.0324061427224950 0.0376709397988256 0.0457850829560111 0.0665580794782944 0.0480743445066898 0.0497234340674432 0.0103501097642282 0.0265213760759457
0.039420960731041545 0.0756989521502624 0.0113850645334478 0.0414879818000388 0.0649733859782933 0.0200916791616990 0.0397330180629172 0.0469276728238514 0.0306795139382491 0.0921816158212920 0.0588396925361236 0.0189136305400117 0.0431266758757209 0.0240417031576815 0.0931467443170479 0.1536813664495237 0.0585380812531588 0.0538869798124150 0.0417984833282577 0.0084988731529256 0.0223688893577723
0.038243262403194346 0.0593258881638307 0.0139524746759092 0.0335709537960629 0.0403765997077077 0.0450078011119787 0.0422224981925257 0.0203710065462796 0.1702985853987320 0.0417754136001669 0.1135826920940941 0.0364328579630631 0.0299367770233566 0.0244805810886554 0.0294658594968301 0.0381578960840841 0.0420555732949617 0.0493810682716049 0.1246977559646310 0.0109313007026693 0.0339764155844177
0.036959545679239425 0.0753838248545266 0.0149303664844575 0.0466133598192812 0.0540079766485832 0.0253017862600553 0.0452879270684174 0.0241255904845197 0.0458684067774705 0.0545631352926745 0.0591484600479268 0.0220495366079820 0.0481653633538355 0.0285503504930200 0.0428746285521769 0.0469456128413960 0.0955419832387699 0.1707426106392539 0.0662073660390463 0.0093422868979302 0.0243494305725294
0.03683947665232225 0.0599543175916229 0.0154638679497452 0.0321083985311882 0.0349454124527581 0.1250419911390042 0.0392083339412643 0.0550255044874657 0.0464217871283935 0.0350584953527964 0.0834275853503693 0.0260545627395028 0.0350098803845221 0.0221272538951493 0.0317704862438888 0.0379822759030546 0.0468322036066711 0.0412907824777227 0.0545909835331645 0.0363459028162686 0.1413399753840022
0.036193147635087235 0.0568500539112764 0.0134647642693743 0.0206349713538352 0.0247880957296571 0.0744701004412159 0.0300157832378580 0.0167295234240368 0.1007387948055850 0.0244932720054082 0.2804784515871336 0.0585165265569810 0.0193562485890421 0.0172461107102155 0.0236080066147755 0.0296447882731001 0.0310397646468719 0.0356973281488159 0.0930901244291269 0.0133938591431566 0.0357434299263697
0.03424521927286708 0.0980574876768921 0.0207034489580311 0.0285819018317286 0.0360304244593595 0.0292386267516793 0.0373708895462009 0.0178741642732871 0.0964365039446187 0.0339636386430811 0.0890592515457531 0.0272912202342514 0.0251006783424764 0.0255584336207643 0.0273636522790715 0.0353829102293253 0.0450964913434840 0.0680655577145842 0.2271930120913578 0.0084762637908270 0.0231554462498881
0.031519396895832455 0.1026675158972281 0.0093528206838102 0.0538165150202626 0.0641608740885881 0.0223264715220862 0.0489862831877128 0.0218868158736830 0.0343279493066547 0.0507059081176041 0.0553260491952098 0.0157749744563949 0.0341268951280596 0.2038983521235206 0.0391356653496110 0.0438328581415140 0.0696376603995786 0.0524144861691522 0.0493624421142000 0.0082627505819419 0.0199967091453639
0.030832193316242658 0.2842027167653995 0.0240478317449604 0.0329332135036664 0.0410262748703344 0.0212848969898919 0.0699120149575376 0.0169892865669663 0.0373837663296325 0.0334116782127678 0.0546654927304362 0.0188928461752765 0.0261672520616431 0.0266090122316169 0.0295313034245827 0.0349118308366130 0.0863963623998509 0.0644331410108124 0.0717123754977422 0.0070872233707776 0.0184014757300635
0.028922584856230112 0.0674825491597844 0.0070384561222144 0.0448209785290377 0.0840527269050038 0.0153710244754670 0.0354974816621032 0.0264137329842335 0.0292458980541889 0.2224181357152315 0.0435718069950093 0.0165515725390628 0.0529409927116106 0.0209594708302345 0.0748211763838715 0.0898829199791103 0.0552993175100473 0.0545897591489644 0.0370314491645984 0.0048383316964757 0.0171722168792562
0.02712282678254605 0.0394512459478644 0.0091599654215326 0.0081318864242925 0.0114151278424620 0.0429292496514859 0.0122979511906940 0.0076276535018602 0.2328324218899824 0.0127788341435028 0.2569375858380814 0.0567146071885745 0.0090113219453679 0.0095422000638651 0.0120307331667686 0.0135162053065983 0.0167548494263644 0.0311131704978100 0.1960311624957378 0.0054855510646635 0.0162382771515095
0.024312700620654683 0.0579956064781260 0.0091151193526916 0.0984958912879051 0.0526958333422615 0.0189314680184864 0.0613636747147209 0.0458190388789454 0.0248781183038704 0.0609087584092222 0.0354508153973008 0.0129327480348197 0.2038494970537273 0.0202662571390683 0.0463066360167008 0.0395895086163017 0.0907669835533846 0.0588356670405966 0.0302115244338008 0.0066449682547975 0.0249418870835040
0.023717464806363147 0.1348142471074257 0.0221371445241237 0.0400238839984923 0.0354915242630446 0.0160644021378493 0.0608266900756556 0.0186638363442464 0.0221029940411931 0.0351788857156320 0.0329051007736792 0.0134196993269614 0.0554837184908190 0.0297082757824565 0.0305940012228205 0.0297479257741103 0.2590344607183245 0.1068100480555702 0.0356568439787843 0.0058579673848527 0.0154783393769318
0.019976165020826865 0.0240512599559621 0.0070946916386034 0.0066477788020228 0.0084623970316199 0.0581447371622609 0.0083053224044037 0.0068295464464572 0.1266324462638418 0.0092547345947000 0.4859749705562324 0.0873616810014082 0.0082610410259875 0.0068200458683992 0.0119219944879985 0.0110214748898419 0.0123851764522819 0.0177503450700890 0.0826843118296102 0.0059455104109070 0.0144505385558471
0.019442241050067508 0.0720339655567965 0.0035111277916299 0.1962940896168452 0.3206447470599834 0.0062805643260628 0.0332690957472571 0.0164556635641548 0.0106518147814860 0.0544006205898430 0.0180602953197559 0.0068082699302279 0.0436871723652848 0.0202662141537349 0.0649173233914330 0.0267866039584128 0.0429824791358651 0.0338952087590829 0.0194635656562647 0.0023792033146771 0.0072119710689180
0.01907692464902163 0.0555248865856044 0.0052016968511014 0.3043535072648144 0.1127832519125543 0.0103295018729829 0.0572103593667225 0.0248024948271175 0.0147356949594241 0.0422208560119852 0.0231333643226649 0.0080544084924005 0.1167832790885840 0.0210887714016739 0.0363950764431202 0.0268908058411785 0.0619453386705055 0.0412607267540676 0.0204933734584531 0.0044003977455239 0.0123922073093407
0.01735636103989996 0.0991069160391522 0.0097943892775979 0.0510484544866794 0.0347744004636443 0.0153158664037385 0.4048774768177820 0.0166488176721371 0.0229190724772595 0.0341707301963498 0.0337012991729468 0.0113248890855166 0.0517827631705181 0.0190601480170739 0.0259976815827201 0.0300135662197527 0.0603131138835737 0.0301974447203414 0.0287781113990287 0.0060476148888872 0.0141272493777599
0.015068662878105668 0.0546166974484864 0.0106755741384974 0.0075694368028493 0.0107687757440856 0.0158219956912575 0.0112346854029511 0.0054879377066905 0.2395716590011018 0.0098818656807426 0.0938730929873654 0.0242721094632409 0.0079341167561266 0.0088658739362333 0.0088094040261173 0.0106390806027303 0.0161734758407530 0.0383417074433986 0.4148387508691594 0.0025656298832613 0.0080581293067921
0.014742943709340987 0.0270365173197017 0.0066204543057356 0.0054144525175881 0.0076534632128749 0.0182236224261826 0.0077240042348816 0.0046192722852192 0.3928532668514971 0.0082628299876971 0.1244055604135332 0.0320407338177092 0.0068493867026510 0.0054461518616357 0.0064958151497139 0.0076243156988391 0.0111075197273434 0.0265459355969499 0.2913383313368572 0.0024693932783313 0.0072689664808527
0.012977673547643773 0.0369387734750516 0.0069855043157169 0.0159448912416100 0.0342736807429387 0.0072665405116623 0.0203365687142016 0.0285438759856313 0.0141186894871565 0.2716654918128127 0.0273504530257846 0.0119527553428796 0.0330927615234721 0.0122514328818030 0.0671861883872651 0.3114622159039462 0.0354078741177049 0.0328592827428403 0.0187065201333531 0.0039991946521110 0.0096572974802677
0.01214357700959147 0.4695085468602079 0.0223643795353950 0.0143674015444409 0.0174129425652680 0.0086613575299253 0.0828303878087725 0.0077335065417061 0.0172340368004627 0.0142633003827707 0.0216982807783736 0.0092486779122751 0.0143750692361418 0.0153858305811507 0.0127080444884821 0.0138408878675713 0.1478086117901553 0.0546197314704954 0.0456802840622698 0.0028253609228568 0.0074333558201325
0.011274992559552322 0.0266628340460004 0.0111668924994561 0.0105437395412416 0.0123489760693406 0.3660988906639481 0.0127777763701562 0.0278263106392477 0.0349756602730570 0.0125859039014275 0.1003589353047813 0.0251108751583956 0.0153038016096760 0.0087726547569680 0.0137415803815998 0.0142942119542262 0.0233313914151368 0.0193000218592794 0.0338507452118739 0.0347112773406979 0.1962375195637885
0.010738513928645787 0.0220499726047343 0.0093809944995718 0.0105671124900679 0.0113148528994886 0.2364176192344483 0.0119389156799097 0.0528986551786606 0.0190561756840729 0.0126319129803734 0.0457495307695968 0.0127916168434638 0.0174814410995599 0.0075953634837636 0.0137867411859164 0.0143146230658975 0.0204468162221958 0.0171925662827407 0.0224474950662543 0.0397434726953730 0.4021941291780672
0.00897452109702216 0.1058981860674637 0.0054456037071876 0.0293952522788216 0.0365646465139482 0.0101004263085682 0.0283876180214916 0.0125259876878736 0.0174316990629092 0.0303868495758611 0.0302402888425847 0.0087373678764588 0.0185983943245090 0.4741732281525766 0.0256870483354683 0.0260440878041560 0.0593926130287504 0.0375578689524622 0.0302443482934814 0.0041738122801025 0.0090146688045829
0.008187685771692578 0.0659943318658345 0.0050456414675507 0.0270444099567862 0.0169596061814352 0.0047994286067083 0.7049475338533504 0.0074574251477379 0.0070769839625586 0.0153749859408737 0.0104918736581904 0.0042970798274572 0.0283349094664587 0.0081928049127926 0.0113851545088924 0.0131820842920437 0.0361838795054601 0.0146577299631824 0.0113070425756630 0.0021181764182059 0.0051489132825273
0.008187685771692578 0.0708937563837753 0.0126511364513261 0.0301338919765990 0.0250258522265212 0.0101391163447737 0.0264448261474258 0.0119177117753510 0.0217808472783151 0.0302121105794071 0.0240308475594382 0.0119496850820593 0.0425961961594384 0.0164249022215290 0.0192346758294852 0.0218360291330732 0.2166398978636509 0.3586652179407176 0.0354065452221529 0.0042100839379095 0.0098066805558502
0.0015264094379364478 0.0302246840418409 0.0067427715581590 0.0161942067380753 0.0160057527891213 0.0775746956987448 0.0275329784912133 0.0165306466410042 0.0175667644334729 0.0180255928861925 0.0425256097732218 0.0152927404962343 0.0180598059648536 0.0142648789330544 0.0168180560502091 0.0236221607523013 0.0253469734100419 0.0232388447447699 0.0252948060384937 0.4961201389121337 0.0730178718995816
0.0010806212422545898 0.0229806283451537 0.6820116040189120 0.0170575118238771 0.0228896381796690 0.0105598614609929 0.0213101285933806 0.0124415717966903 0.0170183393309693 0.0198489139952719 0.0199907126004728 0.0080276338676123 0.0131372615342789 0.0186772732470449 0.0144187745011820 0.0177199020992908 0.0286232564657211 0.0184521086879433 0.0186405101536643 0.0067543870023641 0.0094399799598109
