# This script is generated automatically.
# Vector of amino acid stationary distributions.
distributions <- [
              [0.07975203412307057, 0.01719409526086111, 0.05427540764581861, 0.06134558311158848, 0.04160598571500373, 0.06384782294035418, 0.02989363305683694, 0.05905335577265752, 0.054177313574708494, 0.09713967137043791, 0.02418076018550261, 0.04302815307723885, 0.03468762651238527, 0.04223893122125198, 0.05668908841272484, 0.06487427432700332, 0.05696396236575698, 0.07063595189523357, 0.01191150256529875, 0.036504846866266275]
            , [0.09983578293768292, 0.004535578075268271, 0.0716857390241997, 0.07320034857571493, 0.027935002496350347, 0.06752746352518081, 0.0206563442333302, 0.04389608663333663, 0.06262170114767084, 0.06933086219081044, 0.017121088001087248, 0.05139836608702018, 0.056224853417904765, 0.046743841450454376, 0.0475009962825806, 0.07657317544345062, 0.06707335398065015, 0.059898140926891594, 0.009264487502033455, 0.026976788068381625]
            , [0.07900706563140579, 0.01235217368360982, 0.02236418972521808, 0.029262469239662307, 0.03981120047440597, 0.032746412937607175, 0.015938544100113652, 0.13975654964380255, 0.028788964332043903, 0.17604727598577774, 0.041564175101416814, 0.02221702230312374, 0.018224527651479087, 0.02518506231877346, 0.03217784690118104, 0.04119864596740135, 0.0534836309102183, 0.15885349292486287, 0.006971698403619274, 0.024049051764277025]
            , [0.09352356694401326, 0.003082092708237774, 0.16496292232914603, 0.1559492827515563, 0.005641977740745872, 0.06318125375666286, 0.02257001899898107, 0.010373830781991953, 0.07235747480431122, 0.019655879982173257, 0.006705399712298887, 0.0844298882459682, 0.021634674745648185, 0.06655516320010607, 0.041546976714433755, 0.08362868037475293, 0.05518960213596774, 0.019705489561938388, 0.0019773143274429573, 0.007328510183623284]
            , [0.07824104564367608, 0.006541145504925872, 0.04310875439812957, 0.08412165855527413, 0.012706561144837846, 0.03279166674052376, 0.03519349454871894, 0.026097753177336057, 0.1472430472707412, 0.05006953579580975, 0.01579632717693578, 0.05083420908315965, 0.014750868117589626, 0.0914332677137143, 0.1294184182711845, 0.0652724452452929, 0.06116702475020028, 0.036547661868574985, 0.0037335756168243475, 0.014931539376550416]
            , [0.23947296694757897, 0.0192375514985704, 0.028816680799611784, 0.029924840020500117, 0.010808642277202447, 0.1183825631303024, 0.015138509710404318, 0.02018139052234166, 0.02571512132255347, 0.029112756966147464, 0.012580119040835646, 0.03802022962243557, 0.025815600493261825, 0.025341706957599554, 0.02549226478517649, 0.18003468705929468, 0.09656352033270614, 0.04576765666625314, 0.0036827850460058797, 0.009910406801218012]
            , [0.03373054981126095, 0.005124367334193445, 0.003250369285767654, 0.005529940862935878, 0.03268404756284288, 0.0050054113016930165, 0.004045206386173843, 0.2712508212542917, 0.005917299954623092, 0.27094522939219134, 0.05761803675473951, 0.005035595672491899, 0.004367496200523626, 0.007229941498614488, 0.0063173282338365, 0.011033871805718298, 0.025922378942457816, 0.23491373609936253, 0.0022800240071040364, 0.007798347639177464]
            , [0.042920003917866004, 0.009752678119412913, 0.01568009189753036, 0.018615517545092164, 0.22483513406304428, 0.019991619452574754, 0.04034581362559323, 0.040082269975603026, 0.0190603516141897, 0.10324342304350488, 0.025292108412223808, 0.02210747727338386, 0.011818612563651132, 0.021309569102765238, 0.02315030773728681, 0.03302354075611082, 0.030145848639078415, 0.04597067045997303, 0.03704673287416038, 0.21560822892695528]
            ]
# The number of clusters.
n_clusters <- 8
# The base file name of this file (for reproducibility).
fn_distributions = "udm_0008_clr_rb"
