# This script is generated automatically.
# Vector of amino acid stationary distributions.
distributions <- [
              [0.06828722530232866, 0.016749391396106924, 0.059911342559253886, 0.0652294105621567, 0.04054586882443626, 0.05845651941527368, 0.031152906362523342, 0.05765643764901148, 0.06186739576274832, 0.08169749280460277, 0.024429348407905605, 0.04894339508760472, 0.04043427190129107, 0.04551614115889691, 0.05471575652761475, 0.06820022726296711, 0.056787822900506255, 0.06780264617205681, 0.014466105271731044, 0.037150295624865416]
            , [0.08967841434198325, 0.0067523600502268615, 0.10142234991602997, 0.15524851978855808, 0.014674453363194728, 0.047939006475626704, 0.02680727423806634, 0.023910034894059795, 0.08460035269175613, 0.04034882400406322, 0.012729069566998815, 0.05650858938034302, 0.030137981538890867, 0.07312890506213432, 0.05627778277690659, 0.07059870220817108, 0.05562462735545551, 0.032732288523917935, 0.004933960261566175, 0.015946500477633352]
            , [0.07394138357969166, 0.01599900765382784, 0.042025404370090176, 0.0514254233727202, 0.04344300654344306, 0.049011598319986055, 0.0258029676977378, 0.06188557556764689, 0.04764738134931683, 0.17049719838101046, 0.037174938025595045, 0.03516074483448001, 0.030912999734577253, 0.04204922730060415, 0.0512079458970479, 0.05249692147433814, 0.05054463381143874, 0.0721577840163138, 0.0132396385700101, 0.03337622140338471]
            , [0.16254045567075626, 0.014320447702949863, 0.058152339721864295, 0.06674788793132841, 0.02656250488595053, 0.059910507878397384, 0.026484818272465956, 0.03885119198951276, 0.05060807468925321, 0.06740275835973292, 0.019745014776460578, 0.039820242294272744, 0.036321161267985666, 0.051273700600876174, 0.058198212396368215, 0.07588419598259424, 0.05730386421406341, 0.05560448805820406, 0.010199046437985458, 0.024069085696330438]
            , [0.08202377505053426, 0.012593444939038077, 0.06235781478262267, 0.05195810400680199, 0.02885661667844197, 0.19813322973016345, 0.025051855969839894, 0.0407651823373119, 0.04908327182083614, 0.06143988225976211, 0.018173978368947935, 0.05247333405043797, 0.032406142722494966, 0.03767093979882563, 0.045785082956011136, 0.06655807947829435, 0.04807434450668975, 0.04972343406744317, 0.0103501097642282, 0.026521376075945693]
            , [0.07569895215026239, 0.011385064533447809, 0.04148798180003881, 0.06497338597829327, 0.020091679161698954, 0.03973301806291717, 0.04692767282385138, 0.030679513938249088, 0.09218161582129203, 0.05883969253612364, 0.01891363054001167, 0.04312667587572086, 0.024041703157681532, 0.09314674431704795, 0.15368136644952368, 0.05853808125315885, 0.05388697981241496, 0.04179848332825768, 0.00849887315292558, 0.022368889357772342]
            , [0.0593258881638307, 0.013952474675909243, 0.03357095379606287, 0.04037659970770768, 0.04500780111197866, 0.04222249819252567, 0.020371006546279647, 0.170298585398732, 0.041775413600166886, 0.11358269209409413, 0.036432857963063094, 0.02993677702335664, 0.02448058108865544, 0.029465859496830143, 0.03815789608408414, 0.04205557329496168, 0.04938106827160491, 0.12469775596463101, 0.010931300702669332, 0.03397641558441773]
            , [0.07538382485452663, 0.014930366484457495, 0.04661335981928124, 0.054007976648583235, 0.025301786260055296, 0.04528792706841741, 0.024125590484519694, 0.04586840677747055, 0.054563135292674474, 0.05914846004792676, 0.022049536607982034, 0.04816536335383551, 0.028550350493020047, 0.04287462855217692, 0.046945612841396006, 0.09554198323876993, 0.17074261063925394, 0.06620736603904634, 0.009342286897930208, 0.024349430572529352]
            , [0.05995431759162289, 0.015463867949745157, 0.032108398531188194, 0.0349454124527581, 0.1250419911390042, 0.0392083339412643, 0.055025504487465675, 0.04642178712839352, 0.03505849535279637, 0.08342758535036929, 0.026054562739502796, 0.0350098803845221, 0.022127253895149253, 0.03177048624388885, 0.037982275903054585, 0.04683220360667108, 0.041290782477722665, 0.054590983533164474, 0.036345902816268594, 0.14133997538400217]
            , [0.05685005391127636, 0.013464764269374338, 0.020634971353835213, 0.02478809572965713, 0.07447010044121591, 0.03001578323785798, 0.016729523424036753, 0.100738794805585, 0.02449327200540819, 0.28047845158713364, 0.058516526556981016, 0.019356248589042075, 0.017246110710215517, 0.023608006614775516, 0.02964478827310007, 0.031039764646871866, 0.03569732814881588, 0.09309012442912694, 0.013393859143156595, 0.035743429926369745]
            , [0.0980574876768921, 0.020703448958031105, 0.02858190183172858, 0.03603042445935945, 0.02923862675167934, 0.03737088954620093, 0.01787416427328705, 0.09643650394461867, 0.03396363864308105, 0.08905925154575312, 0.027291220234251398, 0.02510067834247638, 0.0255584336207643, 0.02736365227907151, 0.0353829102293253, 0.045096491343483966, 0.06806555771458421, 0.22719301209135784, 0.008476263790826982, 0.023155446249888065]
            , [0.10266751589722807, 0.00935282068381019, 0.053816515020262606, 0.06416087408858809, 0.022326471522086246, 0.0489862831877128, 0.02188681587368296, 0.0343279493066547, 0.05070590811760412, 0.055326049195209795, 0.015774974456394912, 0.03412689512805961, 0.20389835212352064, 0.03913566534961095, 0.04383285814151401, 0.06963766039957855, 0.05241448616915221, 0.049362442114199954, 0.008262750581941944, 0.01999670914536393]
            , [0.2842027167653995, 0.024047831744960405, 0.032933213503666424, 0.041026274870334355, 0.021284896989891933, 0.0699120149575376, 0.016989286566966334, 0.037383766329632466, 0.03341167821276784, 0.054665492730436166, 0.018892846175276534, 0.02616725206164309, 0.026609012231616866, 0.029531303424582718, 0.03491183083661298, 0.08639636239985087, 0.06443314101081236, 0.07171237549774223, 0.007087223370777579, 0.018401475730063458]
            , [0.06748254915978441, 0.007038456122214417, 0.04482097852903766, 0.08405272690500384, 0.015371024475467003, 0.03549748166210321, 0.026413732984233534, 0.029245898054188944, 0.2224181357152315, 0.043571806995009316, 0.016551572539062823, 0.052940992711610645, 0.020959470830234517, 0.07482117638387151, 0.08988291997911028, 0.05529931751004727, 0.05458975914896436, 0.03703144916459841, 0.004838331696475669, 0.017172216879256196]
            , [0.03945124594786436, 0.009159965421532556, 0.00813188642429246, 0.011415127842461993, 0.042929249651485896, 0.012297951190694038, 0.007627653501860211, 0.23283242188998243, 0.012778834143502796, 0.25693758583808135, 0.05671460718857449, 0.00901132194536794, 0.009542200063865126, 0.012030733166768622, 0.013516205306598264, 0.016754849426364425, 0.031113170497810025, 0.19603116249573777, 0.005485551064663521, 0.016238277151509533]
            , [0.057995606478125974, 0.009115119352691565, 0.09849589128790506, 0.05269583334226148, 0.01893146801848639, 0.06136367471472085, 0.045819038878945444, 0.024878118303870426, 0.06090875840922219, 0.03545081539730083, 0.012932748034819664, 0.20384949705372735, 0.020266257139068333, 0.0463066360167008, 0.03958950861630173, 0.09076698355338461, 0.05883566704059661, 0.030211524433800797, 0.006644968254797544, 0.024941887083503998]
            , [0.13481424710742568, 0.022137144524123683, 0.04002388399849228, 0.035491524263044624, 0.01606440213784926, 0.06082669007565561, 0.01866383634424639, 0.022102994041193126, 0.035178885715632026, 0.032905100773679204, 0.013419699326961378, 0.05548371849081901, 0.029708275782456498, 0.030594001222820473, 0.029747925774110315, 0.25903446071832453, 0.10681004805557023, 0.035656843978784325, 0.0058579673848527, 0.01547833937693175]
            , [0.024051259955962134, 0.007094691638603368, 0.006647778802022775, 0.008462397031619925, 0.05814473716226086, 0.008305322404403674, 0.006829546446457228, 0.1266324462638418, 0.00925473459470004, 0.4859749705562324, 0.08736168100140816, 0.0082610410259875, 0.006820045868399242, 0.01192199448799847, 0.011021474889841947, 0.012385176452281939, 0.017750345070088998, 0.08268431182961022, 0.005945510410906973, 0.014450538555847148]
            , [0.07203396555679654, 0.0035111277916299345, 0.19629408961684522, 0.32064474705998336, 0.006280564326062818, 0.03326909574725705, 0.016455663564154753, 0.010651814781486017, 0.05440062058984298, 0.018060295319755865, 0.006808269930227921, 0.043687172365284806, 0.020266214153734932, 0.06491732339143298, 0.026786603958412765, 0.04298247913586507, 0.0338952087590829, 0.01946356565626467, 0.002379203314677114, 0.007211971068918008]
            , [0.05552488658560442, 0.005201696851101421, 0.30435350726481436, 0.11278325191255428, 0.010329501872982934, 0.05721035936672246, 0.024802494827117508, 0.014735694959424131, 0.04222085601198522, 0.0231333643226649, 0.00805440849240047, 0.11678327908858405, 0.021088771401673874, 0.03639507644312015, 0.026890805841178467, 0.061945338670505536, 0.041260726754067625, 0.02049337345845307, 0.004400397745523941, 0.012392207309340673]
            , [0.09910691603915221, 0.009794389277597857, 0.051048454486679426, 0.0347744004636443, 0.015315866403738523, 0.40487747681778197, 0.016648817672137148, 0.022919072477259536, 0.03417073019634978, 0.033701299172946834, 0.011324889085516618, 0.051782763170518116, 0.019060148017073876, 0.025997681582720054, 0.030013566219752704, 0.06031311388357373, 0.030197444720341367, 0.028778111399028743, 0.006047614888887218, 0.014127249377759901]
            , [0.05461669744848635, 0.010675574138497415, 0.007569436802849251, 0.01076877574408562, 0.015821995691257473, 0.011234685402951125, 0.005487937706690531, 0.23957165900110178, 0.009881865680742598, 0.09387309298736539, 0.024272109463240907, 0.007934116756126583, 0.008865873936233264, 0.008809404026117275, 0.010639080602730333, 0.016173475840753036, 0.03834170744339859, 0.41483875086915944, 0.0025656298832612678, 0.008058129306792089]
            , [0.0270365173197017, 0.006620454305735579, 0.005414452517588091, 0.007653463212874877, 0.01822362242618259, 0.007724004234881558, 0.00461927228521922, 0.39285326685149713, 0.008262829987697076, 0.12440556041353318, 0.03204073381770925, 0.0068493867026510405, 0.005446151861635679, 0.006495815149713945, 0.007624315698839139, 0.011107519727343439, 0.026545935596949934, 0.2913383313368572, 0.0024693932783313305, 0.007268966480852703]
            , [0.03693877347505163, 0.006985504315716928, 0.015944891241609957, 0.03427368074293868, 0.007266540511662256, 0.020336568714201614, 0.028543875985631347, 0.01411868948715652, 0.27166549181281274, 0.02735045302578465, 0.011952755342879626, 0.03309276152347214, 0.012251432881803012, 0.0671861883872651, 0.31146221590394624, 0.03540787411770492, 0.03285928274284025, 0.018706520133353055, 0.003999194652110999, 0.009657297480267654]
            , [0.4695085468602079, 0.02236437953539501, 0.014367401544440918, 0.017412942565267993, 0.008661357529925296, 0.08283038780877253, 0.0077335065417060665, 0.017234036800462683, 0.01426330038277071, 0.021698280778373644, 0.009248677912275132, 0.014375069236141756, 0.015385830581150672, 0.012708044488482072, 0.013840887867571296, 0.14780861179015525, 0.054619731470495404, 0.045680284062269844, 0.002825360922856828, 0.0074333558201325235]
            , [0.02666283404600038, 0.011166892499456148, 0.010543739541241569, 0.012348976069340566, 0.36609889066394813, 0.01277777637015623, 0.02782631063924768, 0.03497566027305696, 0.012585903901427505, 0.10035893530478132, 0.02511087515839565, 0.015303801609676006, 0.00877265475696801, 0.013741580381599821, 0.014294211954226206, 0.023331391415136786, 0.019300021859279357, 0.03385074521187391, 0.03471127734069795, 0.19623751956378854]
            , [0.02204997260473432, 0.00938099449957177, 0.010567112490067886, 0.011314852899488553, 0.2364176192344483, 0.011938915679909706, 0.0528986551786606, 0.019056175684072876, 0.012631912980373389, 0.045749530769596806, 0.012791616843463789, 0.017481441099559927, 0.0075953634837635856, 0.013786741185916412, 0.014314623065897487, 0.02044681622219583, 0.01719256628274067, 0.022447495066254285, 0.03974347269537298, 0.4021941291780672]
            , [0.10589818606746369, 0.0054456037071875865, 0.029395252278821588, 0.03656464651394824, 0.01010042630856817, 0.028387618021491597, 0.012525987687873611, 0.01743169906290918, 0.030386849575861057, 0.0302402888425847, 0.008737367876458832, 0.01859839432450901, 0.4741732281525766, 0.02568704833546828, 0.026044087804156003, 0.05939261302875039, 0.03755786895246223, 0.030244348293481375, 0.004173812280102475, 0.009014668804582932]
            , [0.06599433186583453, 0.005045641467550696, 0.027044409956786208, 0.016959606181435244, 0.004799428606708275, 0.7049475338533504, 0.00745742514773794, 0.007076983962558611, 0.015374985940873678, 0.010491873658190445, 0.00429707982745715, 0.028334909466458676, 0.008192804912792614, 0.011385154508892426, 0.01318208429204372, 0.0361838795054601, 0.014657729963182438, 0.011307042575662965, 0.0021181764182058964, 0.005148913282527277]
            , [0.07089375638377535, 0.012651136451326052, 0.030133891976598985, 0.02502585222652122, 0.010139116344773724, 0.02644482614742582, 0.011917711775351041, 0.02178084727831514, 0.030212110579407078, 0.02403084755943824, 0.011949685082059265, 0.042596196159438375, 0.01642490222152898, 0.01923467582948523, 0.021836029133073222, 0.2166398978636509, 0.3586652179407176, 0.03540654522215294, 0.004210083937909512, 0.009806680555850204]
            , [0.030224684041840914, 0.006742771558158992, 0.01619420673807532, 0.016005752789121343, 0.07757469569874477, 0.02753297849121334, 0.01653064664100417, 0.017566764433472923, 0.0180255928861925, 0.04252560977322177, 0.015292740496234303, 0.01805980596485362, 0.014264878933054392, 0.016818056050209147, 0.02362216075230126, 0.025346973410041884, 0.023238844744769865, 0.025294806038493697, 0.49612013891213375, 0.07301787189958164]
            , [0.022980628345153714, 0.682011604018912, 0.017057511823877075, 0.022889638179669006, 0.010559861460992932, 0.021310128593380592, 0.012441571796690318, 0.017018339330969322, 0.01984891399527186, 0.019990712600472818, 0.008027633867612294, 0.013137261534278938, 0.018677273247044907, 0.014418774501182011, 0.01771990209929078, 0.028623256465721066, 0.018452108687943274, 0.01864051015366431, 0.006754387002364075, 0.009439979959810857]
            ]
# The number of clusters.
n_clusters <- 32
# The base file name of this file (for reproducibility).
fn_distributions = "udm_0032_none_rb"
