# This script is generated automatically.
# Vector of amino acid stationary distributions.
distributions <- [
              [0.06746086234897908, 0.016497624862629793, 0.05816718587672588, 0.0790365357910477, 0.040958359171976384, 0.05935458271470767, 0.027975006370299094, 0.06154618381533839, 0.07285303803455534, 0.09115574495728604, 0.02357879962467646, 0.041446003589394556, 0.039394880054196696, 0.03866448108886402, 0.05373991432553883, 0.05816698926448651, 0.04998716840205773, 0.06524738422826173, 0.01672588307774299, 0.03804337240123493]
            , [0.06128926278245065, 0.01720365263299581, 0.058157000930320536, 0.07740732618627638, 0.03769510363628053, 0.04891059190472776, 0.026730890045270225, 0.06814822119135791, 0.07247500442750647, 0.09873804771143245, 0.025643222584722992, 0.04929008055436784, 0.03052191370248849, 0.04276592816681072, 0.04864525372464415, 0.07322967926494017, 0.056384144453458206, 0.06738655956966108, 0.005716843604627888, 0.033661272925659895]
            , [0.06457645691933173, 0.00568490675311639, 0.05311004476376131, 0.061599679596813915, 0.042097704341903124, 0.062865619521958, 0.02726873251535512, 0.054983870790758074, 0.05637678930526257, 0.09921115408854655, 0.020894346420794616, 0.04485752749259011, 0.047196919813632936, 0.04132642328511732, 0.05717113524014856, 0.07065237154675123, 0.05900866534721682, 0.07830491409173915, 0.012330151242848498, 0.040482586922353785]
            , [0.06229750716305091, 0.016346083776522965, 0.046328194720097075, 0.05550879918313358, 0.031988159192643376, 0.05183462316343075, 0.023575970369575525, 0.12631046465443646, 0.05235736051101152, 0.07770672351499178, 0.017734880776699907, 0.03574632848760574, 0.030078879180410252, 0.03468389468263175, 0.04548219739953166, 0.050280616377333325, 0.049618149288818546, 0.1536674910405811, 0.00947258575838994, 0.028981090759103642]
            , [0.12904099880094075, 0.012851455684658942, 0.0627532464509272, 0.06563702569292384, 0.02972740825658442, 0.07493896814325439, 0.030797925762186606, 0.04119648722161279, 0.02283210052192966, 0.11134839883624621, 0.01722454260501478, 0.020417144949247245, 0.04340633542574463, 0.042601428419519805, 0.08502095053110757, 0.049209147240639656, 0.05322260437631323, 0.07500709824370393, 0.013361179791009436, 0.019405553046434976]
            , [0.06395114362151212, 0.026318144851221116, 0.044285427831687436, 0.05346702292818235, 0.03953529094161999, 0.047978838573052414, 0.03768207041576592, 0.05224946944203031, 0.05163584672664288, 0.097014049256247, 0.02424382102652322, 0.04243165568959038, 0.056680073830351216, 0.04705856702342784, 0.06009249118792652, 0.08251118070659405, 0.06095949299452454, 0.0692657618952274, 0.010311704616832429, 0.03232794644104081]
            , [0.07691383045329869, 0.01695664179943693, 0.076087402042201, 0.08258319994167584, 0.021491477124337834, 0.0713225200754735, 0.03339029137829095, 0.027612712019785633, 0.07554912660099598, 0.05092747549315893, 0.01530497584680599, 0.06449927339571321, 0.04269079425155507, 0.055951160818050294, 0.06333556676535944, 0.09001920193777353, 0.06284658125845564, 0.03985464011041435, 0.009599882176852141, 0.023063246510365152]
            , [0.07114122287296468, 0.018575550709087355, 0.04773015388970473, 0.05769302058022721, 0.03470906919815255, 0.07064222566411954, 0.016686573519057783, 0.051816795360034786, 0.05751205172818766, 0.09428376117067021, 0.019128752646927746, 0.03879848518510148, 0.060010510027707506, 0.042637256203090224, 0.06592176042736615, 0.07013699861233262, 0.06432867125012359, 0.07587052367037503, 0.017119559771204537, 0.025257057513564603]
            , [0.07082330116885655, 0.012180677476553829, 0.051334160603042786, 0.06164780675122097, 0.03872713963458995, 0.054005778707901915, 0.02443848379820457, 0.055474097619311685, 0.05425152465542755, 0.08232560189038611, 0.0215615061411222, 0.03581136555755062, 0.14193664118977353, 0.035698133305134494, 0.04811090833278441, 0.05004319926625455, 0.047652027946746056, 0.06537181305588627, 0.013174618264305537, 0.03543121463494626]
            , [0.1947264386210849, 0.018585700016978648, 0.043095588118254605, 0.05435517569961726, 0.03179196082237332, 0.05896042385711627, 0.022840098494303934, 0.048283331283595195, 0.0491394843316854, 0.07559377989741176, 0.021463968261143714, 0.03391518900015026, 0.027404905903786834, 0.03532909008063972, 0.044815742440636124, 0.09555648182309387, 0.04864409358485735, 0.0594842642727982, 0.008068677460740787, 0.027945606029731892]
            , [0.0674540892945705, 0.01094063019635241, 0.05056867466828512, 0.05090997076568931, 0.0391560258893676, 0.18856695065998821, 0.02476222126728818, 0.05419677080931504, 0.04310449535903052, 0.08346470241829802, 0.02199821810228603, 0.03436917988785902, 0.037431195865198136, 0.03312715370480887, 0.049769645633770926, 0.0481484817344179, 0.04709499557411865, 0.06513162650254618, 0.015112968927957627, 0.03469200273885165]
            , [0.08547236679454237, 0.013642983797830459, 0.04854541344684311, 0.07051047208999908, 0.0325414784709632, 0.04811103388126236, 0.028879174446408994, 0.05640180664026272, 0.05119578454452722, 0.11015467306361554, 0.018913314101360205, 0.03847325564717857, 0.02654148600659119, 0.10326880341902994, 0.059164346262415825, 0.057261710050634, 0.05107852954841428, 0.06014349004628268, 0.011041573757635604, 0.02865830398420254]
            , [0.06728725503114558, 0.015246184139667789, 0.049305889090799006, 0.05838371362946476, 0.03476198014242266, 0.05144656036699576, 0.02619098856731776, 0.049593482299474884, 0.051863246280123905, 0.07712512938400563, 0.020632720133497498, 0.03674148345082941, 0.027421056278585383, 0.03668731085665036, 0.047818013114556364, 0.09216185626732515, 0.15200007838759474, 0.06302094932506927, 0.011415958631188246, 0.03089614462328574]
            , [0.07064059078869837, 0.012399143825222043, 0.05332069334054514, 0.059702661064060907, 0.12218034472700101, 0.05835983513153597, 0.024467647251445963, 0.05485570295706408, 0.052696592166250236, 0.1061716582524849, 0.01965981267040837, 0.040575677539877335, 0.03289501397693469, 0.03740473534448738, 0.04859213146582533, 0.05855730669227089, 0.050224756424146845, 0.061867557445043075, 0.008757257283599874, 0.02667088165309731]
            , [0.108993654489496, 0.012196053583884824, 0.0644617229161474, 0.08846034920892316, 0.01735308614240841, 0.05196669029450453, 0.026297608233293586, 0.0429554433075861, 0.06246338075394434, 0.07547567805288166, 0.021037075716366836, 0.04976297796931637, 0.02898842879565587, 0.06436706300428677, 0.05781331171608924, 0.08276406053234303, 0.06724536635998235, 0.05850397727736678, 0.004262117533420648, 0.014631954112102222]
            , [0.05572121299771423, 0.01572256076198096, 0.030650903711275764, 0.04367685219440982, 0.05223720245150595, 0.03031647685256102, 0.022084008163829827, 0.11175209554276469, 0.04827882626856404, 0.18786140995534772, 0.042375591361361105, 0.030988681271637456, 0.02029294026062276, 0.03301023841674593, 0.04053850954487524, 0.04757806146265796, 0.04886407623312405, 0.09959392919376511, 0.005812275051227456, 0.03264414830402906]
            , [0.0682980230826298, 0.013389238573032812, 0.05111436056993227, 0.06017380713736666, 0.04549639367586465, 0.05562476483557324, 0.023716153511556263, 0.06278269602734181, 0.0568829503535899, 0.09389158974073807, 0.022855547032056982, 0.03910285934324241, 0.032751441510964346, 0.035812102365252854, 0.047340363726103146, 0.05575545055580045, 0.049935307095516836, 0.06816419657937253, 0.00923646897166919, 0.10767628531239594]
            , [0.08144035361610735, 0.006183443477321173, 0.06740606778107083, 0.043014575803676576, 0.035861847253527535, 0.07863795025221816, 0.018586973442252935, 0.047740274500565436, 0.045969218288663745, 0.06810002269424212, 0.01467590992282805, 0.06356467786362022, 0.04439879239687498, 0.0420483491548906, 0.04744888723792273, 0.08080357653464504, 0.07994232655645617, 0.06414658169591626, 0.02304129159654256, 0.046988879930657305]
            , [0.08223884874329862, 0.008493366399595022, 0.05690355925444955, 0.14078191623415276, 0.031048535914300235, 0.03773169849561484, 0.020068021928561955, 0.04678479798841559, 0.1200107984701487, 0.07005151843761473, 0.01773473006102868, 0.042340869620428184, 0.02279920005724511, 0.060231175560023116, 0.050043945737803144, 0.053498666555923696, 0.0514953731277433, 0.0510225107712869, 0.008233522596046516, 0.028486944046319348]
            , [0.07677915411699196, 0.01775603845111014, 0.048266397246914526, 0.055351704203614426, 0.03349710514396736, 0.05566616804969981, 0.025791766321619777, 0.04805435899178994, 0.04620662457655967, 0.15099267595138452, 0.07728507237081267, 0.035187509464407414, 0.029210910123456363, 0.03898697076905759, 0.05143462748958239, 0.055481897236700904, 0.05110644562224533, 0.06294051263094504, 0.010606323813697267, 0.029397737425442827]
            , [0.06393368722687794, 0.009497559394694028, 0.05033094611433305, 0.05423129515236913, 0.02330227617134907, 0.05623677801192434, 0.02060818182276871, 0.10785595113923996, 0.04428429083378984, 0.22330318497593038, 0.01788712382420922, 0.033847785441156054, 0.024888643360660486, 0.03175318475129733, 0.04428484658771182, 0.04477307678259324, 0.0394660442256724, 0.07772108037243738, 0.007624622672584267, 0.024169441138401436]
            , [0.07726226270515305, 0.01164269566152863, 0.055729512205705614, 0.058962043984287164, 0.03835316596138366, 0.056299576574787194, 0.10858069311190913, 0.05886849693719332, 0.05286157412039503, 0.08570335375852338, 0.02252434146298044, 0.034956622777889676, 0.030465905479846553, 0.03808853923787086, 0.04582110941697128, 0.055249752953249666, 0.054155014015872506, 0.07173112032335792, 0.0112879287790911, 0.03145629053200379]
            , [0.09134669427706575, 0.010987722127256553, 0.05217059030310541, 0.06888121018892365, 0.03355369714304983, 0.05327994611583323, 0.02418723866389286, 0.0565119019392698, 0.05069189657201315, 0.09610114910921791, 0.022591431818443652, 0.03515314516730057, 0.026262778051819004, 0.038751742170758066, 0.12886800619008548, 0.05378146131796939, 0.052867416891942715, 0.06745091700917022, 0.008792138555374725, 0.027768916387507933]
            , [0.07529043823432383, 0.012435451028600015, 0.05277485474793887, 0.057925456934816516, 0.029364715953875898, 0.1959630456810697, 0.023453807333407125, 0.05493842391789373, 0.05512525917480974, 0.0759819491031102, 0.019769910484793936, 0.04588893623338866, 0.024901741470749444, 0.03818807950588657, 0.04639556353803057, 0.05965399379317276, 0.04556660951896204, 0.05922052979960839, 0.004990913510297297, 0.022170320035264653]
            , [0.07253974684709255, 0.0039037487638683165, 0.08738621068193987, 0.0894096255989238, 0.0213922336003107, 0.057645438387388094, 0.032620435621014084, 0.025388266513741785, 0.09155477940261122, 0.044005327281739934, 0.013276765079686507, 0.07165282342783154, 0.03718751939331506, 0.06634116675008264, 0.062086325197606915, 0.08487608300517846, 0.06892656292990243, 0.0358288395247319, 0.008796161758701996, 0.025181940234332116]
            , [0.05176697097981859, 0.013594198816656217, 0.027815686716339837, 0.03372122297426988, 0.09669945203833838, 0.031667510148379534, 0.025706368373769505, 0.10470775568462537, 0.03640186782602742, 0.15138892591906683, 0.03749565194914451, 0.029341881799275413, 0.02504526058548474, 0.027973853779140478, 0.03296257358219106, 0.04438033589597071, 0.04689894816329576, 0.09800764479408419, 0.016314190041879513, 0.06810969993224225]
            , [0.0753915613392185, 0.011375574097681213, 0.055630842123198083, 0.05981224331609237, 0.03554596228658433, 0.05916808776865059, 0.025602687641472333, 0.05307189236840496, 0.052771777874361096, 0.08570955750736282, 0.021967877082585942, 0.04062194817885587, 0.03629712256199569, 0.0416153271137529, 0.05441004328856437, 0.06114301161506752, 0.05739361426080055, 0.06530649731447952, 0.07878335289980547, 0.02838101936106591]
            , [0.07850753890300458, 0.07654245010184911, 0.047761936376034146, 0.04911702476771048, 0.03828934122277984, 0.0676119226924377, 0.028816633366511753, 0.04733094873809815, 0.04526162424081157, 0.08268943863972633, 0.0198648951703793, 0.039803628953274786, 0.037612452336452405, 0.03902826764971972, 0.056800239324980795, 0.0694196824319957, 0.05460978688939224, 0.06580157678469986, 0.02015019167113394, 0.03498041973900757]
            , [0.10483358660531453, 0.0018507366304722041, 0.06191773945741014, 0.06157334200175076, 0.03722300920225822, 0.057148386075344226, 0.01993822068682945, 0.04585961273950167, 0.061555849117289785, 0.0839765316450948, 0.01996094991367204, 0.04328697607472971, 0.04038929629877794, 0.05132165022213248, 0.05349193856064779, 0.06203701598514021, 0.06598469143818331, 0.07175146740763473, 0.020283171733171998, 0.035615828204644026]
            , [0.06474814875073813, 0.015158406428977035, 0.05041854460699228, 0.05694778121986585, 0.04063443253665347, 0.061109289780854, 0.02460073731367969, 0.059357129997224735, 0.05958854496093606, 0.08674296370974509, 0.022038789271653588, 0.12846412554160616, 0.032483780182429554, 0.035496493212138214, 0.047369772282628245, 0.05732203136902481, 0.04716785527765938, 0.06405452663102, 0.012660784522906669, 0.03363586240326703]
            , [0.08424712289240344, 0.011535485542462077, 0.0546326835968766, 0.072426119129042, 0.025103089425809594, 0.04505338699527459, 0.023829276821865683, 0.045532815850067646, 0.06628692492621743, 0.06639548920574118, 0.017481035019068933, 0.043338504753670445, 0.13934814703164206, 0.041487261274309, 0.04195685016486776, 0.07948868939419737, 0.05859982780306557, 0.05667489511854192, 0.004399135769596113, 0.022183259285280466]
            , [0.07672932474850842, 0.002200523878014001, 0.068221817324582, 0.08762884527503269, 0.030416393783049354, 0.05570539728289441, 0.02832590274543658, 0.05791489240043272, 0.08414129131935635, 0.08837812257699953, 0.01940986444398175, 0.04646458619635035, 0.028216409539712155, 0.05353531258509027, 0.05929284757097483, 0.06071106306380848, 0.051477293995422405, 0.060626125661905596, 0.005536007632112329, 0.03506797797633594]
            , [0.0731222270406491, 0.07215504039556885, 0.04658396968333842, 0.05676156203500697, 0.03714625732881862, 0.047743711679983335, 0.023362686923047146, 0.06620067472414298, 0.05695296747434317, 0.09775482323341134, 0.02850709499309509, 0.04383158103879025, 0.027034418216637674, 0.03800210418829695, 0.04657034545689425, 0.06686123829745398, 0.05523616377587901, 0.07726224038061169, 0.007097446945627116, 0.03181344618840397]
            , [0.06398232210324006, 0.012080648777663442, 0.03853817107887227, 0.04474223807752695, 0.03453037618698099, 0.04851192735310573, 0.0211864872119741, 0.056275835773110953, 0.16043487475952903, 0.08419263503234235, 0.02229417965713715, 0.03308991031559329, 0.026753426210791346, 0.03166677344899427, 0.12201340936170058, 0.04907407510060475, 0.045240130592743066, 0.06811279537923931, 0.008326880696266642, 0.02895290288258364]
            , [0.0728335945427346, 0.013022269553074516, 0.1466577368257618, 0.05419479814030561, 0.03748079760056302, 0.05931834983334114, 0.023624307636434316, 0.05806850779038783, 0.05270180781242498, 0.08536397298234905, 0.022868308922903733, 0.036905836138219066, 0.03465430205964937, 0.03559608134158636, 0.04873987889460153, 0.05506389090630188, 0.050536423906019555, 0.06769845405169757, 0.012161003097532605, 0.03250967796411133]
            , [0.16689202353765267, 0.005959599904383477, 0.08261591071623356, 0.11319663523930394, 0.02440255896368348, 0.05591974588310888, 0.0259164465733952, 0.03133035720999127, 0.04333861668545836, 0.07100043724739792, 0.013726039125117905, 0.027344594645940554, 0.02850082297268139, 0.05553733377001223, 0.08021971172188433, 0.052932870948005355, 0.0486623406403276, 0.04265773324219515, 0.010796485221838837, 0.019049735751388002]
            , [0.0828489604596227, 0.004321382458859234, 0.0891078695903188, 0.13320422904827833, 0.01210341082396239, 0.0410712605860907, 0.02699795476780587, 0.02572299903914498, 0.1038692159013512, 0.04490210452929793, 0.012276995292050511, 0.06064381071907828, 0.035739665035783706, 0.07725073804459391, 0.06444592841110906, 0.07554563737413467, 0.05935724306392439, 0.03516517992071248, 0.0015140940899792076, 0.013911320843901311]
            , [0.08235326148303355, 0.009380316118964376, 0.07302305793191916, 0.11856862448576858, 0.011699636477053367, 0.042296069746884844, 0.0469359044628014, 0.01655643962136779, 0.09248768587509786, 0.03999227709874122, 0.013070150006123353, 0.057702589166148066, 0.0214578176513181, 0.11012520129722471, 0.09101122682446691, 0.07082163522408344, 0.05381792581492113, 0.027252537099367626, 0.005744906480406295, 0.015702737134308302]
            , [0.07961165564828868, 0.011928565931516682, 0.02982322514644168, 0.033029075870766124, 0.04288987739328618, 0.04773994227330928, 0.023112509701956524, 0.09804017010542276, 0.020847446626300427, 0.21248281401272043, 0.03289595885942013, 0.01769324656951166, 0.026752863532927856, 0.02882836773496447, 0.05107588243833029, 0.03396191947687813, 0.038691420272719365, 0.1263954911918074, 0.017982251458334292, 0.026217315755097396]
            , [0.056659879574228, 0.009284666449136881, 0.1264884709965965, 0.09724435386487233, 0.021370134980001478, 0.06049994530731467, 0.026687178334814717, 0.034917050254542246, 0.07910456706830003, 0.04956859784088643, 0.015476678012768676, 0.10336321240425884, 0.017813740142125847, 0.045923710504963876, 0.042099628894682765, 0.08599905127197487, 0.062004629443378576, 0.03962669530470526, 0.004264870737557952, 0.02160293861289017]
            , [0.05505861226656543, 0.02088023529590677, 0.01589738044971913, 0.025464413767150362, 0.04235532256697278, 0.018923361702061197, 0.013609718177560131, 0.16900716332942559, 0.027770062630746585, 0.20709325053954233, 0.04532458555560323, 0.016234925441920626, 0.014530342469621007, 0.024251085929374548, 0.031023091040351905, 0.03129094415622918, 0.044626985609170076, 0.1644233403871402, 0.011145059889778671, 0.02109011879516021]
            , [0.06998188540623197, 0.009542884525833116, 0.12701043333520648, 0.18047592155309056, 0.033429082440991346, 0.04539949324656825, 0.016861139511770314, 0.05507353657404792, 0.04545984718493156, 0.08044470062222024, 0.020424611615879364, 0.03417267680411612, 0.028373457033448495, 0.03358144913839749, 0.031956476944119606, 0.04828505531476715, 0.04531232353154766, 0.06008775243897967, 0.00814279117164716, 0.025984481606205624]
            , [0.09295237269859387, 0.01123757991867963, 0.0361632225656826, 0.040223520170174, 0.03203279121704786, 0.05085311208353775, 0.016808914986876974, 0.0683970047098072, 0.035176895302213386, 0.09262161503183333, 0.02619217265912593, 0.08240510735134718, 0.034644599273292234, 0.05129592067647776, 0.03422740501804452, 0.0973082369591669, 0.09147595507536363, 0.07408273968752489, 0.006942533381700249, 0.024958301233510206]
            , [0.090321077180476, 0.013480895024994714, 0.09793476571839034, 0.10994302350380497, 0.009314694437123098, 0.06671357414460347, 0.02794273387789342, 0.020381893162657986, 0.07207631282764455, 0.03539827935771899, 0.012422840165762785, 0.07852275525589555, 0.029005947862788376, 0.06365317526840733, 0.046348801437478444, 0.11073597882703498, 0.07154984574392452, 0.031352178695096954, 0.0022865254055270804, 0.010614702102776362]
            , [0.06637506494390581, 0.009614835067243133, 0.045000378519632435, 0.09048079077683732, 0.021811893969595486, 0.027084301472359896, 0.035972120824385015, 0.04042524761604617, 0.12422696950866573, 0.06830259725241751, 0.021795892793039985, 0.05467033353379039, 0.011255639668244576, 0.08216358266289518, 0.09599244179258638, 0.06659132192111884, 0.06451978437290426, 0.046925481704394804, 0.003113607640764431, 0.023677713959172682]
            , [0.06292443959397855, 0.01569895113926122, 0.036177940350771286, 0.043889486128335105, 0.08935360102777677, 0.03876750479094792, 0.03249881783402211, 0.05596547440017171, 0.044933783496414574, 0.10147112225403057, 0.028216610047125085, 0.033505989082533924, 0.0240143977613373, 0.035586017380369664, 0.04868695431199449, 0.05034812921044199, 0.046280961728819146, 0.06328034633791026, 0.0652918727320447, 0.08310760039171383]
            , [0.07614571746466828, 0.004010402029202704, 0.1502294138761498, 0.27513155072018103, 0.007390275340487368, 0.02841972753911318, 0.01751061303649276, 0.014098166306711691, 0.07711966972591187, 0.022546887254565436, 0.009880689083371858, 0.046549914996689326, 0.022415262199802055, 0.08003891975595848, 0.03520710760245231, 0.05102643809106654, 0.045863352108411484, 0.02538084453087817, 0.002718459931647002, 0.008316588406238331]
            , [0.06110832142513906, 0.0077698053354354835, 0.23252569686095892, 0.1612659766972127, 0.010652250986035753, 0.06116584127374246, 0.027976425508566542, 0.012268216830583071, 0.04823303159949046, 0.021597953128066644, 0.008171019231153301, 0.0945916928520751, 0.025071906749961258, 0.047043192534428, 0.03339296486504144, 0.06693644224983614, 0.0417955341401317, 0.019620695799424343, 0.005187422668430136, 0.013625609264287304]
            , [0.04614870880986782, 0.013668804943440345, 0.01284306798607542, 0.018228858226598053, 0.11270174034193395, 0.01887899643022802, 0.01986959960032354, 0.128746188869424, 0.018274589590680217, 0.2285586299385399, 0.04847936211855612, 0.013511000177278482, 0.012082971941339206, 0.01725575240820085, 0.024999779504588995, 0.02437202532292501, 0.032993843396620544, 0.11552139906964433, 0.024462418433221098, 0.06840226289051379]
            , [0.05827830524326476, 0.0062492101480706, 0.030753290257815244, 0.05746944143198046, 0.009309788622701608, 0.03202385261652736, 0.02582067691842728, 0.018441235290290032, 0.22816334671536745, 0.03402309297342375, 0.015027897878682958, 0.04422901290095936, 0.026976750350143106, 0.07141288925908836, 0.19790889788001373, 0.05627161606448288, 0.04806232431335131, 0.025859824009100276, 0.003287523247105352, 0.010431023879204072]
            , [0.09261378659991508, 0.01068739074088869, 0.047859472072613894, 0.07370307663020406, 0.027873484975083972, 0.04800703785087926, 0.02150651473832007, 0.07545950656713314, 0.06731750834953892, 0.10895356246439354, 0.030666871355057957, 0.04140375869263064, 0.018239724092321302, 0.045925073693937404, 0.052006257729399936, 0.06485286410671658, 0.06164683697838714, 0.08716715688108265, 0.0019117253512872462, 0.022198390130208513]
            , [0.06699441107132963, 0.01308965257417775, 0.0549800818681923, 0.060865175184970255, 0.04394079907283056, 0.04338604813182763, 0.09455794417266701, 0.026612441297058174, 0.06241218038408108, 0.05466034183269727, 0.016226107417853217, 0.06605335366593125, 0.022550729176391622, 0.05776333810109382, 0.06906465973183343, 0.0742573004183939, 0.05324621019813994, 0.03672003005388753, 0.013613748403444577, 0.06900544724319901]
            , [0.04833387560442694, 0.0031958909995218024, 0.06872443785719994, 0.06477311718684867, 0.03513149599652521, 0.049976968883295704, 0.012256859807289536, 0.07138200071488933, 0.10167468645667366, 0.07429541055838661, 0.013704359917416406, 0.1112542580910337, 0.024966404929777627, 0.03196659910716721, 0.03319279494440815, 0.07823259049079619, 0.06870163637089863, 0.052601956346327985, 0.010408447690617908, 0.04522620804649894]
            , [0.03104541165501887, 0.00803970469280515, 0.009156116208970897, 0.014534883678152788, 0.055733289460428194, 0.009461130383612005, 0.011437322019243185, 0.12829331039939043, 0.018090364425364342, 0.39715249203315667, 0.10037491751770009, 0.012700468225068253, 0.008976186339114654, 0.02126926977926804, 0.017765372248829847, 0.020407915978022224, 0.026472011769677208, 0.08674219752271627, 0.004576516583803104, 0.017771119079657765]
            , [0.06836135469594758, 0.0067510922985658415, 0.048652591201205055, 0.051689791656781586, 0.13954835446820887, 0.05415718504801967, 0.01721583229067269, 0.0431541420681114, 0.04694168082519133, 0.07012239954629307, 0.01825435528345401, 0.034782622165997396, 0.026471128581883926, 0.03376277755745524, 0.042345932539031975, 0.04987967676332417, 0.04683703842212209, 0.05433401123448834, 0.008719838014696448, 0.13801819533854912]
            , [0.1349625983833803, 0.05516977608555274, 0.029020598694467246, 0.033824880363214654, 0.025455947286782268, 0.038864461502113354, 0.021298275869563153, 0.08237142619848806, 0.0298429256308145, 0.10458849518872712, 0.01955216566936952, 0.021708958624275042, 0.01785440741330146, 0.02713728534499519, 0.044957988870153905, 0.042087157391966605, 0.057099647237601886, 0.18512405233074278, 0.008206721268847687, 0.02087223064564264]
            , [0.07193647095340992, 0.004456010319560113, 0.05244305423120823, 0.05535152832743771, 0.03790363376330963, 0.05650338365249737, 0.02118211487521812, 0.04757589088552691, 0.05399792548269538, 0.11073234530220502, 0.08309015082942302, 0.043855422117812695, 0.03512327360824747, 0.0455637929780606, 0.0451091658301353, 0.0583247032018915, 0.0584208306985042, 0.06643840897740622, 0.014376912546684783, 0.03761498141876582]
            , [0.12157949416516362, 0.014422599436495783, 0.05314185316568331, 0.04240670147716207, 0.009381179494823874, 0.3680704198664621, 0.019032572534489024, 0.012180332165043549, 0.03421348024985269, 0.02097035399172075, 0.00877376589534366, 0.05221780965437539, 0.019750178964877404, 0.029319696369502733, 0.03329386875924595, 0.08806047583679949, 0.03794289757503606, 0.02253452200568703, 0.003665731780343685, 0.009042066611891709]
            , [0.07773054764489305, 0.00836737983423013, 0.01816706235646075, 0.02028781339973405, 0.033839685733379504, 0.03024373195450926, 0.010870866137385013, 0.17199815105834637, 0.019775959474786994, 0.13103554481260263, 0.03290245514043862, 0.021084098361986808, 0.033928068802368795, 0.018721499630520416, 0.022077201704789308, 0.04031205155241703, 0.06433412700404866, 0.21662117070852394, 0.006519600784191581, 0.02118298390438714]
            , [0.1692836807122312, 0.01282557924606058, 0.0694947574408216, 0.0763515931908667, 0.01308930386707953, 0.08374445307879436, 0.03378839717303874, 0.017064321382742765, 0.029645767457905408, 0.0486483097448061, 0.010812417246949133, 0.027901617784005142, 0.043663392178894506, 0.05855455751588632, 0.0926624855175616, 0.08390802776160619, 0.06516565372461598, 0.04387938966314001, 0.00783339995974508, 0.011682895353248814]
            , [0.09549819831529124, 0.0025679272015109974, 0.05405039355761467, 0.05329772054997972, 0.03082172502016306, 0.056678209411431764, 0.01748311765899715, 0.041104203402218785, 0.05459496696797438, 0.06550077087512815, 0.015527692871873338, 0.04030223324060041, 0.1857894743108031, 0.03466790264450246, 0.040357237545414204, 0.06469129195995833, 0.051677653771906945, 0.054772947018228005, 0.010537312053738463, 0.030079021622664646]
            , [0.17821796779381607, 0.009075351335640337, 0.0358290788544377, 0.03878622262652679, 0.027083756186998074, 0.04395238239057664, 0.018674170994542796, 0.05468353278420571, 0.03335166152845234, 0.07100336668471867, 0.021451182206027375, 0.026369356671200803, 0.026259808374524317, 0.025922553393650245, 0.0406618219050551, 0.052657160750905825, 0.10660035942766993, 0.15666481070487084, 0.00918637920791754, 0.02356907617826291]
            , [0.12995463772803173, 0.026018800924197033, 0.04009866620117645, 0.03987265882467373, 0.013756035410690724, 0.06292369248028575, 0.025953667206259464, 0.019103208695662195, 0.04076131992534949, 0.03179512290912348, 0.013293585260449917, 0.06473392557670075, 0.03345590730490633, 0.03694867932677789, 0.038095236463440985, 0.2090344501651594, 0.11920967943146689, 0.03449463189685809, 0.0053504763868788136, 0.015145617881911239]
            , [0.060046774071037715, 0.009925259678517635, 0.05034170057857252, 0.0530644040376141, 0.02909709872578855, 0.05430214110629818, 0.02102431272794147, 0.1406255699631982, 0.05049966775299796, 0.09296864625093443, 0.0890358463497374, 0.037197450783548955, 0.027185671979956756, 0.030760530510491022, 0.04416595992865155, 0.04845796031959004, 0.04362933519838023, 0.08045854183328371, 0.008609905188014326, 0.028603223015445326]
            , [0.1294758026153168, 0.008422765963919904, 0.05479462797708282, 0.05990349664100612, 0.020468755390151062, 0.0640070615567439, 0.019545528059152523, 0.027824219712835625, 0.03030222293762208, 0.057660559535024386, 0.01413165416875437, 0.02389864587115385, 0.24267380271226058, 0.02965374418069502, 0.05111108366847519, 0.052722775420388286, 0.04240634171755594, 0.045940504654052944, 0.009763258236507403, 0.015293148981301428]
            , [0.044435345753918075, 0.00871608185947244, 0.03125023711854284, 0.03268927212910877, 0.019248739123186677, 0.043919148661780906, 0.015167783412981606, 0.22696193622289515, 0.027889979638726383, 0.12043632115838544, 0.01502049322078166, 0.02149075182892788, 0.014393908081222043, 0.019801478902611195, 0.0347905985535677, 0.02981228490641172, 0.02862814595798476, 0.24598195566842807, 0.0038164655873097, 0.015549072213756827]
            , [0.16763201134977865, 0.004379664861152277, 0.050479560511071796, 0.04755646754732744, 0.0141498225126063, 0.07400542202661231, 0.01221236863724111, 0.027205603748358145, 0.046396505449600035, 0.03815821884421197, 0.013524507442508653, 0.05352711177126366, 0.04020778099946694, 0.03747876962560533, 0.03192002350272878, 0.152063943106277, 0.11854757604304328, 0.05184820463976685, 0.0050630440349809375, 0.013643393346398596]
            , [0.16536692700481645, 0.003037707328503753, 0.08556464692972546, 0.16049982042217265, 0.016814987715276827, 0.032949580045817356, 0.01775810622058464, 0.027182298126411198, 0.0986193787320028, 0.05096673458341261, 0.009314175303187872, 0.043277848328703926, 0.007673029047550546, 0.07911881016419567, 0.06109323622087609, 0.05700295986104773, 0.03969072513773153, 0.02537121152663636, 0.003942405754949085, 0.014755411546397125]
            , [0.04987965589013064, 0.0042446227565420816, 0.051643237842659125, 0.04474064297246539, 0.027717540203046967, 0.06237082318589516, 0.02105966499201341, 0.16097769746620003, 0.042507993296318936, 0.07326511503767338, 0.012104851346797082, 0.03569550637021052, 0.031228886924942845, 0.029229055884608494, 0.04023818832502355, 0.042351704420235635, 0.035851076563321975, 0.19294134004256852, 0.011898962269510404, 0.030053434209835753]
            , [0.08467763268079408, 0.0014501986899536886, 0.06308964614947814, 0.04176136333484314, 0.03382292333296739, 0.1707605610112886, 0.015910686578306, 0.047572214682739505, 0.051536226803747975, 0.06938568905638653, 0.01608325869525315, 0.05888630152125551, 0.027193407885605963, 0.0406879452416264, 0.03574590224928908, 0.0701023292927365, 0.060749350448072385, 0.06210938023643149, 0.011352987674304336, 0.03712199443492015]
            , [0.1423973603772987, 0.005560098108377868, 0.07030195267753733, 0.05634185449814486, 0.03410301893800683, 0.06900180901084477, 0.008481731329123296, 0.049815045115357774, 0.07392666411009502, 0.06631789110449984, 0.018050989103427572, 0.05165413264983566, 0.04422204622346216, 0.045930489624188144, 0.02397515842602591, 0.07522792024061911, 0.06134945895497737, 0.06777123510074674, 0.010570658056998333, 0.02500048635043263]
            , [0.05981889726096726, 0.009398640606402659, 0.03062224537850535, 0.048474386289451964, 0.01763147345401806, 0.03879287177133129, 0.03521459682685606, 0.022766275691690225, 0.1472921045994005, 0.04713114303039794, 0.016717850438928532, 0.04076476174536154, 0.02645628440709392, 0.07615897929772217, 0.2022342005991643, 0.0587217984615703, 0.053841354393510274, 0.03287178980042103, 0.014823113539385374, 0.02026723240782138]
            , [0.03566144102286379, 0.012860225705812429, 0.014593879299305333, 0.019071683511095432, 0.23499892266994768, 0.015181877575015486, 0.04030105489736136, 0.04312575002921167, 0.02133767575810064, 0.10943289296058181, 0.028329284091390947, 0.02044873694628275, 0.01178629014676341, 0.02084894589363629, 0.023205382527140266, 0.028738153292105613, 0.02740867639104755, 0.04264643719687945, 0.03538087370803007, 0.21464181637742788]
            , [0.09379770486331211, 0.010559823471476487, 0.0761752459894324, 0.04148897126071427, 0.022110814303984615, 0.22550109750828734, 0.023297388303035876, 0.021154726798741842, 0.03649069940893601, 0.036282003290422304, 0.012551753501366465, 0.07557895143922114, 0.03258808616694057, 0.03198360268443159, 0.035107632932499376, 0.09959515232553666, 0.05335423797050306, 0.03374736014167345, 0.011956995275277368, 0.026677752364207177]
            , [0.06765331460080783, 0.041926185158267536, 0.029031756245224534, 0.0357652842990971, 0.11042701137213155, 0.03482142653501833, 0.04715614457078243, 0.043945062392444556, 0.03597142032663488, 0.0879428475167545, 0.022685385530642803, 0.037984585961863854, 0.02036069788566099, 0.032620999382027005, 0.04025231228699799, 0.07323742216682043, 0.050871829348357454, 0.05868596134236343, 0.008805487244231143, 0.11985486583387171]
            , [0.03685072230018961, 0.008156909557899064, 0.005311470939225949, 0.009798958774029802, 0.03474531271218396, 0.006468423362635195, 0.0059063398523896415, 0.26850409857313645, 0.01252808012813376, 0.2200753270623913, 0.049263579209407285, 0.007500459994707225, 0.007600471298220102, 0.010064535767876479, 0.009799039910140715, 0.016611400459086045, 0.035287018341564544, 0.23714764667623864, 0.0033028370302861563, 0.015077368050258133]
            , [0.07148355907970963, 0.0020824013886512473, 0.17655282866974029, 0.0907636631696934, 0.009024891819510694, 0.08881117928752731, 0.01503506253465531, 0.013260452339791647, 0.06241542308687974, 0.019600763895182144, 0.006619913777911859, 0.1384891590374246, 0.02443346907278915, 0.04015753128996576, 0.027427235027356566, 0.10717398166411238, 0.06550462511470309, 0.021663650262448673, 0.003923583301294231, 0.015576626180652267]
            , [0.32143530067796433, 0.021864361796765604, 0.02719141806514658, 0.03731275282122336, 0.00859914241605323, 0.08113730221779417, 0.013078198055361862, 0.02079567652771806, 0.02770682559838817, 0.027479216556324397, 0.012472774740009912, 0.027308857281428272, 0.021354608437258366, 0.02784300046066357, 0.025157089793526953, 0.1604428098867761, 0.07565075748955716, 0.05321463460984262, 0.0024168659475192916, 0.007538406620678125]
            , [0.15866931595280145, 0.1109317809314143, 0.024030571647326318, 0.027476950991836266, 0.023671469032129577, 0.04090542788491839, 0.021191360922049547, 0.03675365992623669, 0.02738199892044364, 0.05809380859660145, 0.020112782611635443, 0.03552893210730728, 0.01819534552466115, 0.026737390690681748, 0.03102811314960091, 0.13634013403710396, 0.09932721665927896, 0.07517937821167481, 0.006775108800033105, 0.02166925340226491]
            , [0.05133060725950346, 0.004711097491789645, 0.0340045952474998, 0.07862136415628022, 0.023619237855145112, 0.026278397739310597, 0.022366865188701523, 0.09145223632881654, 0.08457944639770225, 0.07063731385917418, 0.01564419428419986, 0.028736562532848627, 0.01562726196752348, 0.04640835521890504, 0.06803169995892645, 0.04235118836464996, 0.12510454294490128, 0.13665126729320254, 0.007656363499106408, 0.026187402411812825]
            , [0.10123636292252469, 0.019305737727708692, 0.020213465642142034, 0.031062654053739355, 0.022472682308363284, 0.028267496223541418, 0.015734585976472492, 0.10362158088661905, 0.031078349976232735, 0.18613625003767167, 0.07121434335033376, 0.02414220181726316, 0.014936991600734592, 0.03293688677838059, 0.032193486149133914, 0.05436303675710281, 0.07102645435500583, 0.12429944140836564, 0.0035269712629086747, 0.012231020765755381]
            , [0.11220930262200894, 0.01431653046626202, 0.029453497063412926, 0.03995287878151976, 0.012177466382240543, 0.0303247880242581, 0.01889135004547372, 0.04304669780243689, 0.04383394536381443, 0.041852655533261236, 0.022654133401098262, 0.046463304161509185, 0.019324902443417117, 0.03609765755732185, 0.03332800774772773, 0.154224622021262, 0.2152936120816519, 0.07185699586043642, 0.0033133749349240327, 0.011384277705963008]
            , [0.1535968654882265, 0.00492384248464994, 0.04303320313002606, 0.11357751694284884, 0.011129149353110008, 0.03173918418909123, 0.023258091608606576, 0.02805293274406797, 0.080034189558482, 0.06832285290471313, 0.01252568538988014, 0.019137338456227785, 0.012678625082957737, 0.08799645151229049, 0.13403078509690294, 0.04829674367391185, 0.05992717163037873, 0.05299262594698822, 0.005147090439917049, 0.00959965436672272]
            , [0.0666595185998037, 0.014774920234096026, 0.0073030201426759886, 0.013371463935313632, 0.013160215907535015, 0.009960921068937251, 0.006956020982726274, 0.24992406250759544, 0.012473548578865628, 0.10438282576410109, 0.025504604705696137, 0.00992145637223081, 0.010566912360992924, 0.011883780215616865, 0.012219216164618957, 0.02357330605711698, 0.05657691714382592, 0.34112010391329145, 0.0022703132708130035, 0.00739687207414703]
            , [0.11330752177064489, 0.0012500673256557833, 0.10693512388176114, 0.10868279679769173, 0.009299303486400779, 0.07313001503019476, 0.01668536608344428, 0.016051639633606514, 0.08689954042217933, 0.03372470617467769, 0.008095236053151633, 0.057039580636287515, 0.06112625493729583, 0.06569532344827869, 0.05363671449514223, 0.08147356223346695, 0.06158639384688612, 0.028778409319849478, 0.005554637006036436, 0.011047807417348324]
            , [0.05570213463710095, 0.004327561976905459, 0.15689266499445004, 0.18650978484462516, 0.005215902812964228, 0.043899219935659914, 0.03445453668481301, 0.00859517626414289, 0.10147691002599568, 0.01645083875404538, 0.006167023304566844, 0.09897264199334091, 0.010991705224919773, 0.08274569643490173, 0.05276692895725975, 0.06753371502486692, 0.041266613976267214, 0.013498452250080997, 0.0011400728994738994, 0.011392419003619099]
            , [0.10589876178547214, 0.007768872135660701, 0.0971074102609456, 0.08886598121025832, 0.010637149851503104, 0.060056100247573435, 0.022953654281046062, 0.016599958420522476, 0.0404034515487878, 0.031172890953830662, 0.008856468875880976, 0.05325995811241268, 0.16255736369372065, 0.043540762999457826, 0.03235365118042844, 0.11002406031044434, 0.06519628041874143, 0.02867704395528536, 0.003463233049790014, 0.010606946708237823]
            , [0.07956689197523337, 0.0013613081881023769, 0.040291549351725006, 0.036299493672021566, 0.0358933758302742, 0.05073384178214037, 0.01131697508194208, 0.11042083850654688, 0.039516355716775656, 0.158221210729424, 0.030252469038331807, 0.03637097666523913, 0.020905599616612973, 0.03706114516807089, 0.03332810891247874, 0.04691785612531903, 0.05357858753405181, 0.13985587996911933, 0.0066988626933908845, 0.03140867344320004]
            , [0.09086465179785214, 0.016197443831517687, 0.04853003767214184, 0.03692574364526026, 0.03803571771331331, 0.07387575929185074, 0.03137305229414277, 0.04023359927277897, 0.014137680987438702, 0.09664280239459314, 0.021901117127069616, 0.04295271336775799, 0.07014472289471176, 0.04459401671340769, 0.07310462499713334, 0.07817416036296623, 0.06554206740587042, 0.06306735490807111, 0.018456829804333597, 0.035245903517788675]
            , [0.2503897732525781, 0.008938320455396014, 0.02666360192092147, 0.02890127201382682, 0.030131256055651402, 0.22770681889950042, 0.01898937519287311, 0.03977091838787701, 0.02879162794403074, 0.06846703076617194, 0.019184847256170368, 0.022504973016199584, 0.017335731554601035, 0.022781119625964352, 0.03506704723872026, 0.049648309667275355, 0.03254438991097803, 0.03999011775232893, 0.007390013622157771, 0.024803455466777414]
            , [0.10074849584590802, 0.011116173244265814, 0.04442037661480419, 0.04477596077527255, 0.07426405299319717, 0.056940811214235554, 0.07403146001099523, 0.036971770486649264, 0.024844103042577094, 0.09635719558616743, 0.01891400770462801, 0.026718143467061112, 0.028751669153084407, 0.03281286615762114, 0.05947151794518356, 0.046229213799595166, 0.04499841494057799, 0.05780803954002065, 0.026632201462934615, 0.09319352601522113]
            , [0.08706772345561399, 0.0010026378543158748, 0.12430378420499562, 0.1478280462066165, 0.004406871663238099, 0.04375057480316026, 0.028558219803211445, 0.008968705384910708, 0.10769729732276881, 0.01902346427699445, 0.005527435967172819, 0.0773626006153159, 0.033830053048455495, 0.08410479459717977, 0.059366906636980986, 0.0810898930780622, 0.06117554619395215, 0.016255743847389918, 0.0008598854055445691, 0.007819815634120333]
            , [0.12009349257742935, 0.036467532946954706, 0.022380643221045722, 0.023851588222418625, 0.08518283298822628, 0.056853763079148266, 0.017163976273368294, 0.07441310790567214, 0.023068029194809266, 0.14027112292443922, 0.04136948184634149, 0.0256786264852635, 0.018497488850205576, 0.0214620229880519, 0.02665122182639284, 0.05842777443950265, 0.05126736357702113, 0.09296603329881524, 0.016750599913608652, 0.047183297441285035]
            , [0.04538904313595175, 0.0015150375495721485, 0.011326902248665461, 0.014179926835170414, 0.058937429973673086, 0.016838765547885024, 0.006495085903291299, 0.19090011475443164, 0.016993248694405223, 0.2639962484972475, 0.05468878695857459, 0.014505738382805623, 0.011965807426495187, 0.015375270121779071, 0.014538044536936464, 0.025006872978613367, 0.03910099938074826, 0.17187017236309898, 0.004902587376562265, 0.021473917334092624]
            , [0.044817699498502304, 0.008265804986828584, 0.03055284686806725, 0.029915482069736946, 0.028354409503540682, 0.40707814565462275, 0.014080185209306663, 0.061790486579524656, 0.031766496668222205, 0.07910080548498855, 0.02009516935134901, 0.02711934635105923, 0.01883201114809888, 0.021765410740734563, 0.0267790893575752, 0.029532659813948293, 0.032518061536334596, 0.059582965126766814, 0.006183402389756183, 0.021869521661036784]
            , [0.0540719337575799, 0.015683830387249513, 0.01587467014606097, 0.023896757029584333, 0.07177842629933916, 0.01743326974941045, 0.015854293552786235, 0.18430696044101086, 0.027895350716949097, 0.18731566445118356, 0.031032193182361063, 0.01718372502176758, 0.010229813300651732, 0.016708138509778935, 0.02527031072247695, 0.030524792878570163, 0.04113591999760723, 0.16358872677448222, 0.002269688411155956, 0.04794553466999405]
            , [0.055666804318306055, 0.0009300523266485331, 0.07855668673484119, 0.11709577826690366, 0.008701899708220691, 0.03655808268552501, 0.04004732639157578, 0.015433923603251016, 0.15725948546844015, 0.027239210217419995, 0.009809464231311535, 0.08444985021520524, 0.013354685803530466, 0.09383024180963845, 0.09423415488191264, 0.0681443943910325, 0.056655549156026865, 0.02070499676579606, 0.003197211543577733, 0.01813020148083627]
            , [0.042013700063323646, 0.006229634379858711, 0.05135392844946028, 0.040930401398783026, 0.025177578184605292, 0.041962696190863895, 0.016970860971534645, 0.02762728931749283, 0.036042219824221365, 0.05135212797383666, 0.012979179623301274, 0.04252732276202783, 0.018553080668959842, 0.025175729885406086, 0.03496519659438136, 0.20151416676505537, 0.25890292052557723, 0.0334711734070285, 0.008771736319587192, 0.02347905669469489]
            , [0.03199682787100573, 0.004451388719194187, 0.09305323975578736, 0.04922028452054051, 0.021407788661252924, 0.3424939493748974, 0.01980369606986325, 0.03310026574612948, 0.057226005120003746, 0.051529578218288415, 0.012368315820794442, 0.08476332696779897, 0.015955490283158826, 0.03485205113302103, 0.03435646097140497, 0.03006328748845818, 0.025797006446495387, 0.03555553571646817, 0.004693197929263087, 0.01731230318617374]
            , [0.06009995483977594, 0.011862897204804851, 0.016579063150412937, 0.015901124799172755, 0.04727077954278044, 0.04310266542425491, 0.009214904825514285, 0.1803936599123388, 0.011904828820001875, 0.2851598363225534, 0.04303641206086409, 0.012957413571756348, 0.010055784651665177, 0.010723806344462461, 0.01793853803786022, 0.02150103344789341, 0.025582003485227735, 0.15956483036939248, 0.004316165406045847, 0.012834297783222086]
            , [0.12119972905495495, 0.007485068177054216, 0.09057145154314614, 0.09914073204682475, 0.005494594985990545, 0.08354622797188556, 0.02700382475934005, 0.007543712954253347, 0.07606810390840468, 0.022009738822204614, 0.005992872583628755, 0.058489808826822066, 0.043377748717670576, 0.07218281131066696, 0.08561844107272405, 0.10281388995041482, 0.061939910483027334, 0.020233578144401597, 0.003449285965375235, 0.005838468721209917]
            , [0.0719353924519274, 0.0053490697341774494, 0.27262956149644374, 0.1799575428698897, 0.0028707298136332257, 0.06908299827850956, 0.023425640502719836, 0.005252879604697559, 0.03606407773505377, 0.010738391998060275, 0.004193875131551827, 0.09283394096413226, 0.019803029388912576, 0.049407478548728845, 0.026179404661268457, 0.07362930683532344, 0.039937031404428336, 0.01152536039699051, 0.0015211058240465444, 0.003663182359504848]
            , [0.1150014886207862, 0.0035356234103796, 0.041759395528244196, 0.07779020092588045, 0.00880133991879396, 0.02893752219111415, 0.01958135012826437, 0.018796447926682454, 0.09595069284037923, 0.0339652116975229, 0.008387579735043896, 0.025337255628161005, 0.24691548280721795, 0.051984199453080686, 0.06891491426027027, 0.06204437380095701, 0.0488744508848711, 0.03211284464361296, 0.002673151088070699, 0.008636474510666885]
            , [0.1557285384834038, 0.0035127413067224168, 0.019939921402210733, 0.026400247762015466, 0.005247790835345369, 0.026964258016443685, 0.008469529604551877, 0.010075473832654029, 0.017964698375515523, 0.018360401659422168, 0.00600624832443386, 0.013733290700400122, 0.5126283797040464, 0.019443874410019324, 0.015756813894395885, 0.07186917680927557, 0.037022738025668814, 0.024729053702294317, 0.0019991081699076213, 0.004147714981273014]
            , [0.060683738636848845, 0.00818981370328386, 0.035849042386513194, 0.03610220237218095, 0.09696585156589578, 0.04883140256136522, 0.016738223625296218, 0.046004757528170945, 0.030517517460663272, 0.28594756938816773, 0.08583799994041168, 0.026789997763668895, 0.015698010086558342, 0.02409423783224494, 0.03616560928142574, 0.036632903441421075, 0.03327033460892475, 0.043896008806507784, 0.007153235025809718, 0.024631543984641298]
            , [0.04613097200984592, 0.013198977189054033, 0.02238544851842583, 0.025531119289120326, 0.1565161313409606, 0.02188044798303172, 0.09926758796948569, 0.020097918584288728, 0.027654242828092257, 0.051388668847689035, 0.01429788723100389, 0.033248844255594476, 0.012494452875044939, 0.03048044439542496, 0.0351872667851673, 0.04046601432466098, 0.02972874969070307, 0.0279154801801595, 0.04429548646169315, 0.2478338592405534]
            , [0.07949229711338418, 0.009159078888735205, 0.04155560060755055, 0.10242958684072158, 0.004221847715300182, 0.023543662176547527, 0.03416243423349381, 0.016248932750753037, 0.1632641270912826, 0.03190652921109113, 0.010225180488342362, 0.04886900005231617, 0.007947490203217111, 0.11978359932700493, 0.14656422154365922, 0.06743102171176023, 0.06108342457988381, 0.02525252230958362, 0.0014402557446980086, 0.005419187410674732]
            , [0.06333983416876185, 0.0010752160546721795, 0.28118643051429204, 0.35232395688777923, 0.001933197996736039, 0.022514615290501198, 0.00965419808379015, 0.004102731627582983, 0.04007532564452618, 0.007879339844017732, 0.002795674634106143, 0.046890023321830517, 0.016701201079419217, 0.05639463075420596, 0.011746174874013613, 0.03974295492934028, 0.027728658398004476, 0.010343204488282584, 0.0007608165625767615, 0.0028118148455609443]
            , [0.06423720975372799, 0.003998115134286963, 0.01670131193487981, 0.010719166466848925, 0.0025154867615443345, 0.7806001175100855, 0.004638171838083403, 0.003499747013506885, 0.009967051262169263, 0.0054614530436226634, 0.0028996588612510144, 0.01946057267077135, 0.00472836452247138, 0.007682919924278829, 0.007891555449779049, 0.03254321359660796, 0.01142192702070672, 0.007408586267543039, 0.0010572474786886582, 0.0025681234891462876]
            , [0.10195299514678857, 0.012536751264843961, 0.024041752567842727, 0.028084550422225754, 0.03469482076517567, 0.043250477558490624, 0.017734929750925225, 0.0633877753591554, 0.024768071667824205, 0.10166668217935919, 0.02528599803553351, 0.022911200838969144, 0.21682627301616594, 0.02419817054011997, 0.03339951706908562, 0.05409886034680815, 0.04783247386721497, 0.08801323522837069, 0.009977871138578683, 0.025337593236522023]
            , [0.023579573013177535, 0.0005782019160473058, 0.0019722904224283985, 0.003294156419483117, 0.02216047293699307, 0.0029097649028878587, 0.0017798224722140204, 0.35150901350175406, 0.003554843720616992, 0.2014370337485582, 0.04649378022545428, 0.002919958999288468, 0.0027928655947101412, 0.00403219948801901, 0.003122309272362144, 0.006517102667773739, 0.018024182726574356, 0.29851051643011156, 0.0009332135429626761, 0.003878697998583166]
            , [0.08732358390793986, 0.0362821527322465, 0.02788456162772824, 0.04944540649735132, 0.016139763688800768, 0.0365893561861924, 0.04038259645191872, 0.029592630423480475, 0.10377104653156777, 0.0635514799072113, 0.015425884275834424, 0.0338606414278413, 0.016511733880557603, 0.07659434270000094, 0.16520836681352213, 0.07300366480008114, 0.05935250326807184, 0.0462852012188682, 0.005301534003958432, 0.01749354965682658]
            , [0.12021087014435344, 0.0032749317281323257, 0.10610014570549033, 0.15961680240006207, 0.0168975835662801, 0.03190266707120899, 0.010531611121466396, 0.02844094416745201, 0.06940715288928656, 0.04391376318663293, 0.010761157537281954, 0.028713464735574477, 0.15603754479419857, 0.03856557064384052, 0.027497906821474013, 0.05278427106306812, 0.040018041871347144, 0.03767729787557984, 0.00425983512050646, 0.013388437556763848]
            , [0.31537380014434024, 0.048743463896138664, 0.018239109098072446, 0.02015762958107949, 0.025847872857824954, 0.142839011686656, 0.015352140497292069, 0.03454587036821634, 0.01914611078564588, 0.05747411389979646, 0.0179848266244823, 0.01978019296367052, 0.013593967077327717, 0.017480782064656544, 0.024296534864105355, 0.08957791919505848, 0.04317913243987543, 0.04920383712293306, 0.006890801836316202, 0.020292882996511996]
            , [0.18484728287780808, 0.0031126245240096126, 0.14484071905414628, 0.17979311228165726, 0.006525467105912189, 0.06627217410858253, 0.022007474364459382, 0.009778013510555586, 0.026770063403328194, 0.02725979023132789, 0.007288967626259919, 0.022295570825494222, 0.02857591660439922, 0.06033231476126474, 0.07041596274678563, 0.058830227234675736, 0.04867038732497662, 0.025029296268348534, 0.002834779311214102, 0.004519855834794207]
            , [0.017972735103573133, 0.00607529364240851, 0.001490827182403033, 0.00267233548437453, 0.053168691514379626, 0.002425688270765173, 0.002418890195636134, 0.20523480410208475, 0.002851769370004386, 0.44768433404558333, 0.08551146748652184, 0.0026660745388472555, 0.001889977838891689, 0.004648644101492184, 0.0034900988987120875, 0.005640924657332965, 0.012498635315016703, 0.1292577833332701, 0.005241884823356467, 0.007159140095345866]
            , [0.07948027397238903, 0.008283450823020363, 0.034741352810303834, 0.04252740885038608, 0.028762996355716205, 0.044963865373128804, 0.10596474915869607, 0.04360371374286302, 0.043098999320200476, 0.07947279165062494, 0.022295278075234518, 0.14342511562166774, 0.019740425316512312, 0.05306343937452056, 0.05170263701002363, 0.06002781591970937, 0.050346859397085844, 0.05386592238258271, 0.008204784142539877, 0.026428120702794846]
            , [0.13000215491177197, 0.004216756059952199, 0.11043197753468069, 0.17439110121762993, 0.0028179267266807595, 0.04246165630922952, 0.019028482777201088, 0.010209573978005735, 0.08775137773060146, 0.019390606933480267, 0.004999441003074823, 0.05461768464569406, 0.015094226204613849, 0.090433471314566, 0.05421193133976915, 0.08753943037238245, 0.06747092951164377, 0.02178541438144615, 0.0005136686159227508, 0.0026321884316533022]
            , [0.08481990858976603, 0.006293683653853019, 0.028643772974956908, 0.052468011704153716, 0.016655876879813788, 0.031195977930276883, 0.01917948492401181, 0.03461989563178435, 0.08138175003095045, 0.1545716662119082, 0.10285392880045297, 0.0322153527830771, 0.013114692673323873, 0.11185337025631271, 0.07101674574839918, 0.04632207618286325, 0.051618070704952126, 0.042060048267267086, 0.0048182609783946895, 0.014297425073481784]
            , [0.05451667327328463, 0.007386208410742886, 0.20087383870536088, 0.031617241752261674, 0.034804704683637167, 0.04272853518528091, 0.01949781484103581, 0.0516007584747819, 0.04043329697687527, 0.08383740872315164, 0.018546505502726685, 0.1365078571068024, 0.02398985694705659, 0.02659925302050366, 0.03804281810751934, 0.04841965281561093, 0.042449693519466605, 0.059027872921124915, 0.011168144027762446, 0.02795186500501371]
            , [0.2359015137232642, 0.022832560984384343, 0.013283755133258975, 0.01938183541722565, 0.011445723775004373, 0.028916911826982073, 0.010419533084392252, 0.08063373774929024, 0.015045964003714343, 0.05200913202924639, 0.019027588786526453, 0.015869264599446833, 0.019548441416767138, 0.016535641049333832, 0.01723495353224703, 0.08118646532977981, 0.11828698823121685, 0.21136946855028557, 0.002751970041712932, 0.008318550735920607]
            , [0.2704407228490957, 0.007323937150593028, 0.028451525255841593, 0.029697547731699137, 0.03154617632311612, 0.05003650736173648, 0.017280064486815648, 0.03695038105916712, 0.02974755814449667, 0.05676407719882145, 0.016897371288446233, 0.02299546637151934, 0.012522352580879666, 0.0247573516474192, 0.03398649839764324, 0.21341380377232444, 0.04075515169174465, 0.04055559805512937, 0.008707615186848126, 0.027170293446662785]
            , [0.04268838327006114, 0.007722184005446852, 0.007039286365979095, 0.009085351619959083, 0.06774746794578776, 0.011773962800498474, 0.008340417630170302, 0.15487304716111852, 0.0070414376577685135, 0.3534973939379965, 0.05910611456282027, 0.005816657865773935, 0.01674379250054658, 0.0127735322517845, 0.016327891656894796, 0.015199932132168957, 0.023372784732900994, 0.14734406130402058, 0.016190711860968925, 0.017315588737333996]
            , [0.021663917115488016, 0.0052613554785312265, 0.0013197514602989635, 0.002561311469623066, 0.014001024724782821, 0.0017967107300926907, 0.0016545048243803793, 0.40079969792728154, 0.00265746952105602, 0.12873889684862472, 0.025071601113866963, 0.0024050506346933007, 0.0013419702429311646, 0.0023144725407084274, 0.0023080670247054218, 0.004755024263755004, 0.018178999518909528, 0.3588251839646915, 0.00031995014173137896, 0.004025040453847821]
            , [0.05759636829895026, 0.0046066891353895726, 0.034010724536702334, 0.046196930966189084, 0.10124428402121707, 0.032520566761060105, 0.08970014700505534, 0.040261848349670636, 0.04397462165659478, 0.07162985806195961, 0.019040717797873863, 0.041442074672497324, 0.01561986067072888, 0.03582199783741684, 0.04046446101263952, 0.051086140437645505, 0.044575880392665884, 0.05019636438390938, 0.006178627298737867, 0.17383183670309574]
            , [0.05701524938719474, 0.007991322071722415, 0.01946336581357708, 0.047762549036203326, 0.04224572319255315, 0.016812311958429388, 0.0454267899037906, 0.059826530626119374, 0.1048083748752443, 0.14071110068930498, 0.034627654464143544, 0.024599457379515986, 0.00949680886764808, 0.06624672085213658, 0.1279600077920082, 0.03373959619497032, 0.04161040771622358, 0.06164638674764641, 0.009694824567833844, 0.04831481786373418]
            , [0.12465599375310002, 0.0013472311728927244, 0.07679641313395162, 0.12499503960590928, 0.0168044709060281, 0.04092481550703619, 0.00797648217017573, 0.034406726412183744, 0.13065792536256365, 0.04763849764755602, 0.011518995228330053, 0.04587613273667706, 0.021038254557958578, 0.05952744301766342, 0.019571524635152552, 0.06498339533989834, 0.09394109258964352, 0.05351057429209647, 0.006632538557459962, 0.017196453373723053]
            , [0.03872475340568399, 0.011975231546100635, 0.003909223060520045, 0.007826385241161247, 0.02075745777231642, 0.0056245322726396815, 0.005195137615888703, 0.2540900134754809, 0.010122514495295956, 0.2454525414250477, 0.0714766081284094, 0.005569657508064547, 0.0032087076934356347, 0.01150001574737766, 0.01025001558342983, 0.014460726069251627, 0.03414117397883136, 0.24067681035752378, 0.0015456987323460615, 0.003492795891194942]
            , [0.03538472630842663, 0.0009131437864659855, 0.003571497436474854, 0.006021633344407381, 0.007113178296760364, 0.004336068106943713, 0.0026895155647873653, 0.345458820025242, 0.006460533141455273, 0.09098422691600697, 0.01976204292566951, 0.005410811343583494, 0.004442087371410751, 0.005214558964834154, 0.004865943451985446, 0.01045726925622616, 0.03250112866434314, 0.4100935670717027, 0.0011627382156090178, 0.0031565098076649757]
            , [0.06735823633665816, 0.0038787286882082436, 0.039678960277435574, 0.029465904376430315, 0.13144214488216158, 0.05850195452071588, 0.022574086621449854, 0.03115136371525724, 0.029962827727664385, 0.05888225443391764, 0.018419098258866295, 0.04143919741431812, 0.02416523474839894, 0.029206647635865873, 0.03107506889296292, 0.05367431829916646, 0.04829102194062722, 0.04702257836960875, 0.06399420080794663, 0.16981617205233993]
            , [0.12435994737466166, 0.0009247778144183569, 0.06074979554308795, 0.17858216074482625, 0.0032162068630286703, 0.018459464661023193, 0.012208288786178282, 0.014266536802634249, 0.17021184776127232, 0.024661085357100494, 0.009147964529513249, 0.03169343703482777, 0.010750995551716618, 0.12287802199919572, 0.0764998900278525, 0.0483823064037899, 0.05858402882634093, 0.029408995830145706, 0.0009445542569301306, 0.004069693831456131]
            , [0.049613125719612815, 0.0030646496014568427, 0.01695530844054295, 0.033985082791700316, 0.020358801471522074, 0.016731344112055384, 0.010664845682825561, 0.20472894187408675, 0.03564502182555959, 0.21445287587722991, 0.058060427843178365, 0.016988548267144247, 0.009306367195564482, 0.02736302397951826, 0.02953213112169456, 0.024085517871891005, 0.045071990090719875, 0.16986200041900137, 0.0022170511485257575, 0.011312944666169703]
            , [0.08525732852523607, 0.008676691085359773, 0.023208113440372203, 0.0315980623331621, 0.015014817154956209, 0.026048251743234743, 0.025070190679534927, 0.02006415398737011, 0.03554335504142305, 0.04705982577925169, 0.013057735902335024, 0.02877018374115953, 0.35425137584812294, 0.04509648549143225, 0.03859901215394017, 0.09277122569792746, 0.05780138083873302, 0.03104171948814503, 0.005688819079723444, 0.015381271988580287]
            , [0.14579579322101652, 0.0019246632115686368, 0.0920600569855525, 0.1545114111666578, 0.0029209892049827553, 0.04320862758397231, 0.028372374471270993, 0.0066097499199367785, 0.093617013623712, 0.02037385316889873, 0.0033354988733535654, 0.0414465643960558, 0.008714663970496375, 0.10146131054658089, 0.1153749994645771, 0.06614413177430833, 0.05133205776709981, 0.015844130759918577, 0.003401602038477512, 0.0035505078515629977]
            , [0.037670621654298214, 0.002208322933505836, 0.012264989618258186, 0.03852429394769728, 0.005467106160045054, 0.013160686400245439, 0.03019236469186906, 0.016821568550701514, 0.27235893157778907, 0.03921084517475443, 0.01667456664774145, 0.028174051096791476, 0.006698730968578786, 0.10111780412120627, 0.2837686776660338, 0.028369037664831596, 0.03357642081104741, 0.02278082614572615, 0.002596796437603664, 0.008363357731275153]
            , [0.03331719388842041, 0.010959488217612594, 0.0019369403472854312, 0.003254818637073705, 0.016685004040001367, 0.0033940910977139174, 0.00250703747223297, 0.33726664592162797, 0.0031455022333942754, 0.14015838782374215, 0.029271151216063766, 0.003061205100506978, 0.00250535378784002, 0.003909451087035261, 0.0033431700900909958, 0.0075970959993459115, 0.022801645799466905, 0.36594359713147867, 0.0038199548451676745, 0.005122265263899175]
            , [0.09610054050631371, 0.0026957082103227616, 0.07889324977734667, 0.1361516442663882, 0.006859690102839481, 0.03253498693178448, 0.029561795945174354, 0.017474994102625967, 0.12344772022771801, 0.04135155704053138, 0.01201508744680259, 0.06414357928313259, 0.0026298614756486926, 0.10196663587186226, 0.09501789916472154, 0.06684554115057793, 0.05498323072433932, 0.026803872589140777, 0.0006933262029688541, 0.009829078979760507]
            , [0.05012577092999947, 0.0020196314624701182, 0.022057468285633815, 0.023457318617523752, 0.107791075494225, 0.029655157711188936, 0.016609758174994518, 0.11269804805927787, 0.02366876942620502, 0.18451367752461315, 0.0415454960672395, 0.026342547693067108, 0.016316071851325373, 0.020945803451659875, 0.025769498423990334, 0.030336030924392104, 0.039088488763779086, 0.1123815000959688, 0.02659349988773069, 0.08808438715471527]
            , [0.06814472136568954, 0.01448455875787075, 0.07910293341974722, 0.03844603755890207, 0.007686281153743755, 0.05924980787444866, 0.04891595347940355, 0.012349082845550306, 0.03857864396850421, 0.01934482143632095, 0.009671293398636874, 0.21464070057786158, 0.013202393904045396, 0.039732415960064264, 0.03547903344526973, 0.17998674882434845, 0.08778534380160236, 0.019104432663949865, 0.002915637108090778, 0.01117915845594993]
            , [0.015615325251172797, 0.003724465479475362, 0.0014851549935721569, 0.002672860878495494, 0.03549401116846608, 0.001870283137630538, 0.002004948588883867, 0.24876021114429656, 0.003079431895757888, 0.40792007071304304, 0.08260924209314495, 0.002704164507955642, 0.001699457829476855, 0.004834395308125225, 0.003199468514826758, 0.005093992792089985, 0.013858764674523039, 0.1584041553393657, 0.0004439782670592871, 0.004525617422638872]
            , [0.07445455904525418, 0.001592498631163877, 0.03258463660960027, 0.10490998026637424, 0.00919416259437256, 0.016227936239454843, 0.014929281472813007, 0.07508750653964222, 0.11680910538300923, 0.08387901983047034, 0.026370182470477545, 0.029874065243137838, 0.00796084928448004, 0.08467211317257452, 0.08050939985255762, 0.04562604364111356, 0.08198117068359374, 0.10132706215243124, 0.0018908414175983527, 0.010119585469880784]
            , [0.024814316099565786, 0.008864119299999695, 0.0074645338938769, 0.017195087752639702, 0.004367943736518855, 0.012857219325082797, 0.021803655715796802, 0.00888241331359563, 0.3227570787049712, 0.017636757432591188, 0.007532926711921793, 0.0279287144765141, 0.006644503467866157, 0.04907395878873112, 0.3844735057361444, 0.031736280466084586, 0.02616085038374365, 0.011899677059704742, 0.0024265668700775814, 0.005479890764573066]
            , [0.49202641722835394, 0.022118099123843247, 0.005586556842350129, 0.007424271283537475, 0.002838199056228657, 0.0720645094939543, 0.004123461538287119, 0.005565726529194136, 0.0056958717681089635, 0.007475095610801025, 0.004329206470093023, 0.009966180145596793, 0.007086502732791762, 0.006573270797113972, 0.006226136549348832, 0.25377757365057385, 0.058303351303226385, 0.025317592417319252, 0.0008390180230360862, 0.002662959436240969]
            , [0.1505337013945198, 0.001715704027043209, 0.10417574785884337, 0.13863603152770998, 0.003254444042860018, 0.033240849889601, 0.010785784312062048, 0.006894543331210537, 0.05929736356928012, 0.01523413013758542, 0.0044015360246082704, 0.029938452599413738, 0.22084349594558417, 0.045579626596479926, 0.02662593314659922, 0.07866909509373661, 0.04642492031964197, 0.01919700175773969, 0.0011341426134028419, 0.0034174958120781864]
            , [0.11426347989017985, 0.0014103134491976548, 0.030971105281521614, 0.02100482776610572, 0.005294141172339583, 0.5532782295365358, 0.008143561352117348, 0.007335767768269886, 0.020322643874481124, 0.011156303239195914, 0.004999061080103135, 0.03521974429679732, 0.016220801966390596, 0.017252645293234725, 0.019719830058587892, 0.08020571934897286, 0.029371293459794078, 0.014728998623559406, 0.002932772527534542, 0.006168760015080933]
            , [0.01471790367049329, 0.0016686998292127196, 0.0026514025906565724, 0.00452681796079572, 0.03900130800127478, 0.00297065534233551, 0.00335692560683448, 0.12974212193002888, 0.005739839762948935, 0.5568923615380753, 0.12123125936543516, 0.004217387748163571, 0.003272534140404665, 0.010210803025780217, 0.006379333977049137, 0.007551575642738088, 0.012411199522399902, 0.06797351247070586, 0.0013781945610808304, 0.0041061633135864115]
            , [0.1022514272215476, 0.0005848574577870036, 0.05297906027284668, 0.05325386285555164, 0.0210695748928581, 0.04997050033936672, 0.015469857013298489, 0.037931717677589745, 0.05781845019060148, 0.06386435277051737, 0.014899250872931109, 0.07482498107881605, 0.01423557868489462, 0.07121587887475862, 0.054534358413848204, 0.12024805520810274, 0.10263751652982266, 0.05837832050081948, 0.004051937720243609, 0.029780461423798008]
            , [0.09002702368818508, 0.015354750764229009, 0.013325913929753503, 0.012673832708123573, 0.005143812912986874, 0.02454375231449595, 0.008365350684110325, 0.009219286880443479, 0.012296049316533103, 0.011708028452841392, 0.007423119051340092, 0.03296145964003654, 0.010260081855965518, 0.01222538607024471, 0.0123765626762662, 0.3672422263887601, 0.32894836372367764, 0.019497132939778544, 0.0018206475100275349, 0.004587218492200994]
            , [0.024137473316938496, 0.0008219839289801743, 0.0028383805815297594, 0.00603850909679003, 0.07007719927278923, 0.00409702923548327, 0.004608718816260635, 0.2048620082462416, 0.006575545269494198, 0.36808046791820953, 0.07284109473700331, 0.004254430767899178, 0.004002096109263953, 0.008425560556633195, 0.0073086350489287724, 0.007740203876927516, 0.02090542151106254, 0.15388268356797752, 0.007779265545621491, 0.020723292595965496]
            , [0.021243945813675575, 0.007868152049688009, 0.003659262020928302, 0.005839205093657252, 0.18053298427874567, 0.0052615184586955925, 0.01103669637062933, 0.10356761539371181, 0.006817529096933849, 0.36972208507484905, 0.08759132935477118, 0.0065148262655892455, 0.004122437562400116, 0.009330695063009948, 0.007755790291598381, 0.011258531700257677, 0.016141800528435776, 0.0674336451710958, 0.01645066180452758, 0.057851288606799854]
            , [0.07860264971711341, 0.015941974628732952, 0.016779364493212844, 0.01803784937649868, 0.16060203589982747, 0.05467113896781346, 0.030693971664695455, 0.044634166358873954, 0.014087652555995868, 0.10554287777613715, 0.024757063535006542, 0.018928186280854364, 0.015810836047454323, 0.020728730205080613, 0.026216744605668713, 0.041040083570166176, 0.037733987223486226, 0.06161586380225472, 0.07913391213570545, 0.13444091115542148]
            , [0.22517923416308422, 0.01933075084228535, 0.016644096902438888, 0.023058172865124543, 0.009890337733952582, 0.05140491833280196, 0.012906450725968816, 0.018202067740393596, 0.018299028435914678, 0.026609048690637124, 0.01117897604637327, 0.028863410911772792, 0.1261632099530409, 0.02124656952578652, 0.019192157771719766, 0.1916017054311274, 0.11974135357828279, 0.04808987576223396, 0.0036270167414911006, 0.008771617845569658]
            , [0.06360352233976083, 0.01345026684516635, 0.014194952092243543, 0.05348128586095271, 0.011067612848733163, 0.01185497185053196, 0.020346833950016803, 0.11374772973020364, 0.09529469779060325, 0.09226877597167546, 0.025950640231362496, 0.019838129363679582, 0.007794925856770695, 0.06356020733272544, 0.09131644028490368, 0.04080230249840555, 0.08951967418511386, 0.15933446303596724, 0.002793662907458455, 0.009778905023724981]
            , [0.04689060481789737, 0.0045214950355133374, 0.14945318499761853, 0.05416061942421394, 0.017773442466173867, 0.04457250688602065, 0.0917249410279666, 0.015470321901649955, 0.05210968577417326, 0.025460836886730488, 0.00952405258639638, 0.2095505873746382, 0.012896856473876478, 0.04046482682278838, 0.03386641314643531, 0.07953967949462112, 0.04653422519731757, 0.021186199354861695, 0.004531884645851989, 0.03976763568525483]
            , [0.37756534768590166, 0.06830031200662816, 0.006485076737811749, 0.008885983827280926, 0.0064666953272259345, 0.04248118058314149, 0.006235433245667146, 0.020740682623481527, 0.008408964997092122, 0.02377335659281771, 0.011133996892506923, 0.012848479525061787, 0.008381785524207354, 0.009499104456922713, 0.00928171195933974, 0.1694222027588159, 0.11421897676263267, 0.08902545956552542, 0.0017155434132445446, 0.005129705514694564]
            , [0.037500025371462666, 0.0027726050104889444, 0.32963867447958545, 0.36123488458849573, 0.0037653182315444253, 0.02951914079702695, 0.009910401991378524, 0.006337403042043886, 0.024107877243766257, 0.011041293188250702, 0.005486695537682372, 0.04852480474614647, 0.0060438711860154514, 0.04322200562676209, 0.008695619876775312, 0.03050651160998085, 0.023361896667984168, 0.01207986048623582, 0.001342627706862032, 0.004908482611512011]
            , [0.23031463497573898, 0.06033988750540011, 0.011305214389315615, 0.013264659511839161, 0.028177350522935813, 0.036840359545480705, 0.01107550776036099, 0.08805489110654006, 0.0131107232077725, 0.14212577126247522, 0.03762581658411219, 0.013405649831162035, 0.008101705908807256, 0.013419311138438809, 0.018162968011148868, 0.04396968013783846, 0.05544804880673117, 0.15422973142428642, 0.004494248064920372, 0.016533840304695378]
            , [0.05024003248991329, 0.0052581889218807545, 0.07331010449192821, 0.04715441652846936, 0.009786221970857344, 0.2552469471355998, 0.044646209265382736, 0.012266365109634398, 0.087812464491083, 0.024695311142585774, 0.00856203200335432, 0.12695558499812312, 0.00937829042124243, 0.0581011800738573, 0.07429896435188323, 0.05402072438355721, 0.02770349105875522, 0.016907783322899064, 0.0031450743381714655, 0.010510613500822216]
            , [0.025025272949508053, 0.013621998262851287, 0.003321346841299352, 0.004549167375925842, 0.08334955975261821, 0.0045215988502662, 0.007307755905846915, 0.16039616858659358, 0.005849570728714355, 0.4128832021952162, 0.08834243508738363, 0.0059697774187073, 0.004462146851725113, 0.00805784157191381, 0.006005160120014771, 0.011263518837543698, 0.017271477949951045, 0.11208435185261845, 0.0017284163222299317, 0.023989232539072404]
            , [0.013206609579742193, 0.007130330751270495, 0.004258697889257058, 0.0055319210832513056, 0.3140611200513741, 0.004691102440031612, 0.051232907171558865, 0.011354003719889325, 0.005487272333668584, 0.03687535795089204, 0.005962915172077364, 0.008786801907059284, 0.0033577913212998254, 0.00824043288983413, 0.00773020318273654, 0.011477839998568301, 0.00982165794851363, 0.014173010996575457, 0.041041269377801684, 0.43557875423459813]
            , [0.028934926491105597, 0.007073825966177109, 0.0013595291769578663, 0.0027042693168924333, 0.003598835480232015, 0.0022315704184547014, 0.0017049899096584812, 0.36178502281514185, 0.002444685711398875, 0.07389590796300846, 0.013649066444315397, 0.0025382037185799943, 0.0020130166319358173, 0.0028615426728834693, 0.0026757670275776814, 0.005964118820212381, 0.02364682357400138, 0.4591282709548472, 0.00038397557390973093, 0.0014056513327096126]
            , [0.03755226917016979, 0.0016307481485672527, 0.014244135148894695, 0.04159692968360228, 0.0027907312236646834, 0.018300762148599218, 0.022800888150984536, 0.006598926354899949, 0.351767859789018, 0.014335091093333925, 0.005575425896549556, 0.0395594530423061, 0.006518241730779686, 0.09134525710087912, 0.2598199697046782, 0.038400401949585494, 0.03341052072773349, 0.009714896328142738, 0.000991549998860535, 0.0030459426087507133]
            , [0.04946668015815742, 0.0023682180698795063, 0.10604019244008579, 0.04335189836467614, 0.002941911038779203, 0.49665334708487635, 0.013707696224818931, 0.004322701149373332, 0.034368737939893125, 0.007495307617633202, 0.003417394870364341, 0.10431850071317104, 0.006743473279914092, 0.026578394841700007, 0.019808793153996855, 0.04983566474003754, 0.016672149775312298, 0.007502915015227829, 0.0010853537113462612, 0.003320669810756907]
            , [0.03865490114840176, 0.005360378578272049, 0.00247215747908409, 0.0037267305786936977, 0.01868484994256729, 0.004867762982246096, 0.0034284135096934922, 0.28673968847060205, 0.002553761299083568, 0.21347377075001986, 0.04521445729706452, 0.003113611923180287, 0.010111341222107162, 0.00458084353137596, 0.006040118725350293, 0.008834425069371644, 0.02343988396345612, 0.31522777520886247, 0.0012038780463166344, 0.0022712502742509417]
            , [0.027414599785293745, 0.0029348550759955207, 0.38120965134933305, 0.05654875328604784, 0.0042408568277414495, 0.03891466094490558, 0.022609218881255267, 0.006959134568040376, 0.027788408611294328, 0.00919594943974473, 0.0038775298665311487, 0.28102552797708413, 0.005763369542795197, 0.017770970787438726, 0.01231679771754842, 0.05348231014614514, 0.029214256426030902, 0.009833637616471201, 0.001709622638214984, 0.0071898885120883676]
            , [0.32618422355835053, 0.013660906184353176, 0.010022585049198661, 0.010971726609809064, 0.004193370149552679, 0.4077498300266135, 0.005994925096421383, 0.006760869716757762, 0.009046353461066385, 0.010266359189761142, 0.005994148603179378, 0.013861878318222384, 0.009107503852181228, 0.009222905136869517, 0.009923943015142229, 0.09845056484414402, 0.025315496118776475, 0.01795527010261215, 0.0014946335450503763, 0.0038225074219380415]
            , [0.06445240032394706, 0.002810294660991049, 0.031169108583203126, 0.0693378003150568, 0.009187534815782227, 0.021756567370954768, 0.013431023390663769, 0.02357243285054316, 0.17845315909330267, 0.02520842191012458, 0.00784357788472428, 0.06316436794689156, 0.010769069973087811, 0.05861543001581742, 0.07385352025950614, 0.11055957264974724, 0.18160160399429998, 0.04135845669644888, 0.0032269422540004314, 0.009628715010907066]
            , [0.01706021896030817, 0.011904634977414964, 0.003772513933576378, 0.0048635750863726636, 0.39953702644783906, 0.005267835265757621, 0.018643317994774148, 0.021991524523002653, 0.004997990187441897, 0.08378450749974481, 0.022691453609045384, 0.007118388433528813, 0.002927977194956145, 0.007050426603777395, 0.006139715460038843, 0.012508161378270835, 0.01105036821774319, 0.02385457371159283, 0.038494066858104733, 0.29634172365670974]
            , [0.2188746287372401, 0.006187265540726362, 0.05210591805888267, 0.041463015524383764, 0.004055306310007782, 0.11607732358051172, 0.00906582659685397, 0.007477914065734927, 0.02568197892838788, 0.013537090360388995, 0.006013048548559824, 0.06188836805166647, 0.023669900003165805, 0.0307349747031241, 0.013691632687442914, 0.23907906751257338, 0.10350397667897407, 0.02084570335512202, 0.001652817019782621, 0.004394243736470884]
            , [0.040942262637322764, 0.007991514484128336, 0.025355161381671067, 0.04983129367361745, 0.011982763556696082, 0.019532778538598482, 0.1097183386180511, 0.013359977959204192, 0.16067615917987782, 0.03117772696713882, 0.010205649237914312, 0.07249712711770237, 0.009564915843400048, 0.11575313015464804, 0.18861427066362302, 0.049179346098960526, 0.03841485120465857, 0.016531996108738657, 0.002924593176594777, 0.025746143397453212]
            , [0.05116265732839106, 0.0007179562569555219, 0.28329125855170656, 0.11106385125723324, 0.002655134589534269, 0.07126703058903126, 0.014626745186632463, 0.00351241806468247, 0.055300970954367125, 0.006568519788804193, 0.002813830465801766, 0.1911064235609401, 0.01028704889353356, 0.035895448944888074, 0.017254810587796196, 0.0849412335862987, 0.043330097473911255, 0.007060953690272299, 0.001164248859965173, 0.005979361369254673]
            , [0.028274097553499085, 0.008448199929890945, 0.009537696503417637, 0.012514942097817, 0.3244915861169906, 0.01083315744995046, 0.025356753403766596, 0.05257749841224858, 0.013868477483454834, 0.1602132238680493, 0.0269304620630585, 0.015313654369840356, 0.008505240503597251, 0.01647731787922333, 0.013110584849744651, 0.026993232189860345, 0.022769358349135446, 0.04497914526476383, 0.004292530365928731, 0.1745128413457626]
            , [0.14399143033681336, 0.0023409734108985796, 0.013383261919295448, 0.01841322680994866, 0.010333143734287786, 0.021328988408749434, 0.007016213514463395, 0.11894193063248369, 0.0201229024654243, 0.06608504055037642, 0.030169904284838817, 0.02291799948256885, 0.013341884461041556, 0.020073729452953538, 0.015416631676601959, 0.07369696575325663, 0.16936594543955125, 0.22319568814086166, 0.0025053927745806036, 0.00735874675100414]
            , [0.13135348443258527, 0.004657135998244329, 0.024043172803438335, 0.04419338436482533, 0.012284326642624304, 0.02346288405971204, 0.012026811299957467, 0.0719417279424806, 0.032438563022964606, 0.07271178219648188, 0.015540346909987986, 0.01863957791163596, 0.20743926221773312, 0.03028870127292866, 0.03181744582441977, 0.04774105260642529, 0.06535045012172037, 0.1418084658921791, 0.0030854665266247493, 0.009175957953031014]
            , [0.09656717120141418, 0.0009418102528832464, 0.11470742281932421, 0.18285250340529696, 0.0015968867324958464, 0.03159655318677238, 0.024101623307312428, 0.004122683749440913, 0.143390517941779, 0.009646179964362086, 0.0032379538009175645, 0.07406643444451115, 0.003168364528594675, 0.11023152157941969, 0.07305390053280265, 0.06648588938177881, 0.047156309047084274, 0.00938768842442366, 0.0004136500612632031, 0.003274935638122985]
            , [0.06867848840646644, 0.024437680614546424, 0.06671545100112083, 0.07551237952377143, 0.05862207187317605, 0.05686878827323412, 0.029127215339435488, 0.04408726441876963, 0.08723078087903052, 0.081798738363009, 0.013314462799635945, 0.06645014868232091, 0.020441892285337968, 0.04507924118609533, 0.03405848910691317, 0.06872619636091308, 0.044734050483331636, 0.036525677712042494, 0.0016697302685003406, 0.07592125242234934]
            , [0.016997708339230616, 0.0012428669315158866, 0.0073832990126704605, 0.008142761057210686, 0.3075655466147586, 0.007245780257288156, 0.04300187040642837, 0.010272819628688134, 0.008529350799246405, 0.03795674486650528, 0.011087213289899683, 0.013486849293849315, 0.004493426197519759, 0.01043688181838488, 0.009292481658840635, 0.014899055810551919, 0.013011842811107463, 0.012974070912908791, 0.031443941479301636, 0.43053548881409326]
            , [0.05872917744363561, 0.003016396690412096, 0.058250767318469863, 0.024627462713716717, 0.005318008047858628, 0.02816190867291194, 0.009991103506986058, 0.009997618297419984, 0.03162187870485553, 0.012503475585425238, 0.00622167315672952, 0.12355053072004954, 0.01062781797900975, 0.018394227514762097, 0.017931368478667612, 0.27614647850677176, 0.279066316321849, 0.017651155378910127, 0.0019542917766738016, 0.0062383431848854545]
            , [0.40953135496993565, 0.001468832820586533, 0.012696010986845759, 0.016744266360231297, 0.00604871528014723, 0.0506487301168257, 0.00506962743023918, 0.015965813997907745, 0.01374425599061664, 0.015519531969973853, 0.007055534273394138, 0.01785058402835585, 0.015655533125940174, 0.01233213046630317, 0.010341760253624615, 0.2000533074021366, 0.12537829936099318, 0.05679754055039662, 0.0019299679096327412, 0.00516820270591328]
            , [0.0429743663244936, 0.008368890609220511, 0.02536475164197171, 0.03282565482141562, 0.032605200141022, 0.019563718861128253, 0.2810414998149965, 0.016549672795277658, 0.036845353035384304, 0.04043099836415757, 0.013747171218932513, 0.08302841069469646, 0.012160283761017276, 0.08682338233939459, 0.05105884606422, 0.049005667730357284, 0.03706337946563461, 0.024615151876230375, 0.005420392223414053, 0.1005072082170352]
            , [0.13268004260912725, 0.0005064519630836, 0.18333784703597678, 0.238465225409686, 0.0011060147895624063, 0.0394080816487905, 0.009588100845306846, 0.003429325464894104, 0.07528937490325725, 0.006659607990064222, 0.0027170503440620514, 0.048668322612403975, 0.021902744069222803, 0.08126520938178321, 0.02929842099955551, 0.06655112920819459, 0.04571272408006169, 0.01199102138460021, 0.00037137683525163167, 0.0010519284251156009]
            , [0.0328733930641393, 0.004855536473099734, 0.013475366378084042, 0.014365823092028544, 0.1829299550308018, 0.016712459694837718, 0.024891143538942704, 0.020316648002264303, 0.015326050195961017, 0.050828935199122224, 0.014224782050148807, 0.015645037921580257, 0.010064713635214927, 0.016262825757981048, 0.01887934917865756, 0.023625814829589097, 0.02442399209286106, 0.029184686890450187, 0.2787548062163788, 0.1923586807578569]
            , [0.1383133123670298, 0.004055987998534578, 0.013389397558686934, 0.01387815451418008, 0.07635914928301253, 0.10773865676448009, 0.008651989134498385, 0.07431923774993361, 0.01298472863908863, 0.1580787308762661, 0.036817345553674705, 0.018908934189526147, 0.021524035397452044, 0.017594692546168425, 0.019803852457394494, 0.05492442936807145, 0.07093979040470799, 0.09893864811262411, 0.025086799720615845, 0.02769212736405398]
            , [0.2112236148101367, 0.03884150758254298, 0.004019411267844435, 0.00671696581781173, 0.007071550818722565, 0.01536615434569669, 0.0041331202036391625, 0.1183831664014189, 0.0060521940501027036, 0.06727259677938731, 0.025439112677413753, 0.006629104819841653, 0.005325366078672549, 0.006750661443718062, 0.006235809157090733, 0.04786599564895578, 0.10191879655565048, 0.316116330437636, 0.0010437678767794812, 0.0035947732269384853]
            , [0.019494297252572762, 0.0015521850669873844, 0.005579409935394997, 0.007291050485320021, 0.35663606404521336, 0.006551966693781658, 0.019039903345973535, 0.042969648261558274, 0.008295789662812, 0.11954964034252395, 0.034503905953672816, 0.010411052016942434, 0.0048196880287061875, 0.010711665005999406, 0.00859219288635923, 0.01436659430379038, 0.015116590764597641, 0.03948952010999352, 0.03635154265550375, 0.23867729318229655]
            , [0.0208408610469465, 0.019162109268044077, 0.009142265393155337, 0.009820710250405049, 0.27714929669423266, 0.009440785789901198, 0.06234670009891132, 0.017045874862379864, 0.010743704056740777, 0.05382051259950677, 0.008562540917927276, 0.021208843454203537, 0.007907382611320441, 0.014643381861493108, 0.013198369404337945, 0.0281952957699408, 0.01928444805628501, 0.021522342023150485, 0.0030839806742240937, 0.37288059516689387]
            , [0.14817356677802848, 0.0006560576178173146, 0.07287099282668318, 0.10413523071764993, 0.003909055970566241, 0.04756507332592162, 0.0048491871641660475, 0.010842928545353158, 0.0956591213702966, 0.01485051244547111, 0.008234688523897154, 0.06803190405217138, 0.013455947745101263, 0.07297444358633039, 0.02371052439873942, 0.1514396652134882, 0.12430380580041989, 0.029742615459672602, 0.0010841192195908775, 0.0035105592386353293]
            , [0.08387065066247082, 0.03107478179756064, 0.006905100891725615, 0.007930454520767752, 0.12095142457480593, 0.03477856345079177, 0.006029990150971602, 0.12360399319945739, 0.007949117615769424, 0.2536125176989291, 0.046533251694702855, 0.01005451966830151, 0.007980198579031953, 0.007841339132697583, 0.008395855408635642, 0.031005991899751062, 0.0299875423482041, 0.12377832778945379, 0.025388058376596547, 0.03232832053937485]
            , [0.05240184925002818, 0.012531321438802243, 0.026137789356234967, 0.027386628198464377, 0.036850781947295214, 0.04056529727273161, 0.026730913152296507, 0.023008466535542383, 0.030333993195856, 0.04758344455708425, 0.01649317385489838, 0.03092489648113697, 0.024385365066287343, 0.03279517001649281, 0.04413299505827013, 0.05498844277713191, 0.04570718445770082, 0.033534015234996474, 0.3503165482782431, 0.043191723870506474]
            , [0.09257963823451122, 0.0010587936750291178, 0.0017264023616147394, 0.002315985360240008, 0.09258894015854749, 0.024301671877631086, 0.0015722877342187376, 0.17642443547229658, 0.0022459139069658414, 0.26418671705855573, 0.0406359171547396, 0.005033960894799072, 0.00394722353838319, 0.004713886738598781, 0.0028106859338138906, 0.018868384503120544, 0.04293916747996415, 0.19676002828867745, 0.011758049915147034, 0.013531909713145407]
            , [0.014916388809418396, 0.757362645594298, 0.013104326422489538, 0.01693749044713128, 0.008640256128951508, 0.015213922500543747, 0.009721884157816347, 0.014102932032093193, 0.015942467673722063, 0.01788003427082699, 0.006446142507454311, 0.011270240293576, 0.011571478153542458, 0.012236183544601733, 0.01472825016345111, 0.01959524781823288, 0.014771634737889137, 0.013730409090850243, 0.0039490208929670485, 0.00787904476014389]
            , [0.2601946212467133, 0.0023205187619653005, 0.05272196576557914, 0.12437575700497826, 0.009335221799299583, 0.16277860266291538, 0.0039547754752591886, 0.03714525345662048, 0.13237535162443126, 0.020066186507254325, 0.0024792577423719546, 0.025068137447586365, 0.009704903881752526, 0.00803919869240818, 0.01595536201796893, 0.03054519646889103, 0.030125166096129766, 0.06499364923185577, 0.004462075014881237, 0.0033587991011377895]
            ]
# The number of clusters.
n_clusters <- 192
# The base file name of this file (for reproducibility).
fn_distributions = "udm_0192_clr_rb"
