20 A C D E F G H I K L M N P Q R S T V W Y
16
0.3091419790696694 0.0802048673316086 0.0188308399456286 0.0541924141621261 0.0598471422333304 0.0380264580706298 0.0590975855210649 0.0299461507391494 0.0572839384014036 0.0569655619567625 0.0887886271387716 0.0253412810907896 0.0462597638868601 0.0418525862753981 0.0442931771415736 0.0573351512904542 0.0666514680943604 0.0601587805841316 0.0669702800676542 0.0135249086120694 0.0344290185415554
0.13542253440169222 0.0964681347199871 0.0077939627033892 0.0769865336363463 0.1161713597933938 0.0163142638125234 0.0485247480606153 0.0306917988342844 0.0260467109651086 0.0945512000528236 0.0444142610494845 0.0142521241711771 0.0568549579949628 0.0319818065718827 0.0785469180313737 0.0683226105138051 0.0730177627593786 0.0597759781806948 0.0357032146189050 0.0057759923132219 0.0178056612105968
0.07991615605396975 0.0629763405151606 0.0142247371847785 0.0270060919639087 0.0326261850574623 0.0581114024151653 0.0360376147402939 0.0188796026345284 0.1107550507234312 0.0322400071537651 0.2240070517941914 0.0491794536886975 0.0240800044157250 0.0211696350666695 0.0284124543558175 0.0356965331984082 0.0371068612726368 0.0420848713637454 0.0995712250072728 0.0122193058847386 0.0336155692261560
0.05971518094019158 0.0863470440685687 0.0183896868986098 0.0294856990330440 0.0372405876925314 0.0320046558945163 0.0381488040585169 0.0183849462931816 0.1200365703037043 0.0366100108440201 0.0916919854968347 0.0288247092378090 0.0263004964352169 0.0252993127170631 0.0280570002077595 0.0364561494579091 0.0440548462548122 0.0662338897457012 0.2022390835358041 0.0088437435979767 0.0253507812098341
0.05002280034181353 0.3224097743961613 0.0223075131645457 0.0305377292332890 0.0368741827243528 0.0176246182219017 0.0721527766263340 0.0152745442650257 0.0302231123646783 0.0300818924835317 0.0445846959536078 0.0157122628288823 0.0248214553312568 0.0254278175858143 0.0271327392010672 0.0315057271867692 0.1113962055542815 0.0607011482878006 0.0596320868260737 0.0060430891134913 0.0155566234450289
0.045706702023163105 0.0973840672044381 0.0175438523446019 0.0401459964836924 0.0382627029114892 0.0163311195823760 0.0464632810646713 0.0192222618257735 0.0274151871345685 0.0402721713525335 0.0363037095828235 0.0153868009959476 0.0577938050670188 0.0273440207991112 0.0319204165491742 0.0331945934914061 0.2011480473009709 0.1886761777722832 0.0428378166695732 0.0062547098582349 0.0160992576079205
0.04377921094212034 0.0583789423013441 0.0149260728917155 0.0312027155580147 0.0338073826023095 0.1276301066325488 0.0382069704224478 0.0535206934733036 0.0469727873413816 0.0344547020931094 0.0851312712780743 0.0263446790596623 0.0350640283515003 0.0215450576636923 0.0311699671623946 0.0377035703197737 0.0454910727523109 0.0403633174032601 0.0533594766114368 0.0520687321121803 0.1326584531292095
0.042210649611755524 0.0913216529744537 0.0120916268383679 0.0584785840747019 0.0462198269332283 0.0244146465428296 0.2532906022156315 0.0228259044343786 0.0352634561823054 0.0444063580477026 0.0525141081442276 0.0160010148217506 0.0544316205146801 0.0284195270079605 0.0343066189675526 0.0409686591850596 0.0675034723245959 0.0431119591879047 0.0432045623397301 0.0088957521156517 0.0223300486542466
0.03974157057951188 0.0377250369224145 0.0082009627097481 0.0064356669628140 0.0092139970861032 0.0217566414791412 0.0093532451208138 0.0053730648433182 0.3099245174133823 0.0095900282698789 0.1409001157280648 0.0353275089051873 0.0074770034981039 0.0074411685662724 0.0081916304827089 0.0094122996346979 0.0137321244522400 0.0311407703172206 0.3168808474056698 0.0029705654921160 0.0089528031114611
0.03591852166926603 0.0523840655217748 0.0079045286274117 0.0264608053878147 0.0528988258939217 0.0113568771218887 0.0276053911383399 0.0326744449639995 0.0211970074469963 0.2290450441882986 0.0381106640471816 0.0149995567509525 0.0417997802533917 0.0166494631667558 0.0767276890863869 0.2144137862526793 0.0450404448654703 0.0437232930876331 0.0281302450527009 0.0051578966426094 0.0137201866486843
0.03378410311630218 0.0554837816869146 0.0066478067550770 0.2208173712402915 0.0792753999279993 0.0135297257987305 0.0625963811175959 0.0328312407331520 0.0182329758310289 0.0506054444820565 0.0275130006335753 0.0096672459056361 0.1613767998020559 0.0215767501872167 0.0381682977724010 0.0313923008876549 0.0752741695404200 0.0482466839404654 0.0239691914364611 0.0054533834380553 0.0173420508036039
0.032473562460801936 0.0775281198435586 0.0040298685136567 0.1864201282671245 0.2792164620974074 0.0080069182644541 0.0370852853527495 0.0184388035587981 0.0132523676678316 0.0591186606959152 0.0221973105021602 0.0079248891380596 0.0474233124176355 0.0235644743231736 0.0634974760856638 0.0316802811068735 0.0485740031806756 0.0382376054038493 0.0219778750405343 0.0029371508927572 0.0088890043830717
0.031912814558497246 0.0286675960670186 0.0078278211134157 0.0078131951548032 0.0099976912522709 0.0602712071271155 0.0103540170299282 0.0076310105610772 0.1418653866154528 0.0107690433328932 0.4359864677309683 0.0816886235553552 0.0089569853101671 0.0076445464769333 0.0127050689480654 0.0127811035473931 0.0141178315460325 0.0199758668083065 0.0975716584442043 0.0066325208519065 0.0167423603993117
0.025772688894764608 0.1076650194766838 0.0073513840380296 0.0434764907433966 0.0522900871156649 0.0158927493802467 0.0398726667644084 0.0173756185142475 0.0256925436402699 0.0416647048738788 0.0429502715971554 0.0123416025443282 0.0263103279634273 0.3258959953416922 0.0331644982859408 0.0360557914610239 0.0659911692953070 0.0458319578670894 0.0400384737781853 0.0061225693842609 0.0140160697461222
0.020154991231129044 0.0227698436082576 0.0101285374344943 0.0099430634450634 0.0111382462184787 0.3053916756053441 0.0111951188869608 0.0408763061696536 0.0246419593177124 0.0119198894439871 0.0677632174922424 0.0175917683776202 0.0159425856171869 0.0078334826046482 0.0134346268157811 0.0137783524823001 0.0209360415939459 0.0175160226007851 0.0263925120975239 0.0371362635296689 0.3136704911234230
0.01432653410535163 0.0783237144895230 0.0062505874369148 0.0350426018963888 0.0221035448232724 0.0077608034221133 0.6130834245207317 0.0101879415688810 0.0110219281163621 0.0211280339020062 0.0165664301703969 0.0065616192594739 0.0368588810920196 0.0114221645666518 0.0156779504475256 0.0182566812140881 0.0441046467061970 0.0190883184444047 0.0155717061301825 0.0031734135296210 0.0078156068650022
