192 20
0     	0.023035370547067696 0.0624551961175817 0.0198284518136439 0.0571199816805324 0.0680473747920133 0.0404174797609540 0.0542016140593456 0.0304874500194121 0.0592510379367721 0.0635156110759844 0.0919661364947310 0.0249188532967277 0.0465163108763173 0.0403457087753744 0.0474490415696062 0.0596673498169717 0.0650880958014421 0.0538940472268442 0.0644142658125347 0.0138392721856905 0.0365767236195230
1     	0.01958147002808849 0.0605130532376917 0.0155451040636453 0.0504946949625040 0.0625872673309423 0.0383282242086730 0.0516101730114118 0.0267190148294751 0.0578057194020215 0.0596994346507988 0.1536192820345610 0.0281509105914575 0.0435229168607760 0.0356321325640691 0.0447545607225302 0.0509415251457450 0.0610920326058037 0.0516886439954353 0.0615004394085425 0.0118250493263124 0.0339698232807304
2     	0.016363875572722873 0.0661617956844076 0.0141730938023256 0.0558216510972374 0.0588802941712190 0.0373971772093023 0.1264943529498984 0.0261153884610582 0.0552593950413610 0.0546045046956454 0.0842137431949430 0.0217883906313407 0.0437299566716092 0.0379570595567348 0.0408166526010613 0.0518977590877166 0.0609102156578742 0.0525273096862806 0.0643190811690339 0.0132191495825659 0.0337130303527392
3     	0.014355912697044131 0.0698573265663938 0.0131123584942150 0.0672400788581345 0.1363813078764686 0.0349823288234247 0.0522678923629405 0.0255052268974724 0.0573788105873976 0.0528439024537202 0.0882228148451406 0.0233365994215023 0.0401362455055180 0.0349851470674617 0.0421741508552866 0.0475653662735849 0.0559245382556070 0.0514513392025632 0.0645589372961908 0.0105259765555358 0.0315496483303667
4     	0.014177086486741953 0.0704779011963965 0.0117632047790991 0.1417559314414417 0.0608253122639640 0.0357029588630630 0.0566094554333333 0.0259572590081081 0.0539311604036036 0.0552584267900901 0.0791392204171172 0.0215347395639640 0.0499789442675675 0.0352240190243243 0.0396929490747748 0.0466697009072072 0.0561775306234234 0.0516490151108108 0.0625642007108108 0.0122188388959459 0.0328692388774775
5     	0.014115774643209776 0.0700049336440141 0.0187514003044973 0.0482843099158447 0.0530172351868609 0.0375797063016922 0.0561277571504841 0.0269991652626912 0.0546856566717944 0.0505312888381142 0.0866272609990046 0.0236811079259795 0.0468741191457787 0.0372163829119537 0.0412290636259162 0.0505476975459234 0.1261360949959277 0.0609854513908243 0.0651661934757036 0.0121167192258619 0.0334384602379875
6     	0.013899905860773576 0.1326010174552134 0.0144336214024805 0.0540429158162609 0.0639056252558567 0.0331691952319706 0.0563161477547083 0.0254483054598071 0.0547729026871842 0.0602875244345430 0.0797624438309601 0.0227920436251723 0.0456377897262287 0.0355375050684428 0.0467871742002756 0.0494787983252182 0.0654982706926964 0.0554707340836013 0.0619954864731282 0.0113299791777676 0.0307325185530546
7     	0.01388968722018488 0.0745916812764392 0.0143155807626448 0.0503743786389553 0.0578872612166636 0.0360262962801177 0.0557803199843663 0.0263925561038256 0.0519407064171418 0.0490153813748391 0.0820028178131322 0.0220435531727055 0.0402137420572007 0.1138253155048741 0.0411943671979033 0.0510081926034578 0.0647651038973699 0.0568762117757955 0.0659342156244253 0.0131891347775428 0.0326231847829686
8     	0.013638053195688244 0.0663234598473496 0.0139703688043641 0.0510676733742274 0.0597534715742648 0.0342420018018355 0.0530381412361866 0.0253950041496535 0.0577596317362802 0.0554639821548979 0.0763573763616782 0.0237449933976400 0.0462073459018543 0.0360411935708934 0.0437254038818131 0.0517639686739090 0.0654633595532871 0.1254652747518262 0.0708765723318974 0.0117828302949991 0.0315579505338078
9     	0.012980228207790948 0.0641960496802756 0.0158731325321200 0.0503057180344319 0.0598546552484014 0.0376267879695032 0.0542762968470241 0.0261620345194294 0.0668512400570585 0.0546068210132809 0.0831488809345794 0.0258461709060502 0.0413677126010821 0.0391666688893261 0.0399002958632563 0.0510616735976390 0.0601360340255779 0.0574217491136252 0.1253928536743727 0.0129638111317265 0.0338414176389572
10    	0.01240670700475039 0.0735683357772742 0.0120550656899145 0.0739434123096734 0.0845530573091584 0.0214602260444009 0.0555002963500566 0.0315052110005151 0.0306177651869785 0.0739527608488719 0.0504346700051510 0.0166335215480581 0.0684172763624188 0.0381969611444319 0.0578699091933656 0.0530171935489853 0.1094822831873906 0.0756909826104874 0.0419494186061604 0.0077440978958484 0.0234075526743586
11    	0.012293024628201149 0.0653838294074843 0.0131034813662162 0.0557625432099792 0.0641845638970894 0.0353106033731809 0.0564373356039501 0.0257410059002079 0.0553245193347193 0.1296203382952182 0.0770305914968815 0.0226693879386694 0.0506956566787942 0.0337918875093555 0.0446547883679834 0.0497934472130977 0.0618541640467776 0.0540040572266112 0.0590048580457380 0.0109066239904366 0.0347263215353430
12    	0.011861287063328748 0.0689792096456650 0.0144001260676360 0.0504408685320409 0.0545629484146473 0.0525026465966613 0.0549487693354873 0.0302893545514270 0.0538744043058697 0.0532612622800215 0.0775342675810447 0.0230639029348411 0.0434637596930533 0.0336526378233710 0.0379379820969305 0.0470814106925148 0.0584389684964997 0.0522257995831987 0.0637571164221863 0.0153128960855143 0.1142716682390952
13    	0.01181785784082679 0.0747547983335134 0.0154207521087215 0.0494866705900789 0.0574896378115206 0.0349144881346590 0.0551570561082892 0.0297385904317519 0.0528197650016211 0.0483539169674700 0.0828901628877121 0.0223942692780720 0.0383704896617313 0.0335791368345401 0.0426390299492057 0.1386560099319140 0.0556886971047228 0.0555499146568680 0.0674431468561548 0.0128871865603588 0.0317662893418351
14    	0.011548341195299936 0.0658250533901118 0.0144595751733215 0.0512038448921580 0.0601768920783099 0.0377034730372746 0.0545359083818162 0.0241531273564871 0.1323439787634112 0.0591801439088596 0.0829406055170888 0.0264445019710209 0.0436415050481141 0.0330136568167238 0.0384931282512996 0.0472033014931977 0.0573053523360248 0.0533951509678133 0.0717618028757881 0.0118628241093906 0.0343561781075102
15    	0.01141933085786765 0.0709262655704698 0.0149969050435123 0.0512028514183445 0.0568555306901566 0.1123469916890384 0.0568144000749441 0.0277014955894855 0.0545465502908278 0.0525773677550336 0.0803170251677853 0.0249608336185682 0.0412354760850112 0.0353452460805369 0.0391858640234899 0.0491662020156600 0.0589469194664430 0.0521353859507830 0.0636856833255034 0.0143347402955257 0.0427182595100671
16    	0.011249445958080582 0.0679347134953441 0.0128458125246423 0.0550138801181013 0.0533164825266864 0.0371819606302521 0.0556269889268680 0.0275121083374972 0.0568749524278901 0.0541339945911878 0.0764650923688395 0.0224890144605951 0.1369456464683172 0.0310878444537815 0.0403311761026573 0.0458435683454463 0.0633519277731093 0.0535132579161935 0.0606293633000227 0.0120513318795140 0.0368508828367023
17    	0.011143427561972861 0.0666830644429161 0.0140753791844337 0.0430635910293443 0.0500912884479597 0.0365208837528657 0.0505201563732233 0.0247123499232004 0.0583171815256763 0.0444121022902338 0.2300705132966529 0.0316865222352132 0.0345534911267767 0.0295485088995873 0.0396721414947272 0.0468825122948189 0.0489396167881706 0.0438988443798716 0.0637956593340211 0.0118140766282668 0.0307421173796424
18    	0.01096204669152351 0.0707814405279721 0.0063647002354313 0.1070494805011653 0.1147375309673660 0.0118832174900932 0.0582680606375291 0.0337324984355478 0.0178748912012818 0.1087690825174826 0.0319798755616549 0.0103052563193473 0.0780047265734265 0.0271544565116550 0.0717775739417249 0.0677556730372960 0.0816601665571096 0.0573386845804196 0.0249647916958040 0.0039678210240093 0.0156300652395104
19    	0.010595452960404044 0.0655383258722122 0.0168572616185654 0.0352958287992767 0.0418828994707656 0.0406100224026522 0.0435082408270043 0.0227336246894515 0.0831515786534057 0.0402606151320072 0.1540626363833636 0.0337005923966245 0.0298788918384569 0.0295780990765521 0.0346354955623870 0.0446582617890295 0.0493798978770343 0.0530181928185654 0.1373008404942737 0.0120544239585292 0.0318942689342978
20    	0.010256960490903494 0.0715882540478266 0.0096081175142608 0.0561379086934861 0.1289810370158179 0.0253645468358451 0.0390647282675302 0.0270983655548636 0.0434568543106240 0.1075305682401297 0.0681576982737576 0.0207909715867480 0.0471379264653132 0.0254117188621248 0.0662264581840827 0.0611842555598456 0.0609825974056545 0.0583879858487981 0.0503677417897620 0.0073635649798231 0.0251587025862498
21    	0.009655338026244024 0.0700874690555556 0.0129870363466931 0.0482049647116402 0.0470626440634921 0.0370946626031746 0.2005757716931215 0.0238196286600529 0.0575786915039682 0.0418570568293651 0.0839482763492063 0.0224948827208995 0.0361954864007937 0.0311914031203704 0.0331682364841270 0.0454358160132275 0.0488508688108465 0.0481820812658730 0.0672379899126984 0.0119154524515873 0.0321115774550264
22    	0.009599135503006196 0.0793112443986163 0.0075489896978047 0.1254754136774878 0.1604001153672166 0.0141919060927355 0.0537462677208622 0.0261450569288185 0.0216360928733368 0.0637519994611495 0.0368731173430017 0.0120233114570250 0.0615580183901011 0.0367822007760777 0.0617568912559872 0.0443659189981373 0.0821397694518361 0.0604348241085684 0.0315360995188932 0.0048728350222326 0.0154499186741618
23    	0.009417754632556844 0.2202251695145104 0.0162548647679685 0.0479886092595606 0.0535303214239219 0.0319698578220776 0.0536407889544345 0.0256580773704909 0.0453566132926499 0.0458350577719013 0.0746118087306753 0.0230506043390290 0.0354165069568755 0.0284466702590182 0.0408822591619203 0.0491189194792514 0.0596309206672091 0.0496775231909412 0.0569211702739354 0.0120084877256577 0.0297757610265799
24    	0.0092159364809301 0.1293258376628775 0.0128105920454671 0.0669122349805933 0.0739377538591628 0.0280966722095924 0.0683152944843360 0.0314689908495980 0.0341372756307181 0.0338516537538121 0.0828165176185195 0.0170948407679512 0.0285665700720820 0.0439259660673690 0.0520535452813973 0.0920651978098141 0.0567215661574716 0.0549166793678958 0.0573633095300804 0.0128875448035764 0.0227319539423344
25    	0.009023059639818466 0.1218390436801132 0.0155405550860580 0.0463800657452229 0.0531400088011324 0.0355375446397735 0.0570629532285916 0.0270960407186129 0.0504138155272470 0.0381250264826611 0.1499751983297948 0.0273219988478415 0.0311582211493277 0.0335133681118188 0.0432486129681529 0.0576058051620665 0.0522754143128096 0.0500608025732485 0.0678456893729653 0.0133543793046001 0.0285054595074310
26    	0.008863393380620093 0.0749424849481119 0.0129185385265206 0.0452113958374171 0.0591197006212165 0.0310962230053330 0.0467755276520611 0.0307780885110983 0.0512700606918420 0.0552139673493802 0.0948745156529259 0.0273908651556645 0.0434147376808879 0.0296437076078121 0.1253694839867396 0.0573945408936293 0.0580129544840011 0.0563035003545690 0.0608228984462381 0.0109298478283367 0.0285169547516576
27    	0.008832737458854005 0.0612345420795373 0.0135433189449024 0.0368496136442516 0.0446299403658712 0.0384189694634852 0.0438864325683297 0.0201777352853218 0.1432959767462039 0.0449918525712220 0.1792777139551698 0.0363176733392624 0.0309650648951554 0.0240977988451193 0.0324524760477223 0.0400023149689082 0.0435239591077368 0.0439240624454085 0.0816289440260304 0.0098006484271873 0.0309809595762835
28    	0.008816132167897374 0.0720768976789336 0.0156594236931324 0.0500070408794552 0.0553468033033903 0.0443002347681831 0.0506135950144886 0.1099571820776584 0.0449308910953347 0.0518320569747899 0.0726339844537815 0.0222758945957693 0.0475787488771371 0.0303065172703564 0.0459153065126051 0.0535253019559548 0.0604830267024051 0.0522493181498117 0.0570151352390612 0.0143552384142278 0.0489374014676906
29    	0.008659020568846175 0.1014932709629848 0.0112143176709925 0.0841826933608612 0.0744072176345672 0.0167128420368678 0.1217335811089813 0.0273453115338446 0.0219281946490193 0.0587284955080372 0.0383332348857102 0.0131571744668928 0.0672468949078307 0.0414330325306002 0.0541473076891314 0.0542349585695325 0.0937293522046896 0.0605692218669813 0.0335590710632649 0.0073810836950302 0.0184627428566583
30    	0.008464866397660952 0.0592147508420100 0.0146719361163422 0.0178923328186209 0.0247840431089484 0.0432534516805493 0.0270057064508827 0.0143027271027614 0.1632467751018563 0.0266472711510487 0.1723539266787386 0.0436684545525879 0.0181011643639656 0.0199668300368190 0.0220973771269051 0.0279681234561641 0.0330514486449374 0.0510778272521503 0.1852602654293045 0.0092013212049193 0.0262342599705749
31    	0.008264325576107796 0.0555269267228320 0.0140630285966919 0.0392609181480909 0.0485615723852218 0.0324457925898902 0.0464886512459422 0.0223461767491112 0.1466121389859329 0.0492418646096769 0.0777979292471789 0.0246540193538414 0.0336121051677229 0.0281301853526047 0.0341213841443809 0.0454497427113928 0.0458915492208997 0.0512674034642139 0.1649977569948986 0.0101642411133096 0.0293666068121812
32    	0.008209400382943556 0.0725658026007155 0.0126508914809457 0.0440084387074195 0.0584274010748172 0.0184936621656557 0.0476779902162078 0.0407252059996889 0.0252513702395396 0.1092214451236583 0.0466808881459014 0.0170703500883497 0.0585601381941203 0.0273271045929383 0.0710220261315913 0.1310681971690777 0.0881554762949137 0.0651347596749106 0.0364257952465390 0.0077488546464458 0.0217842037021310
33    	0.008107213977056597 0.1573052739877106 0.0197160438627698 0.0426136775090594 0.0483977317472822 0.0319029615976052 0.0551538052481487 0.0250884756713408 0.0439686540302504 0.0443805880289901 0.0673759209673862 0.0218259749787301 0.0390403981077674 0.0321239841625965 0.0397200166661415 0.0428956407483851 0.1368408341263592 0.0550166588860879 0.0564620451709469 0.0100965916921380 0.0300747227052151
34    	0.007896454514914745 0.0799326829974118 0.0038539195636202 0.0934641309333550 0.1870361295697186 0.0084792628667097 0.0328873078324166 0.0229846408959884 0.0155237204488837 0.1454554393238433 0.0276609835296020 0.0098782098544160 0.0580654390197347 0.0207292331779360 0.0840173039226788 0.0622368387495956 0.0601140613361372 0.0505849492850210 0.0229288614898091 0.0026133268075380 0.0115535557230670
35    	0.007722737624906915 0.1000887359636063 0.0073280977376013 0.0641126341224152 0.0942767819851117 0.0129346687781638 0.0415306306550869 0.0356941532092638 0.0221004201870969 0.0746887052936311 0.0428426836889992 0.0137767915429280 0.0640198983159636 0.0257659091831265 0.1355343085194374 0.0678627868271298 0.0799640957088503 0.0656599671976840 0.0317786228635237 0.0049178391634409 0.0151222678213400
36    	0.007416178407246038 0.1703616983634798 0.0064513248529888 0.0715958999448751 0.1377302290783806 0.0155419415972438 0.0437789572299741 0.0225893977851852 0.0267055745434971 0.0656077229147286 0.0500813862049958 0.0130068808983635 0.0384572856313523 0.0280581546599483 0.0700330155228252 0.0603021719173126 0.0670306823341947 0.0543320832110250 0.0382438296313523 0.0057476177520241 0.0143441340360035
37    	0.00734337059305158 0.0677632743538006 0.0050274192428770 0.2280434080709694 0.1619960407375195 0.0089794444084188 0.0565721804070273 0.0259543895355714 0.0125170232005567 0.0575414729396417 0.0211475189685163 0.0080036956759437 0.0896411265333101 0.0254072779203339 0.0515728871163680 0.0327988888500609 0.0673211482831797 0.0451238462932684 0.0195320308940685 0.0036038075926248 0.0114531139662549
38    	0.007099400548996466 0.0587868380661989 0.0134927411583019 0.0343025386850153 0.0523375279258859 0.0312499395407447 0.0361969364148230 0.0273307530005397 0.0642980585447023 0.1281308616118009 0.0870438926497571 0.0268574518636445 0.0328915035348084 0.0239244256074834 0.0483351494927145 0.1193970089944235 0.0473238255981291 0.0534739627756791 0.0759301388864904 0.0093287638093182 0.0293676789958625
39    	0.007041920695685051 0.1463728587883185 0.0177209258686740 0.0412388965082532 0.0470395109196444 0.0332108689406857 0.0496219279357881 0.0234156276401233 0.0572024698839107 0.0440243851079267 0.0737824593524397 0.0240959798059133 0.0323459216560857 0.0350864066852893 0.0349888033520769 0.0451760770070742 0.0538134749882096 0.0570797922982042 0.1432016672954834 0.0113537295751859 0.0292282122927626
40    	0.006896305067296135 0.0667371113483978 0.0153304967825523 0.0461989915484349 0.0527884415373217 0.0270918428766438 0.0471460353361734 0.0256284493272828 0.0384895603722911 0.0513168836006668 0.0569606999592518 0.0201110082089276 0.0459855887868124 0.0284792233969254 0.0411047569457307 0.0475795017243934 0.1500186059270234 0.1503075626041858 0.0524506746971661 0.0098838645580663 0.0263907015078718
41    	0.006852875844794178 0.0713161188857835 0.0047500334098006 0.1551981347866593 0.2359220620458354 0.0090252608110676 0.0394855786193404 0.0229522041978759 0.0148584238392026 0.0795585978256009 0.0257218677734300 0.0094257045278555 0.0563916948984535 0.0247129620178871 0.0689678597465997 0.0414545858822433 0.0579859693441401 0.0451924593161915 0.0230737845444383 0.0031195845281908 0.0108871131898640
42    	0.006785177350894067 0.0381498132360693 0.0104748180348645 0.0080568780777486 0.0115065695933735 0.0659758755980799 0.0118158950858433 0.0094022146379894 0.1335696038893072 0.0119426368904367 0.3839001184111434 0.0783789848015813 0.0092214969167923 0.0092542601818525 0.0145438915353916 0.0154521730084714 0.0164876631645333 0.0243321107699548 0.1182066411144580 0.0086389566602033 0.0206894031816641
43    	0.006718756187067544 0.0570256657946768 0.0088078526656654 0.0305254670209125 0.0551275094087453 0.0128728643001901 0.0323086889296578 0.0366163195608365 0.0218803602077948 0.1951380254752852 0.0395217360190115 0.0161877450500000 0.0465980050437262 0.0190841638764259 0.0726171674695818 0.2020942003802286 0.0537968347224335 0.0482556542281369 0.0298742237623573 0.0056695306488593 0.0159979865634981
44    	0.006718756187067544 0.0521842033060836 0.0126225044087072 0.0200539634326996 0.0257075615222433 0.0461393820323194 0.0272786343859314 0.0140786300241445 0.1504603740874524 0.0266567590532319 0.2848907450570333 0.0531983469250950 0.0185044760152091 0.0164611033887833 0.0232509299657795 0.0303883069239544 0.0296688872851712 0.0365168117794677 0.0987686523174905 0.0094442855532319 0.0237254353954373
45    	0.00671620152692037 0.0682170751863826 0.0168967158124762 0.0425870095625713 0.0571426430886268 0.0320900251920883 0.0464996506713579 0.0241991008900723 0.0605832145340434 0.0516670652339292 0.0687892216945607 0.0238791392297452 0.0347049527957398 0.0307024839345759 0.0387776212419171 0.0491761771472043 0.0505302506504374 0.0622596496272347 0.2007545292887027 0.0106634648771396 0.0298800173429061
46    	0.006525879345955909 0.0369864983382267 0.0080628072586416 0.0051145138205128 0.0084191449661380 0.0298004646290859 0.0075851974110395 0.0057333219900177 0.2652905639068318 0.0093932389377570 0.2076702658054413 0.0522908357702095 0.0068022222928166 0.0078464619328635 0.0093138522456450 0.0091986774979448 0.0137170036697984 0.0327863345742807 0.2696051197886082 0.0037973395280485 0.0105861420528480
47    	0.006506719394852104 0.0585528307615309 0.0071045098252797 0.1486604956035329 0.0746989012561335 0.0147956415472032 0.0719881026614328 0.0341293462741904 0.0192755832522080 0.0649829231187439 0.0286662456604514 0.0103752550041216 0.1698389924239448 0.0212373691421001 0.0484553157605496 0.0390096410421982 0.0816376286928361 0.0542584562433759 0.0257390868851813 0.0058072323823356 0.0207864443566241
48    	0.00650033274448417 0.0607051174494006 0.0136995994843781 0.0182465171680095 0.0241704658382787 0.0271405993601886 0.0240662472882689 0.0124502752768717 0.2243145561013956 0.0251611933275692 0.0919220150422480 0.0297010334250344 0.0194858071919827 0.0185933061047357 0.0191081519363333 0.0235229059345647 0.0324687705580663 0.0553083457850265 0.2562320909805464 0.0054251009646296 0.0182778821063077
49    	0.006485004783601126 0.1294163941292356 0.0137515785034476 0.0573064568081166 0.0578328281067770 0.0121332346776990 0.0633406040898345 0.0233911739600079 0.0187978098339243 0.0529001856954295 0.0298894137037036 0.0127057955368400 0.0732656230279747 0.0354092436337667 0.0516042261229314 0.0380168412411348 0.1780851580181246 0.0997214761426320 0.0329896544779355 0.0049419499623522 0.0145003401209614
50    	0.006470954152791668 0.0393846772937227 0.0084954942622779 0.0057607243136597 0.0085729671016581 0.0453242935540861 0.0090524603470191 0.0066073682054875 0.2048611015001975 0.0101302817826687 0.2950713815633632 0.0677256676983813 0.0071436515519148 0.0083270471977891 0.0115368491804185 0.0118396117893802 0.0148200730238846 0.0289189294749308 0.1979475795499409 0.0049235791968022 0.0135562570544808
51    	0.006432634250584059 0.0655271676191422 0.0138969262199365 0.0369202530381255 0.0389638012351073 0.0972413459729943 0.0468406466878475 0.0381216583101668 0.0411975526290707 0.0405831883935663 0.0613842662073073 0.0206921028693408 0.0378083549344718 0.0223199750353456 0.0314356957942812 0.0386509906393964 0.0504034644698174 0.0441154515111199 0.0526096263046068 0.0287520616197379 0.1925354660444793
52    	0.006376431727346232 0.0693640986435585 0.0056603018328191 0.0508448501642957 0.1118482253456221 0.0101548892398317 0.0308454818773793 0.0299384445381687 0.0206655535824485 0.1868672546583852 0.0332663952574634 0.0135568131935484 0.0526554148106592 0.0185485761749149 0.0951597355539971 0.1090646425165297 0.0617104876718093 0.0553391540613104 0.0277290264816670 0.0036605884355840 0.0131200631382489
53    	0.006271690661312099 0.1980645969450103 0.0176030783466395 0.0400477047270876 0.0410772786089613 0.0298052805460285 0.1639834583095724 0.0218021019723014 0.0376649745152749 0.0373200398287169 0.0619069243788188 0.0195548873543788 0.0327783924338086 0.0290306607230142 0.0316322440590631 0.0403646891934827 0.0657999892036660 0.0463930021731161 0.0498417909572302 0.0100507582293279 0.0252781558496945
54    	0.0061950508568968795 0.0643976564948454 0.0160069587701031 0.0317586845540207 0.0350548998494845 0.1216890440824744 0.0469664666969072 0.0238008600053608 0.0604225325896907 0.0328450415587629 0.1945226742268041 0.0400715306474227 0.0286545099731959 0.0241426491876288 0.0285044606432990 0.0372403343752578 0.0447465544226804 0.0418603265876288 0.0640408787979382 0.0188415198616495 0.0444324182453608
55    	0.006181000226087423 0.2416332827030380 0.0168628255480471 0.0417371537712337 0.0454145894750981 0.0163490399927671 0.0809584349989667 0.0178919898948130 0.0255286128253772 0.0381098894358338 0.0373101605083695 0.0146527834562926 0.0397407205848316 0.0328021014321141 0.0375320197230833 0.0347807276420748 0.1458330327340359 0.0670626358338500 0.0435023661748296 0.0061191144118206 0.0161785149375904
56    	0.006178445565940249 0.0548642680008271 0.0105945369365309 0.0455116636138102 0.0401634357390945 0.0316220425863138 0.3025580095100260 0.0204998523568327 0.0529589255323547 0.0413986830494108 0.0720260134711598 0.0192342127165599 0.0399848346206326 0.0251077826421335 0.0305300856026463 0.0377580748914616 0.0424213459354973 0.0384437951023362 0.0582683315443457 0.0103117045286334 0.0257424073806078
57    	0.006138848333659052 0.0466683822638369 0.0120672441244278 0.0127014616433625 0.0163608757224303 0.1135311308988764 0.0218871543029547 0.0152719625530587 0.1309046385767788 0.0175939323674573 0.2460613451935077 0.0507573254140657 0.0145562711527257 0.0148443012590616 0.0176070499812734 0.0214044173739076 0.0260898303162712 0.0336690798148148 0.1184089623574698 0.0163228288574698 0.0532917958926342
58    	0.005975350084239918 0.0744995883753741 0.0112496371058145 0.0391412006519880 0.0446615409042325 0.0320068103548525 0.0456142741769987 0.0227451106434374 0.0568359067443352 0.0392266594399316 0.0894841013039760 0.0220495513937580 0.0309317946494228 0.1975585927746902 0.0350344621846943 0.0448279855750321 0.0479295609619496 0.0495330309191962 0.0778759964493373 0.0113685165639162 0.0274256787212484
59    	0.005975350084239918 0.0914271836361693 0.0078026154916631 0.0523986106412997 0.0608631094228303 0.0185700607349295 0.0461790346494228 0.0212052290123985 0.0273278841363830 0.0546763884715690 0.0462032141321077 0.0135525543800769 0.0309823282342882 0.2747901393758018 0.0383339876100898 0.0448047226678068 0.0605179494057289 0.0467190855964088 0.0400256183817872 0.0067272219283882 0.0168930609386490
60    	0.00588976896930959 0.0592211728822382 0.0166529630793754 0.0267837415810019 0.0337297154782042 0.0990106240902192 0.0333877564367816 0.0405180257297766 0.0596383258794188 0.0347954035436998 0.1394313666883539 0.0317713347191498 0.0290270986337020 0.0226412895508566 0.0317007543634787 0.0403631783973108 0.0422687067772717 0.0408119214834093 0.0634430140598569 0.0296434362420299 0.1251601810670138
61    	0.00577991858298111 0.1573304171491713 0.0178021341023204 0.0378829957834255 0.0444387532044199 0.0235037344826519 0.0498512786386741 0.0194843057385635 0.0454108197215470 0.0385683470209945 0.0609568956375691 0.0230134160393370 0.0366690950519337 0.0313785000994475 0.0358652351403315 0.0384794067469613 0.0847146164154696 0.1463859116022098 0.0787096247138122 0.0084045525312707 0.0211499536784530
62    	0.005778641252907522 0.0772244623563218 0.0158296965139036 0.0234421068921308 0.0269329094440761 0.0389923514213086 0.0391009214743590 0.0157989089376658 0.0902595187577365 0.0219923050331565 0.2484277931034485 0.0351808600707339 0.0178435263262599 0.0211792653684792 0.0226357226083113 0.0320998241025641 0.0310181650088416 0.0413237444849691 0.1691633293766580 0.0101407111755526 0.0214138756514147
63    	0.005739044020626326 0.0469904762185623 0.0090361887723570 0.0049904760738927 0.0081741409683953 0.0166865557618518 0.0075374535913643 0.0042699212935678 0.2815992049855333 0.0076559484535945 0.1169135666347652 0.0294637741241932 0.0063070364513688 0.0076931847747608 0.0075378365030047 0.0074628503943913 0.0140143658720232 0.0371081809748498 0.3770721026040507 0.0023815997748720 0.0071051327004229
64    	0.005712220089080999 0.3223804324686943 0.0270983145554562 0.0302974502213775 0.0343773271511628 0.0275547152079606 0.0640762683899821 0.0200996534852415 0.0411879550670841 0.0321308392061718 0.0672200860666368 0.0211176059760733 0.0249491499105546 0.0213937003220036 0.0268492650559034 0.0365173269991055 0.0653642957110912 0.0456859979830053 0.0577957340272809 0.0089040055787120 0.0249998651551878
65    	0.005710942759007413 0.0781928215720036 0.0077743638329606 0.0630459540630590 0.0836662116905188 0.0190664028620305 0.0431584458542040 0.0252690956462433 0.0283408783899821 0.0979125343694098 0.0451522302437388 0.0138910801252236 0.0441396304315742 0.1508825190295170 0.0508993856842576 0.0573809000044723 0.0727183754136852 0.0541567733340787 0.0387406071444543 0.0066510827426208 0.0189607047251789
66    	0.0056905054778300206 0.0718305176565657 0.0160913468442200 0.0361398693468013 0.0375239641885522 0.1895749111111110 0.0481283485230078 0.0318393435223345 0.0451446541010102 0.0342703096251404 0.0747175666060606 0.0292297399932660 0.0339801905387205 0.0250824007519641 0.0290903431672278 0.0369087635959596 0.0516782758945006 0.0449510545858587 0.0553286836632997 0.0289838374083053 0.0795058759663299
67    	0.005644521595180889 0.0625644415158371 0.0093682644638009 0.0692534308144796 0.0568939935248869 0.0207463700074661 0.1996085208144800 0.0311393318800905 0.0266283448800905 0.0760884904728506 0.0420905409524887 0.0140495100660633 0.0915266109819005 0.0250573910502263 0.0487341831561086 0.0552911348665158 0.0643826085588235 0.0436628165837104 0.0327634535384616 0.0078200496424661 0.0223305100665159
68    	0.005594705722310997 0.0683096038598493 0.0036047138636841 0.2410069780871945 0.2931238972837247 0.0047915334138324 0.0364587194133760 0.0178189304638210 0.0076606505909610 0.0458866830792057 0.0139027968701211 0.0058184984024195 0.0541260371326181 0.0211018432768774 0.0589313664893860 0.0239673530495321 0.0467019392855512 0.0333092545217987 0.0153864399632505 0.0019542080889523 0.0061385490082173
69    	0.005547444509588278 0.0751431103960396 0.0084580485864610 0.0580230203707115 0.2229071492056177 0.0252055443955791 0.0419483863550541 0.0223526476030394 0.0450137608726686 0.0619729106838591 0.0631165986299793 0.0193348899032926 0.0332433139857241 0.0261370356408013 0.0489021955698826 0.0484236700759843 0.0482137923002532 0.0560836194335713 0.0632267597236933 0.0077064007642413 0.0245871381832834
70    	0.0054950739765712115 0.0624703253509995 0.0124677930531381 0.0309393267805671 0.0330210105718271 0.0436194924597861 0.0400388739330543 0.0197668753358903 0.0561502617294282 0.0317665960576476 0.3441545936773592 0.0411368206615528 0.0262542319270107 0.0198177649511856 0.0297579348326360 0.0390107401999070 0.0367664256183171 0.0354581104556021 0.0560739149767550 0.0123659798609949 0.0289629326034403
71    	0.005452922084142841 0.1687942082942829 0.0098541985161668 0.0521459364550141 0.0605561245290534 0.0213579239585286 0.0519607331443299 0.0220320970313964 0.0322088284348642 0.0431206538589504 0.0541936153373947 0.0158801249334583 0.0328597265229616 0.1486722022727273 0.0400601986832240 0.0465605698172446 0.0682277020384255 0.0522426597071228 0.0520770271438613 0.0085867730899953 0.0186086953762887
72    	0.005375004949654035 0.0622375080560837 0.0132990327552281 0.0481974607438213 0.0544746089115970 0.0270570960403992 0.0469256486002851 0.0246710008935361 0.0515237505180609 0.0446102104206274 0.0577458985741445 0.0221334424382129 0.0406954835052281 0.0271119133676331 0.0390896680608365 0.0513001413997148 0.0647152564757605 0.2239317017585551 0.0633203556012357 0.0102804932827947 0.0266793344550856
73    	0.0053175250963426205 0.0724536447537833 0.0149143035690608 0.0498081586211866 0.0490532241028105 0.0488982525510449 0.0570376714604852 0.0288245755128513 0.0512054370718232 0.0468703448090319 0.0780267700936824 0.0238386951165025 0.0413286123228441 0.0367937482512611 0.0390459165457603 0.0488531765865962 0.0577804356233485 0.0546400478981504 0.0631762267907759 0.0918594348546721 0.0455913051789575
74    	0.005197456069425444 0.0460164076406980 0.0151033199577292 0.0198175950307200 0.0220261034160726 0.2050838473826495 0.0260670049176702 0.0446636990525928 0.0423351216343082 0.0230745276873924 0.0869553421405751 0.0250113521381175 0.0260270519095601 0.0161956104966822 0.0238366010666011 0.0278367100098305 0.0363709846989433 0.0322584152912263 0.0485762307077907 0.0362736605175718 0.1964704190218728
75    	0.005122093595083812 0.1090940268827930 0.0055374119286534 0.0665333034463840 0.1409148517456358 0.0115528487129676 0.0396313715336659 0.0277824393491272 0.0198469369162094 0.0849957814339151 0.0422482809650872 0.0119107753117207 0.0340480735037407 0.0197357084102245 0.0830553459625935 0.1461936213216958 0.0539815392119701 0.0544036840473816 0.0313523054538653 0.0048198750509725 0.0123618235912719
76    	0.00510165631390642 0.0431690351577366 0.0118242608903355 0.0160468377684027 0.0202253073002002 0.0532131617676515 0.0216120797363545 0.0116047289957436 0.2420696201802704 0.0230579568783175 0.2132981917876813 0.0481317351927892 0.0156211146019028 0.0128475604098648 0.0168218072789184 0.0205842346397095 0.0244831580846269 0.0377352975262894 0.1335498733450174 0.0068565410610916 0.0272474975087631
77    	0.005093992333464898 0.1640737340863453 0.0056536985395582 0.1571569549949798 0.1055570459964859 0.0127369061573796 0.0662107765687751 0.0261206896970382 0.0180969572959338 0.0427014736270080 0.0365347889759035 0.0099307775253514 0.0425475618850402 0.0359242110321285 0.0569201259211847 0.0623143301430723 0.0636261030195783 0.0483179900326305 0.0285329321962851 0.0055317328614458 0.0115112087703313
78    	0.005086328353023376 0.0599464777398293 0.0123961846238071 0.0404727727800101 0.0438696149949774 0.0335978840406831 0.0522181618156705 0.0216306289025615 0.2239815949271720 0.0441384892566550 0.0838244913661477 0.0319909263360120 0.0330482244952285 0.0248728153390256 0.0298666194625816 0.0421915213209442 0.0422648525087896 0.0461865220868910 0.0951622922727273 0.0093853432895530 0.0289545727649422
79    	0.005081219032729028 0.0474608485620915 0.0137526727006033 0.0199910392981398 0.0243359967244846 0.1236431644042233 0.0285316536525892 0.0224920178876320 0.1422268680492709 0.0251101076734540 0.1263637786576169 0.0404085215183509 0.0233365411236803 0.0176256783426345 0.0194214179361489 0.0235397559049774 0.0318740126219207 0.0390011997486173 0.1280430166415285 0.0213855200739065 0.0814561954172951
80    	0.005067168401919572 0.0679508401336022 0.0094126471641039 0.0527460832417444 0.0397819340685657 0.0161308374600454 0.4119415066801111 0.0178833173902193 0.0236750238669019 0.0382955282732544 0.0361815842530881 0.0121647589221074 0.0497594037363247 0.0199330582747668 0.0292456092311570 0.0356203429780691 0.0567697062213259 0.0313027802873708 0.0291644902041845 0.0068283714726494 0.0152121798187547
81    	0.005013520538828919 0.0266207363057326 0.0070319687868025 0.0035689238998727 0.0057605161278981 0.0192595839261147 0.0052485837778345 0.0040960671192357 0.3752475783439488 0.0068080865301910 0.1522130765656049 0.0389930436535032 0.0054376660420382 0.0045584204198726 0.0060041925890447 0.0060108692135032 0.0099373275735031 0.0266280406496816 0.2878705714649682 0.0022458782616560 0.0064588481806370
82    	0.00495348602537033 0.0617341549173981 0.0106875187919463 0.0400670993236965 0.0554462834950955 0.0264447706737223 0.0405610451161590 0.0254401795534331 0.0512917647186371 0.2136328691275166 0.0775180646850800 0.0252032010299432 0.0375734658724832 0.0248970165665978 0.0483233507150232 0.0682882242514197 0.0464086425813113 0.0499184713990707 0.0619827708079504 0.0078823043479608 0.0266987906479092
83    	0.004866627580366415 0.0611006701601050 0.0068228495073491 0.0471358155223097 0.0294276164776903 0.0117501791446194 0.5363248312335955 0.0141093498963255 0.0158894377976376 0.0292689233333334 0.0238805203149604 0.0088265315330709 0.0488891012091864 0.0146961688855644 0.0212443537559056 0.0252984992519685 0.0455554966456693 0.0227926331732283 0.0203163513280840 0.0045824587282415 0.0120882113120735
84    	0.004731230592566194 0.1035081983126350 0.0065257413973812 0.0384771239848812 0.0465063795626350 0.0129306257832074 0.0356087537526998 0.0155731906082613 0.0225566950593952 0.0386170023110151 0.0388728912338013 0.0108656120980021 0.0232147305561556 0.3747679257559384 0.0316339099046976 0.0335122213309935 0.0664933980642548 0.0462633670248380 0.0373508740793735 0.0052331965823434 0.0114881610475162
85    	0.00471590263168315 0.1462005980227519 0.0221998594387866 0.0178025083675514 0.0231057713935536 0.0327003729929577 0.0349710866007584 0.0132876127695016 0.1215959605904660 0.0222920828504875 0.1171910341549296 0.0366963372643554 0.0193404805552546 0.0223707026392199 0.0209697829035753 0.0249804033976165 0.0480498708559047 0.0672046844691224 0.1816541892470205 0.0080653995552546 0.0193212659512459
86    	0.004691633360284998 0.0219539659692350 0.0061449543196297 0.0047288291720665 0.0073253948429078 0.0426148323098285 0.0069234310903892 0.0047299864557582 0.2480658930029954 0.0079701604149196 0.3862113776204729 0.0663476900980125 0.0058045334729104 0.0050042179754967 0.0080366453618296 0.0080064034739993 0.0091219509166893 0.0170550067301933 0.1296443514443235 0.0038424521364825 0.0104679248968145
87    	0.004634153506973583 0.0588311616124587 0.0176485280898567 0.0336055539167586 0.0405943518522601 0.0291049754933848 0.0428625232056229 0.0194015180622933 0.0937850549200662 0.0401294509977949 0.0745061756229328 0.0229002661218302 0.0266582296692393 0.0251733901019846 0.0285699400992282 0.0393140332497244 0.0382509761052922 0.0471580348346196 0.2857881438809264 0.0089222450352811 0.0267954614581036
88    	0.004561345692779125 0.0740568704143337 0.0131316162096865 0.0320116180851064 0.0478340389305711 0.0184221412768757 0.0398105223040314 0.0463226134602464 0.0280946296668533 0.0773805679171333 0.0534341568868981 0.0172061811685330 0.0339555711058231 0.0244231059834826 0.0674994636450168 0.2571906982082872 0.0501270186338186 0.0495788156131019 0.0393397368840986 0.0096001138029115 0.0205805221763718
89    	0.004507697829688472 0.0764520758101983 0.0161100899866856 0.0432853770254958 0.0480632908016997 0.0407735850679887 0.0511454576657224 0.0252319373994334 0.0643470016402266 0.0478012157337110 0.0923085269433428 0.1197712494900849 0.0395224823229462 0.0283551419433428 0.0424230107818697 0.0454578354475921 0.0537630206713881 0.0531830396175637 0.0661029320793201 0.0124737995713881 0.0334289363002833
90    	0.004493647198879015 0.1788688336650556 0.0033035138411714 0.1145117005342621 0.2309675817458064 0.0085298947114018 0.0371383403013933 0.0170303479715667 0.0149281415245949 0.0582340564515212 0.0270026029854989 0.0071944280272960 0.0309963115092408 0.0248840411774239 0.0657494391563834 0.0459490436707421 0.0572182020813193 0.0424087532385555 0.0241027305854423 0.0034112449102929 0.0075707887489338
91    	0.00447448724777521 0.0625128444406392 0.0220069938670091 0.0440731750913242 0.0443264140211187 0.0353864349492009 0.0537975559674657 0.0240523368807078 0.0426452095062786 0.0476718160131279 0.0711953318350456 0.0210878990744863 0.0454328013356164 0.0297399882619863 0.0346749041809361 0.0431434543921233 0.2283095188356162 0.0547156119834475 0.0529170259788813 0.0114457277271690 0.0308649419805936
92    	0.00438124215240336 0.0271242468921284 0.0085535534169096 0.0104053880947520 0.0115047990510204 0.0668392662886298 0.0123675149708456 0.0096906579151604 0.0829899002332362 0.0127771851760934 0.4965583119533538 0.0812935383180757 0.0134944788699708 0.0099335676349854 0.0152012303527697 0.0150002014475220 0.0167336016618075 0.0204757723119533 0.0615590281895044 0.0086156635431487 0.0188820996364432
93    	0.004354418220858034 0.1598209025814021 0.0137255511384570 0.0469094974244647 0.0401035773745967 0.0172493797958345 0.2889330249339982 0.0188593709416251 0.0210153184042241 0.0339571010648284 0.0347407049281315 0.0124268165145204 0.0414904203760634 0.0279487440187738 0.0300976860310942 0.0346257284130243 0.0794528400352009 0.0433623511088296 0.0322189082868877 0.0068842450595483 0.0161778288773833
94    	0.004346754240416512 0.0271057761416397 0.0122368749997061 0.0113073313135469 0.0132696398001764 0.2968698345577430 0.0117719648604174 0.0416383593123714 0.0305425760946224 0.0141909909127242 0.0831287460975610 0.0219795555777255 0.0183746188363209 0.0095242719797237 0.0159291008022333 0.0171060892682927 0.0238852233999412 0.0208651154922129 0.0329219769438731 0.0401050365997649 0.2572469050837494
95    	0.004346754240416512 0.0178520016191594 0.0058292212851896 0.0034394274989714 0.0051972703637966 0.0436716897487511 0.0041779386300324 0.0039605694540111 0.1722151481016749 0.0059049568222158 0.4983028286805754 0.0812210579444608 0.0047966253596827 0.0042373015083749 0.0080153510543638 0.0071055834404936 0.0079939531604467 0.0143876330502498 0.0995075051131354 0.0035042226685278 0.0086797120693506
96    	0.004303325017914555 0.3386766111605822 0.0280352139346987 0.0205801522505195 0.0250894587355297 0.0109839040952805 0.0706382977886613 0.0111032291154645 0.0197549361374295 0.0207744225556544 0.0245050131671118 0.0117518843849807 0.0249731485218166 0.0237312870385871 0.0203296833808252 0.0184081437925201 0.1946192708815667 0.0754821943514396 0.0472250090264173 0.0033979892137726 0.0099401395491244
97    	0.004300770357767381 0.2408143450118767 0.0342705293304632 0.0222052129994061 0.0268630262114014 0.0241228164103325 0.0416880368675772 0.0155408594079572 0.0623387693586698 0.0246290821309382 0.0658727685926366 0.0248383828087886 0.0218494488390736 0.0226553253660926 0.0225648225415677 0.0278740212906770 0.0645682930463183 0.0727000484619953 0.1580026123515439 0.0073455097710808 0.0192560933640142
98    	0.004170482690261508 0.1977175166921898 0.0085965711378254 0.0498516056447167 0.0697548917120980 0.0148475361656968 0.0481666936906585 0.0296866650597243 0.0212755087721288 0.0612368812006125 0.0537888856875956 0.0133073407901991 0.0280519614333844 0.0184290279323124 0.0701206017029097 0.1542270893108729 0.0575490732557427 0.0487209218254211 0.0340472135528330 0.0072744838261868 0.0133495334398162
99    	0.004156432059452051 0.0233208444296250 0.0056588734100492 0.0025521617787339 0.0039796436127842 0.0102391518822986 0.0037729372858020 0.0024889948595574 0.4045445694529810 0.0044155806478182 0.0750174774133374 0.0182367391389059 0.0038446416681008 0.0032878844735710 0.0036187647228026 0.0039165226235402 0.0066632492421634 0.0216497180608482 0.3978912237246470 0.0013091320773202 0.0035919026462815
100   	0.004088733565551941 0.0716694043267729 0.0074110759173696 0.1741247848484851 0.0742663742049360 0.0130802538662918 0.0581274256919713 0.0230201450952827 0.0187487245904405 0.0455066234176820 0.0290653203811308 0.0101312970606061 0.0921599285254606 0.0321070570512340 0.0393588398812871 0.0326892473445798 0.1465100405185878 0.0831851871946267 0.0262014962043110 0.0058805613145892 0.0167562074717276
101   	0.004083624245257593 0.0464531834824781 0.0059620280300376 0.0719701677628286 0.0699563400688360 0.0155904282972466 0.0502099826095119 0.0333538647277847 0.0245677302534417 0.1647983291614520 0.0346664038047559 0.0117703906129537 0.1477362469336671 0.0177211942237171 0.0625114873717147 0.0632007155694618 0.0748944955037547 0.0543966349186483 0.0247049402503128 0.0046934680062578 0.0208419783654568
102   	0.004028699052093352 0.0386205425047560 0.0068326273760305 0.0184061210488269 0.0454773373272036 0.0075056774216868 0.0211455160044387 0.0278635022815472 0.0159927663408371 0.3028577875713374 0.0295157652663285 0.0144339932298668 0.0387022169657578 0.0129409244581484 0.0794952977964489 0.2310437289156626 0.0390036370259988 0.0363827357450856 0.0204930369689283 0.0034460319990488 0.0098407327387445
103   	0.004005707110768786 0.0738665985937500 0.0130496987983418 0.0411330513775510 0.0419278157621174 0.0151679654744899 0.0356529179336735 0.0174892617241709 0.0275806896906887 0.0435121514700256 0.0350669468207908 0.0158684313022959 0.0502322792155612 0.0229353084378189 0.0324174031568878 0.0347263177806122 0.1782022399553567 0.2576783686224490 0.0421178261575255 0.0060175754266582 0.0153571709390944
104   	0.003971219198781938 0.1868519314892247 0.0042012963265680 0.0549191082245095 0.0830516409810229 0.0142698732068189 0.0380997691476359 0.0166155354226440 0.0244053637867482 0.1818927479897070 0.0393405296558378 0.0135041684229656 0.0390875694178192 0.0256563714667095 0.0655837851270506 0.0490012979414603 0.0604857775104535 0.0480417282084271 0.0368400362592473 0.0046850789393696 0.0134663938292055
105   	0.00392395798605922 0.0979216745540365 0.1467891489908855 0.0316430498274740 0.0350192124707032 0.0339234228841146 0.0514883697656250 0.0237899209342448 0.0478448168131510 0.0353077551725261 0.0716127566341145 0.0257674722428385 0.0386120376171875 0.0267299579947917 0.0313025599316406 0.0388274061751302 0.0802185460514323 0.0651123642871094 0.0747489959928385 0.0121351187190755 0.0312054108691406
106   	0.003886915413925197 0.0814523567236280 0.0180189234102530 0.0216483584130792 0.0320131557870522 0.0186493673687151 0.0248361406145251 0.0154197475106802 0.0929895701577390 0.0312501741505095 0.0602441473480119 0.0253329800394348 0.0260461907788367 0.0184760256487019 0.0276384601084456 0.0319730948669077 0.0581333847255997 0.1901571294774893 0.2033474518567205 0.0056917587443313 0.0166815962372658
107   	0.0038677554628213924 0.0811801378830912 0.0035567411971268 0.1101374582741084 0.3456573104359311 0.0076381088533686 0.0315393037004624 0.0162597941856010 0.0139245658200132 0.0708856219484809 0.0221357346628137 0.0082231271555482 0.0356892878996037 0.0180743438124174 0.0829691825875165 0.0353758769187582 0.0427275550267503 0.0377698707463673 0.0251211588470938 0.0028650054550859 0.0082698134408850
108   	0.0038447635214968264 0.4518136405315616 0.0240272249322259 0.0216645668023256 0.0266316185431894 0.0134450693093023 0.0691339932591362 0.0112184580641196 0.0279427314229237 0.0227475589744186 0.0371132011362125 0.0133126686205980 0.0167169550767442 0.0183002985378737 0.0174211576199336 0.0216968405382060 0.0814749203156146 0.0536876653023256 0.0560024442358804 0.0041961612033555 0.0114528282514950
109   	0.0037502410960513896 0.0338128968869209 0.0115857529145095 0.0185715163692098 0.0194109284945504 0.1554804967472751 0.0218648324914850 0.0672832327070844 0.0260271809025885 0.0206526780824250 0.0593073044618529 0.0166153835715259 0.0265000962431880 0.0123874972557902 0.0214178906369210 0.0225179931982288 0.0308696693119891 0.0259241761376022 0.0323988677895096 0.0387086666750681 0.3386629352861039
110   	0.00371192119384378 0.0523368824982794 0.0038000220485203 0.3561226476256021 0.1532939875430145 0.0060828567611837 0.0492978263558155 0.0211245027443221 0.0081286367343426 0.0367254005540261 0.0136650886114934 0.0058629731827254 0.1057270533826566 0.0181314950185823 0.0364392819717825 0.0212109320612526 0.0528037762835513 0.0347398233757742 0.0141512853613214 0.0026397331929457 0.0077158063344804
111   	0.003708089203623019 0.0608868168308646 0.0087895924216328 0.2631615056837754 0.0515519520254909 0.0250695141267654 0.0489018840888735 0.0312529199862212 0.0361159926007578 0.0454269638408543 0.0547288684912161 0.0160363187636927 0.0714476631105753 0.0298739435411643 0.0341892756321047 0.0400530149362728 0.0547803702307957 0.0504418809162935 0.0435642228728901 0.0098565628849466 0.0238707308852911
112   	0.00361867609847193 0.0804177023190964 0.0057256697882104 0.0296782261591953 0.0177873080472996 0.0045633627627957 0.6765486410165913 0.0075168354624073 0.0065961910945993 0.0156521517970349 0.0103476385951289 0.0043539559297564 0.0308042848570420 0.0084792511616660 0.0118126204048711 0.0131719755658313 0.0419123233145076 0.0160691461560183 0.0116454389551712 0.0021666318781857 0.0047506419082245
113   	0.003596961487220951 0.0585125097052557 0.0052706976804687 0.0415803495639205 0.0827939844247159 0.0145690910397727 0.0296008145845171 0.0202622917325994 0.0343162501065341 0.1516007350852275 0.0370723575319603 0.0143179680113636 0.0409616108593750 0.0180875390241477 0.0598822257386364 0.0596656736896307 0.0732999824857954 0.1800959183238635 0.0566508561079546 0.0059822571775923 0.0154769025124290
114   	0.003595684157147364 0.0592599854138544 0.0134889545900533 0.0262843290809947 0.0330485903481349 0.0455198112930728 0.0337400630657193 0.0198045417406750 0.0673872027815275 0.0370815077051510 0.2348117296625222 0.1260048853285968 0.0264356816980462 0.0183916822724689 0.0374537585754885 0.0368792962948490 0.0390606662664298 0.0434988092362344 0.0615615304760213 0.0120377243200710 0.0282492514440497
115   	0.003530540323394428 0.2013841356729377 0.0243424157449349 0.0225920597094790 0.0270815441866860 0.0346330616353111 0.0450134016389290 0.0168922561219247 0.0650194391570188 0.0250020882612156 0.2027561997105642 0.0400733923950796 0.0204938060383502 0.0175511759055716 0.0249562161903039 0.0348126176374819 0.0397504670224313 0.0434626500976845 0.0815661506584660 0.0104628984565847 0.0221540343740955
116   	0.0034922204211868184 0.0607273179809803 0.0126700419384053 0.0134697224714704 0.0162542867578639 0.0315688526038771 0.0223851006583760 0.0100665186276517 0.1510987930614486 0.0140720398204096 0.1967835544989027 0.0333255292264082 0.0113800585029261 0.0148039369736649 0.0140748679078274 0.0205321888427213 0.0216143395757132 0.0366697701609364 0.2965138299195318 0.0062120166557059 0.0157772404059985
117   	0.0034564551791263828 0.0535589632360547 0.0076636737794607 0.0295823793313631 0.0706354737790913 0.0097156817306982 0.0238448958367196 0.0483136624122645 0.0190522827728112 0.1476494954599187 0.0429536166605098 0.0152136977033617 0.0420082841115626 0.0161312917510159 0.1783028049501294 0.1613766328407831 0.0455535957148134 0.0441379910860732 0.0261696959253786 0.0052022829863317 0.0129335994588105
118   	0.003433463237801817 0.1087355131573075 0.0152062821487542 0.0450493156749721 0.0373020848791371 0.0165689883023429 0.2102555957605056 0.0197325502034214 0.0210588844217181 0.0357772062774265 0.0318509387136481 0.0131741134533284 0.0554415554741540 0.0259117480754927 0.0303993327817032 0.0339921166455931 0.1808183644849388 0.0651065593640759 0.0303826528969877 0.0069163511194124 0.0163198374020082
119   	0.003415580616771599 0.0794134945175766 0.0166612874031414 0.0458305845961107 0.0330949117127898 0.0131698689910247 0.0494802191062079 0.0181937194405385 0.0179595666454750 0.0358061550822738 0.0256569381824982 0.0116061653126402 0.0669900689491398 0.0252938466757666 0.0278312864734480 0.0296824557890800 0.2839558687359756 0.1741111062827227 0.0278913879805535 0.0049318584510097 0.0124392085878833
120   	0.003375983384490403 0.2921774201966713 0.0037087655618381 0.0766962305257186 0.1342070374546143 0.0103221604807111 0.0424990692360061 0.0164305416074130 0.0172052610979576 0.0616941535854766 0.0336375224583963 0.0085687062095310 0.0254960997938729 0.0208314309205749 0.0654444251815431 0.0618041048108925 0.0509727978706505 0.0389227026059001 0.0265005132866868 0.0044182946468230 0.0084627540563540
121   	0.0033376634822827934 0.1060072687715269 0.0045500729429774 0.1097430299387677 0.1641457083046306 0.0125771020922313 0.0378842397512437 0.0166652440753923 0.0198315886475316 0.0537081125717566 0.0329711373823192 0.0093066839292001 0.0307192657673172 0.1817069907003442 0.0416886974282434 0.0343911029391504 0.0585072716570991 0.0413879482013012 0.0287066328932262 0.0042332356165327 0.0112686582365098
122   	0.0033299995018412714 0.2009218720368241 0.0215107739509014 0.0224834677077101 0.0248232835596472 0.0100681601407748 0.0485368758841581 0.0125462376121979 0.0216432824204067 0.0233151488914460 0.0256014789106253 0.0142694180253165 0.0381107107863445 0.0325505110122746 0.0229094256348293 0.0201209561400077 0.2132333057153816 0.1831400343690067 0.0519551432297660 0.0035925901825853 0.0086673110659762
123   	0.0033108395507374664 0.0595599024498458 0.0066590707337963 0.1814306529320988 0.0833528112384259 0.0133575355057870 0.1941292229938269 0.0251509718144290 0.0178113653410495 0.0459698742669753 0.0290319327469136 0.0093681851246142 0.0896579490470679 0.0254227130019290 0.0366788157793210 0.0350056692592593 0.0652527977276235 0.0384303340084876 0.0240933085995369 0.0054255899683256 0.0142112888097994
124   	0.00329678891992801 0.0392080161913987 0.0044790932339791 0.2856783804726845 0.0632713954393646 0.0068763247245254 0.0592239583018210 0.0286860889566060 0.0095913804746222 0.0423786008671058 0.0134929778798916 0.0055986093858969 0.2498659585432006 0.0110029136559473 0.0267699133727238 0.0196231512564897 0.0671339505598605 0.0382332281596281 0.0133591350550175 0.0028284723494770 0.0126984441429679
125   	0.003254637027499639 0.0652622994113030 0.0044291498510204 0.0349743220643642 0.0652844897174254 0.0094175021338305 0.0303337067766876 0.0234461004788069 0.0194332863202512 0.3181500537676605 0.0292697300863423 0.0132429921087127 0.0552998670839874 0.0167062771157771 0.0819063696114600 0.0939549861773940 0.0484761454199372 0.0501728797135008 0.0262897565306124 0.0032479222888148 0.0107021797244898
126   	0.003248250377131704 0.0368871771254424 0.0127975278167519 0.0134843920467951 0.0160310391867872 0.2170005367282736 0.0170390219386551 0.0254404226653559 0.0690166677900118 0.0164204098792765 0.2077180541093196 0.0506810541879670 0.0165457592410539 0.0121156757137239 0.0181108160872985 0.0193311477687770 0.0254461329610697 0.0246406555760912 0.0585532834054266 0.0283322206103028 0.1144080211600473
127   	0.0032265357658807256 0.0413002935075217 0.0079487320427553 0.0177265027335709 0.0346058714964371 0.0078472985609659 0.0215241736896278 0.0333850830577989 0.0144331328167062 0.2012990571258909 0.0302081228859857 0.0120607088547110 0.0325073041686461 0.0137739911935867 0.0751078976405385 0.3474409647664296 0.0383708929374505 0.0342443834164688 0.0196680639073634 0.0053367747355503 0.0112107445316706
128   	0.003192047853893877 0.1045033692356943 0.0109322166762705 0.0409197246938776 0.0435003090236094 0.0148651151888755 0.0429808896198479 0.0197623081948779 0.0227475118247298 0.0376623425690276 0.0389289200560224 0.0128121216646659 0.0394048018807523 0.1951375738295323 0.0391358889155662 0.0329602480472189 0.1591186390156061 0.0893588206602642 0.0347661695238095 0.0055787845946379 0.0149242267959184
129   	0.003180551883231594 0.1905932637751006 0.0310238678004016 0.0302006945461847 0.0295338207630522 0.0155511918413655 0.0617844685461847 0.0171891515469880 0.0199173979236948 0.0279409371566265 0.0296503237269077 0.0126283446493976 0.0419095708353414 0.0257474910232932 0.0262544945301205 0.0264065021004016 0.2822342963855421 0.0776135841004016 0.0338701674538153 0.0050390425642570 0.0149113916502008
130   	0.003176719893010833 0.1103786171934057 0.0052171174149980 0.0267048136433454 0.0335742292573382 0.0096735400956976 0.0267848877804584 0.0115052051113792 0.0160202822151186 0.0274931785243266 0.0276960323240853 0.0080011074394853 0.0174345955367914 0.4977288661037396 0.0245643194390832 0.0236074595319662 0.0580738751467632 0.0343024418536389 0.0290808091797346 0.0038463186361078 0.0083122978596703
131   	0.0031473413013183324 0.0694263208522727 0.0133650709931006 0.0292803134050324 0.0486971931493506 0.0270396151988636 0.0320767775892857 0.0292392613879870 0.0433874492775974 0.0688503996915584 0.1891934301948051 0.0324379137662338 0.0278429409902597 0.0189619513693182 0.0562017163068182 0.1497400060876628 0.0361316081128246 0.0412468073133117 0.0489345790219156 0.0112661532459416 0.0266805111323052
132   	0.0031447866411711584 0.0664808199349858 0.0097940750242991 0.0577331839902479 0.0469068753799269 0.0159422811552214 0.0464407985615603 0.0282824406468915 0.0264970413368549 0.0540982903535148 0.0360055401003656 0.0145138734311256 0.1545774949207639 0.0208110012624949 0.0508650381592849 0.0389091461316538 0.1155638163226329 0.1540038732629013 0.0366385125721252 0.0066443875627794 0.0192914998065827
133   	0.0031141307194050708 0.0214379959097623 0.0053516916262100 0.0036035342936833 0.0052181402157508 0.0302559456952420 0.0045663270869565 0.0037513781242822 0.3467771853978672 0.0063570743211649 0.2674034130434781 0.0538361394175554 0.0048438897428220 0.0044470745594750 0.0060519752670221 0.0060402118388022 0.0080129336829367 0.0174150237694831 0.1935989833720261 0.0027763544902789 0.0082547326812961
134   	0.0031102987291843098 0.0141676304928133 0.0045078270501027 0.0038844260427106 0.0047000116965092 0.0451903409737166 0.0043885192632443 0.0043644330168379 0.0863638914784394 0.0057446686845995 0.6374863264887067 0.0792306094184805 0.0052725933478440 0.0050659941408624 0.0088562381359342 0.0064424104944559 0.0091551385741273 0.0117021985256675 0.0523677567063655 0.0034758681761807 0.0076331338008213
135   	0.0030413229052106126 0.0611176506467871 0.0155685323481730 0.0323256376480471 0.0400591197816044 0.0331278466610668 0.0403156460184796 0.0212950518966821 0.0605541091306174 0.0384943727677446 0.1649794711465771 0.0363055431247375 0.0341975126585468 0.0231987877278454 0.0381593302813944 0.0400306333095338 0.0529571058588828 0.1558252927341451 0.0741576925619488 0.0107814365359093 0.0265492196010080
136   	0.0030387682450634386 0.0608242598024380 0.0127164669415721 0.0431821567297184 0.0471569609794031 0.0331000073938630 0.0336738333039092 0.2026695136612026 0.0279211454266499 0.0521982106809584 0.0505674481546868 0.0184579852459016 0.0561241486927280 0.0205128600386717 0.0754614385498109 0.0667042559646910 0.0513111934342160 0.0454909891509037 0.0374112229129887 0.0117156385657839 0.0528002632660781
137   	0.00300428033307659 0.0738236027465986 0.0173635233966837 0.0151068554357993 0.0190551584978741 0.0190779625004252 0.0219801674404761 0.0095052909804422 0.1544838238307823 0.0177915348112245 0.0717934937117347 0.0217844746471088 0.0136081449817177 0.0148820860378401 0.0144776085459184 0.0196040800208334 0.0264838111267007 0.0585146863647959 0.3931398431122451 0.0039877217011480 0.0135361332610544
138   	0.002992784362414307 0.1980800070849337 0.0293940390956039 0.0142727406803244 0.0175617143960733 0.0168004006128895 0.0249393370507896 0.0107276867102006 0.0892530899786598 0.0164762239876228 0.0602277308962868 0.0219297551860862 0.0134294119056765 0.0180776835919761 0.0145799683670508 0.0192789138117797 0.0411886537857448 0.0721795621553564 0.3057698331199317 0.0042578027908664 0.0115754578267179
139   	0.0029863977120463724 0.0149523315483319 0.0079811268902053 0.0059605577596234 0.0064482210171087 0.3585944495295126 0.0058877374277160 0.0349624905633020 0.0160539339619333 0.0071011205902482 0.0472188563772455 0.0127896705457656 0.0116005020748503 0.0045331621223268 0.0081763130761334 0.0085362784747646 0.0142860824294268 0.0110796514452524 0.0170213184568007 0.0349663018100941 0.3718498994867411
140   	0.0028676060152027826 0.0563187189799555 0.0113846749510022 0.0804874552427617 0.0407841581959911 0.0212709922155902 0.0555697889175946 0.0415773742547884 0.0244252257590200 0.0516525623964365 0.0341621567260580 0.0138455910057906 0.2986975594654790 0.0166054723991091 0.0361632838975501 0.0357372719599109 0.0711892316525612 0.0496118173630289 0.0291762766743875 0.0069356761526058 0.0244047120289532
141   	0.0027896888807139764 0.0446130563324176 0.0031646413685897 0.0150547060512821 0.0105558842014653 0.0021561306987179 0.8212411712454217 0.0040583697380953 0.0036706181698717 0.0086703536007327 0.0048384763273810 0.0024869720549451 0.0158633888415751 0.0048786724258242 0.0062993614363553 0.0079421175796704 0.0248715377335165 0.0094976544844323 0.0065166973379121 0.0012196728004579 0.0024005020618132
142   	0.002769251599536585 0.0154517032103322 0.0085415653572878 0.0066806982961255 0.0075428984257381 0.2622816918819187 0.0070047007804427 0.0456939072601476 0.0133551827140221 0.0084581324524908 0.0336677031134686 0.0093813771180812 0.0130940412237085 0.0048491528630074 0.0103665814677122 0.0099530882642989 0.0150788053090406 0.0120502665036901 0.0150935093311810 0.0325313512633764 0.4689236683579343
143   	0.0026785611643119086 0.0323760874058178 0.0055813759581307 0.0024197000653314 0.0042025646189794 0.0077230649957082 0.0035464294868860 0.0023603121292322 0.2960883023366717 0.0035980996776348 0.0609533185646161 0.0156059029828326 0.0035510721602289 0.0032415075331425 0.0034193092632331 0.0040706631311398 0.0070979869556509 0.0220073164759181 0.5178594320457799 0.0009324923359084 0.0033650546657129
144   	0.002668342523723213 0.0448988897462902 0.0061353764954524 0.1097756902249881 0.0452284262470082 0.0108362972517951 0.3300476165629490 0.0243771261464816 0.0138816876026806 0.0505788726041168 0.0232068708377214 0.0078641274207755 0.1384483707515557 0.0137621832158928 0.0365238049688846 0.0328008128482528 0.0530869250550503 0.0260703393776927 0.0175777379033029 0.0037763913303973 0.0111224650449976
145   	0.0026057533501174504 0.3608827254901961 0.0178342108259804 0.0178169081274510 0.0185686524803921 0.0129445394416666 0.2538733754901962 0.0097688772676471 0.0169095119117647 0.0164226453176470 0.0258427576225490 0.0110946008627451 0.0178578238578432 0.0172909429617647 0.0141826139950981 0.0174987647303922 0.0913148182745098 0.0346824108725490 0.0305797114166668 0.0043567368235294 0.0102773628588235
146   	0.0025674334479098408 0.0380626730780706 0.0022477284466435 0.3636052998508203 0.3446834356041774 0.0029760060134262 0.0259344684594730 0.0111451911730483 0.0053667402715067 0.0234873224604675 0.0083450731640976 0.0040419162451517 0.0438432456578817 0.0122823029840874 0.0381981379050224 0.0100570737284933 0.0290547134689210 0.0212541030293386 0.0099505816136250 0.0012368570465937 0.0042271296414719
147   	0.002555937477247558 0.0642033259070465 0.0116091162738131 0.0679893362368816 0.0340311816341829 0.0118610745872064 0.0580595676411794 0.0279316720979510 0.0159068897581209 0.0422736675762119 0.0216180736031982 0.0095024567351324 0.2107615722138929 0.0156401263293353 0.0336801118740630 0.0298733411869066 0.2229120709645178 0.0809363996951524 0.0215659892203897 0.0040912648795602 0.0155527465337331
148   	0.0025048442743040786 0.0284794017899029 0.0099798204599694 0.0089138546950536 0.0104518027649159 0.2024294599184091 0.0119232634094849 0.0126134239112697 0.0733969657164712 0.0108309756384497 0.3611393630800619 0.0692692346659868 0.0104652331856196 0.0078009333008669 0.0122857190729220 0.0126245415614482 0.0177740354971952 0.0181490849719531 0.0507742413360530 0.0169281773885773 0.0537704586078531
149   	0.002458860391654947 0.0410315526441559 0.0101174894550649 0.0250550214353247 0.0274113685506494 0.0325234565911688 0.0345561546129870 0.0147036296374026 0.3529688696103890 0.0283994243376624 0.0938073805298701 0.0355583089142857 0.0219856044623377 0.0153088288545455 0.0173657837179221 0.0268566026633766 0.0289494236207793 0.0375081629194805 0.1286555837558441 0.0069469386218182 0.0202904010909091
150   	0.0023975485481227718 0.0226181586521045 0.0048528116212041 0.0077967565370272 0.0196573371417154 0.0039582288279169 0.0145816350170485 0.0191202763697389 0.0088620347645179 0.3927436686201385 0.0162194659456579 0.0085850524379329 0.0260077162866276 0.0083515405753862 0.0461333656632925 0.3351543095364940 0.0237307052530633 0.0221263172402770 0.0116629525173149 0.0023867768109217 0.0054508803755994
151   	0.002378388597018967 0.0701092930542136 0.0052885374013956 0.0692148017767043 0.2112182302737521 0.0097265719608159 0.0281293935050993 0.0281786304240472 0.0184699968169619 0.0785613475630703 0.0328763968652710 0.0123463284659152 0.0400920272678476 0.0144584583784219 0.1889030595813209 0.0564431620021471 0.0462909669779925 0.0458191396564681 0.0286234063553407 0.0036459315839506 0.0116043236425121
152   	0.002361783306062336 0.0507372353975122 0.0156623090914008 0.0260770768036776 0.0296725613520821 0.0843549218658735 0.0237980696051919 0.1733259825310981 0.0245193902109248 0.0330922345375879 0.0543047045105463 0.0166787537696052 0.0482867536614386 0.0141628865873445 0.0400060724824229 0.0431412440941049 0.0463090918334235 0.0336551188912926 0.0310113259167118 0.0247256110800433 0.1864786653866957
153   	0.002361783306062336 0.4879350930232560 0.0198813833090860 0.0095192536733370 0.0114929130811250 0.0050134057241752 0.0606827636219578 0.0056233836890210 0.0099819783737155 0.0087107452736614 0.0116405557528393 0.0059934762266090 0.0124384951654949 0.0104737213926447 0.0100547309853976 0.0095311689399675 0.2327087815035150 0.0516655440129800 0.0300069676203354 0.0017688414798269 0.0048767848020552
154   	0.0023336820444434226 0.2420476431308157 0.0079663612793651 0.0357086148987411 0.0451943068801314 0.0108889101762452 0.0418061134646962 0.0125141333004926 0.0206704557586207 0.0309568536891078 0.0301437433612480 0.0101706669397920 0.0211271139189928 0.2560024707170221 0.0269036671319103 0.0296948908593322 0.0763970592665572 0.0451939185987958 0.0428090593541324 0.0049104395046524 0.0088935810580186
155   	0.0022659835505433124 0.0158576350732807 0.0086776157224916 0.0052567863404736 0.0066432529599775 0.4711126583990977 0.0065417226786923 0.0208028600355130 0.0194530162051861 0.0065699308996618 0.0687534448759865 0.0176340565772266 0.0095257258962796 0.0052495466048478 0.0088606550845547 0.0075330080377678 0.0145923993517475 0.0117616924351748 0.0215221622547914 0.0272516782936866 0.2464001578354003
156   	0.002237882288924399 0.2280722077625570 0.0105356446284246 0.0215489095907535 0.0184651655644977 0.0081429771227169 0.4527896678082189 0.0094288294828767 0.0109818724589041 0.0161747384908676 0.0164373824315070 0.0077133808270548 0.0234012910730594 0.0150242373162101 0.0140097761324201 0.0153408677454337 0.0759169442922375 0.0254184768093608 0.0197909340490868 0.0030842445616438 0.0077224720605023
157   	0.002231495638556464 0.0335949325815683 0.0125197175801374 0.0143109950269033 0.0163654345741271 0.3673436307956486 0.0188934048196909 0.0215178961734402 0.0517805844075558 0.0156573593308528 0.1218538911333715 0.0305855764854035 0.0168317802518604 0.0106546740555238 0.0157030180194619 0.0165480952117916 0.0293364873268461 0.0237023155867200 0.0439777396050372 0.0287732657315398 0.1100492021007441
158   	0.002205949037084724 0.0614683489171974 0.0087878548482918 0.0347166833063115 0.0677541419166184 0.0170243443491604 0.0313560639548350 0.0585512470353213 0.0252685163288940 0.0674066297683845 0.0575546451766068 0.0269337072484076 0.0432449914070643 0.0229360334973943 0.2648543404748119 0.0599813168210770 0.0489609075101332 0.0447932270990156 0.0323241908396062 0.0060356950839606 0.0200471220150550
159   	0.002128031902595918 0.6121825066026408 0.0212185747932173 0.0095693764633853 0.0095884921938776 0.0066305875582233 0.0758439172599040 0.0044073155168067 0.0119203649363746 0.0081404800768308 0.0148516160054021 0.0063970611926771 0.0078884239825930 0.0111428892563025 0.0069345886554621 0.0086934036200480 0.0978115569831933 0.0415627208883553 0.0380730030912365 0.0022884873598439 0.0048546405582232
160   	0.00212292258230157 0.0654686973405535 0.0134652655505415 0.0370624842659446 0.0317675682250300 0.0155696917900120 0.0282607704151624 0.0154233436287605 0.0446640558062575 0.0417062586943442 0.0401906887484958 0.0183184373182912 0.0406475920397112 0.0162541181780987 0.0233612383513839 0.0296413115162455 0.0892275820697954 0.3665114332129961 0.0619909183393502 0.0060909538225030 0.0143775987557160
161   	0.002111426611639287 0.3640851391409555 0.0316771590114943 0.0111217536842105 0.0150173016352087 0.0114216295136116 0.0330609541875378 0.0073957828439201 0.0513937481246219 0.0134047470471869 0.0424439448917120 0.0162643770241984 0.0113917601851179 0.0153222899558379 0.0118181210641258 0.0138333468669086 0.0580430783968542 0.0777034245916515 0.2034467972776769 0.0030621206854205 0.0080925040877193
162   	0.0020948213206826564 0.2800003018292682 0.0255630013750000 0.0193580146597561 0.0229195743658536 0.0126628412384146 0.0370373205060976 0.0106197068707317 0.0319406387012195 0.0209225018573171 0.0347422366402438 0.0195199544085366 0.0207838569560975 0.0196934532134146 0.0179402227134146 0.0202702482969512 0.0992383241920731 0.2034022536585363 0.0889154844207317 0.0042812925871951 0.0101887612737804
163   	0.0020373414673712418 0.0501745426144201 0.0021022881169279 0.1905161997855800 0.4765232112852661 0.0042319365579937 0.0251139466407524 0.0102757041097179 0.0069857657554859 0.0390249530156740 0.0120716164163009 0.0047990929260188 0.0268944131573668 0.0105475645805642 0.0584879053523511 0.0128026439122257 0.0256994617931035 0.0220264922633228 0.0154091388752350 0.0015797903187461 0.0047333323805643
164   	0.002027122826782546 0.0636827594706995 0.0115904153818526 0.0218342227914303 0.0172453606112162 0.0069824774933837 0.0231803606679269 0.0101501794310019 0.0120988068494014 0.0189826337681159 0.0150479306049148 0.0086552810825457 0.0392412823629490 0.0133895894713295 0.0144433160428482 0.0159839446943920 0.2857970000000002 0.3894345022054195 0.0221150725267801 0.0032323361064902 0.0069125246647763
165   	0.002024568166635372 0.0531521020630915 0.0105352634397476 0.0520529128075710 0.0400097695268139 0.0250287208328076 0.0387035720757098 0.1532394427760253 0.0214868419495268 0.0499237375835962 0.0374279353627760 0.0138840447318612 0.1865407993690850 0.0173192914447950 0.0605780848643533 0.0534226834006309 0.0634228981955836 0.0423691258548896 0.0277705096088328 0.0079665068927445 0.0451657589589905
166   	0.0019875255945013496 0.0168346861696659 0.0036216273391388 0.0038971199575835 0.0054611849460154 0.0135656328271208 0.0054042275366324 0.0029331243399743 0.5218334248071980 0.0056605111150385 0.1067311030719794 0.0264651912133676 0.0049591585488432 0.0031407029170952 0.0042333030501285 0.0045992051221080 0.0072765286928020 0.0192071656233933 0.2382926890424165 0.0012592950593830 0.0046241192596401
167   	0.001954315012588088 0.0864033589542484 0.0090339852692811 0.0614133137320261 0.0516990219542484 0.0243655113071895 0.1547086460130718 0.0222652969281046 0.0298512892875817 0.0401872824183007 0.0498644286209150 0.0154801403071896 0.0423495218888889 0.1583612446405229 0.0332363246209150 0.0411202495359477 0.0640831282483660 0.0446356785424836 0.0389475673529412 0.0101275990888889 0.0218664368039216
168   	0.0017959260834633016 0.0283058438335705 0.0079542890078236 0.0066028434921764 0.0099676496266002 0.0480817359459459 0.0087183526358463 0.0076005000526316 0.0926976921123756 0.0123096471137980 0.3959015618776670 0.2212502702702704 0.0090382354196301 0.0064320380192034 0.0197684691678521 0.0129477887311522 0.0151261434992888 0.0224108467069702 0.0558367730938834 0.0049868868051209 0.0140624294011380
169   	0.001765270161697214 0.0556538517076700 0.0150858107460203 0.0282027417322720 0.0275816912662808 0.0849870540086830 0.0448643794934877 0.0301301288929088 0.0365968251808972 0.0316572770405210 0.0779876162445731 0.0263236462445731 0.0293349803979740 0.0230704239797395 0.0297471094573083 0.0427048967221418 0.0468988300578871 0.0406563365846599 0.0450101457163531 0.2108525209840810 0.0726537466497830
170   	0.001675857056546125 0.0386976298704269 0.0082684643399390 0.0168700255792683 0.0158761385602134 0.1792090524390239 0.0240716132240855 0.0359819251524390 0.0233872213338413 0.0179538626875000 0.0545296624009146 0.0177688118826219 0.0208289323704268 0.0120663600769817 0.0187203297599086 0.0228966559283536 0.0294352844969512 0.0278732567378049 0.0304135306935975 0.1859137240091462 0.2192375144054874
171   	0.0016515877851479724 0.0279836516411445 0.0030840675228152 0.5264155274555296 0.0750114263379737 0.0043049960819798 0.0324812235622583 0.0167359335978345 0.0077239195081206 0.0218570634346481 0.0124742015692189 0.0041321043511214 0.1486087281902553 0.0090103380348028 0.0184305975947409 0.0132479482985306 0.0361123627679814 0.0233252246264501 0.0100116167873164 0.0022269288265275 0.0068221439157000
172   	0.0016081585626460148 0.3295241008737090 0.0193144766433677 0.0111985412049246 0.0125213883018268 0.0072632091755361 0.0493687023693407 0.0069962839412232 0.0091961559674344 0.0109848215615568 0.0127354959404289 0.0066028921667991 0.0178317457966640 0.0126126040039714 0.0119340925035743 0.0107720676052423 0.3706836934074660 0.0667527771961875 0.0241820695234312 0.0024737613546465 0.0070511192621128
173   	0.0015481240491874264 0.0816689576567657 0.0035707622070957 0.0133329518481847 0.0170929694752475 0.0050209092029703 0.0147490611130363 0.0074954987541254 0.0094606529430693 0.0146396512211221 0.0176927060709572 0.0055715463366336 0.0104114690297030 0.6795097458745871 0.0138080192409241 0.0124725126287129 0.0433785231930693 0.0252728505775578 0.0172728072689769 0.0024514029554455 0.0051269992021452
174   	0.0013552472080757916 0.0547151572337417 0.0025037905676720 0.0463844363628652 0.2223518727615455 0.0091523169349670 0.0231276793817153 0.0135570086672950 0.0209511301498586 0.2787152582469367 0.0262120131442036 0.0095397448925542 0.0416006834316682 0.0152405091696513 0.0750892536135721 0.0472198495900094 0.0308697338953818 0.0428719087841659 0.0259395534062206 0.0026380778435438 0.0113200142148916
175   	0.0013424739073399218 0.0709796615699334 0.0134765530494767 0.0212622621265462 0.0154255832454804 0.0076036471950523 0.0269053679352998 0.0093246144234063 0.0109904675071360 0.0153713724490961 0.0133229794310181 0.0070720162492864 0.0359402345765937 0.0182897778334919 0.0125716240428163 0.0156153740818268 0.4192894043767840 0.2593653843958135 0.0179443745423407 0.0027408184119886 0.0065084821370124
176   	0.0011930262887302446 0.0596234797965738 0.0115168476531049 0.0267570430299786 0.0299438680513919 0.0357109995396146 0.0332757316809422 0.0182771459635974 0.0756612430085653 0.0392006578265525 0.1189297187366166 0.2530291627408992 0.0269242047965739 0.0169415782676660 0.0430626535117773 0.0342819210171306 0.0352858031905782 0.0449844898608137 0.0629911811670236 0.0092920139186295 0.0243102473468951
177   	0.0010882852226961116 0.0257769075938966 0.0069887104037559 0.0095079173990610 0.0166940163779342 0.0057965661220657 0.0166299098122065 0.0256903782805164 0.0111692233920188 0.1508269290140845 0.0240859877699530 0.0074683106830986 0.0187209258920188 0.0082013135234742 0.0395780584741784 0.5653996561032865 0.0245872655046949 0.0192273802934273 0.0129441594835681 0.0031630891795775 0.0075432877910798
178   	0.0010882852226961116 0.0807107223708920 0.0143236074929577 0.0083897979401409 0.0111190744577465 0.0120556233955399 0.0133693847488263 0.0046114591690141 0.1157769732042254 0.0084689746807512 0.0517547249295775 0.0175606827030516 0.0072682718814554 0.0074353904483568 0.0074923271748827 0.0108525996713615 0.0161268820715962 0.0338793817723005 0.5686931760563382 0.0025606213477699 0.0075503599953052
179   	0.001060183961077198 0.0322465678313254 0.0030588737024096 0.0181711025530121 0.0438794420240964 0.0060575773951807 0.0157870142216867 0.0133702565554217 0.0135889319373494 0.5171143301204824 0.0169802414662650 0.0083511054228916 0.0414529614915663 0.0088700258722892 0.0494509109746988 0.1176566136987951 0.0231530408879518 0.0460247966385542 0.0161458784096385 0.0026817536691566 0.0059585661939759
180   	0.0009643842055581741 0.0813597407311258 0.0221792079152318 0.0196004325986755 0.0160581364688742 0.0148700598079470 0.0475895159867550 0.0105631287377483 0.0152007743178807 0.0182709282662252 0.0334830818543047 0.0087853674913907 0.0429271294317881 0.0156043078397351 0.0133951677337748 0.0190095113774835 0.5049308887417218 0.0769982684503311 0.0196384505827815 0.0064623873668874 0.0130735268291391
181   	0.0008596431395240413 0.0414759622585438 0.0066763335126300 0.0206945640297177 0.0144515647117385 0.0057413352630015 0.0148303449851411 0.0066152722020802 0.0161683533491828 0.0324476388855869 0.0170571636166418 0.0079287501248143 0.0333952452035661 0.0129289630965825 0.0112685391500742 0.0122639603595839 0.1580550130995542 0.5590719613670140 0.0196962637147102 0.0025995727473997 0.0066332102659732
182   	0.0008545338192296933 0.0336193470254111 0.0086431968026906 0.0299163462929746 0.0243881687593423 0.0266794672257100 0.0172249241853513 0.4084068759342303 0.0150174259342302 0.0316262462929746 0.0290837983258595 0.0114939200597907 0.0792943718086696 0.0124185745590434 0.0797071314200299 0.0381095693423019 0.0311162441405083 0.0274918690582960 0.0201899696711510 0.0067087271449925 0.0688638055799701
183   	0.0008417605184938235 0.0143935117875568 0.0057324823505311 0.0080403507405159 0.0074171195675266 0.1243961898694993 0.0117291614871017 0.0521086712776935 0.0116128099833081 0.0100720229241275 0.0190191070561457 0.0059405766767830 0.0143324349620637 0.0048844054901366 0.0087341883657056 0.0094895827405159 0.0159729181942337 0.0133141132473445 0.0153181753262519 0.0155214189468892 0.6319707769347496
184   	0.0008366511981994755 0.0247245688458015 0.0073361833877863 0.1035964833786260 0.0214477376335878 0.0082416422580152 0.0249025678045802 0.0420821419832061 0.0104111810534351 0.0404073951297710 0.0134033143435114 0.0073410491923664 0.5206972259541984 0.0073853262839694 0.0185459283267176 0.0162089339480916 0.0644130585343511 0.0385356761221374 0.0136539259374046 0.0026325336076336 0.0140331284122137
185   	0.0007663980441521913 0.0517462700000000 0.4071321333333334 0.0297145556500000 0.0313889403000000 0.0189278891666667 0.0504232257000000 0.0190182399166667 0.0322208642333333 0.0343962472833333 0.0385366669500000 0.0144611001333333 0.0255805389500000 0.0294810956333333 0.0228241827333334 0.0291871747666667 0.0540289544500000 0.0383027194833333 0.0443164138500000 0.0108960716283333 0.0174167194450000
186   	0.000706363530693603 0.0303978875045207 0.0074586911952984 0.0170611573019891 0.0158295599638336 0.0842929986980108 0.0284378317179024 0.0171242246112116 0.0177038970162749 0.0175063331609403 0.0457962067992767 0.0140158707775769 0.0177856126943942 0.0165630320289331 0.0164397178661845 0.0245236492043400 0.0270888547739603 0.0243523678300181 0.0266811276853526 0.4640174068716095 0.0869235444665461
187   	0.0006591023179708845 0.0122774893023257 0.8078651569767441 0.0093728962655039 0.0168195748255814 0.0070694652054264 0.0095446115503876 0.0071057196317829 0.0094555987093023 0.0123500829457365 0.0110875469186046 0.0049255800426357 0.0080368513720931 0.0118392593546512 0.0092446116434109 0.0105129529767442 0.0207900542635659 0.0117350819379845 0.0100374180813954 0.0033968163449612 0.0065332397015504
188   	0.0005862945037764264 0.0138977316122005 0.0086277287799564 0.0068271088453159 0.0088063794618736 0.6102005446623092 0.0080186154771242 0.0087841777603486 0.0263240583267974 0.0094628911176471 0.1098625320261438 0.0177188391895425 0.0083678023464052 0.0060513699455338 0.0075444621481481 0.0068430415424836 0.0232224848801743 0.0141678990849673 0.0198264484313725 0.0122439928649237 0.0732019248801743
189   	0.0003998043130327265 0.0143997944728435 0.0037035647891374 0.0092462883514377 0.0093981618626198 0.0316667619169329 0.0145381166357827 0.0066118533099042 0.0078129057763578 0.0088735462332268 0.0199385558434505 0.0082488334600639 0.0129799242747604 0.0073397471980830 0.0094807569648562 0.0106295385910543 0.0126461055111821 0.0134538570607028 0.0131934799233226 0.7576104504792329 0.0282277481469648
190   	0.0002580206748645711 0.0207376485643565 0.0035901026336634 0.0095184131237624 0.0663389197970297 0.0075748332475247 0.0134524344455445 0.0393018747821782 0.0123461600000000 0.0449546127772277 0.0412708783168317 0.0225142265643564 0.0168870150990099 0.0113294026930693 0.5761155445544553 0.0371571170198020 0.0208280920297030 0.0249299963861386 0.0138257566831683 0.0078327205000000 0.0094942299158416
191   	0.0002209781027305485 0.0164573300578034 0.0030376026705202 0.0089546268150289 0.0102208668381503 0.0126958770520231 0.0117187494219653 0.0042944007572254 0.0940634556647399 0.0190907313468208 0.1162214626589596 0.5526892369942198 0.0092537930693642 0.0067032472080925 0.0192910344682081 0.0079930453872832 0.0154783178034682 0.0323925654335260 0.0502726297109827 0.0021861022699422 0.0069849683121387
