# This script is generated automatically.
# Vector of amino acid stationary distributions.
distributions <- [
              [0.07106275914606935, 0.021040581908946067, 0.04805631486489548, 0.05394965450795939, 0.04547824713278299, 0.05503396222198571, 0.031204284805108888, 0.06280037186085423, 0.052431507460747165, 0.09530393412348809, 0.02798076251740582, 0.04140586822661269, 0.03886590345858648, 0.04165715773490927, 0.053679191836663705, 0.06177365021070613, 0.06014257191223688, 0.07628783576980908, 0.019932184036172376, 0.04191325740614846]
            , [0.08571406919828074, 0.008254537208792713, 0.07860090803939063, 0.11090637972025805, 0.01558372159909931, 0.04846217918016928, 0.03252159057721901, 0.025154213471804715, 0.09762925769067646, 0.0427441208433236, 0.01501976858808834, 0.05719382189140631, 0.03294391582770932, 0.08191465680136698, 0.07254020288340414, 0.0763807795366679, 0.0606537772218918, 0.03461793376119832, 0.005630207031484695, 0.0175339590794538]
            , [0.05373848391718709, 0.013409489020576303, 0.013647548797223942, 0.017972814990705348, 0.06393091601129253, 0.02180062336930523, 0.01249420583105681, 0.1613063709168553, 0.019240906127268337, 0.24603131130619998, 0.06475191144539295, 0.014535861336403475, 0.013345789181638461, 0.018526597565636942, 0.02159456618557615, 0.027668798936601742, 0.03862730673488553, 0.14099600320102365, 0.009479633194681801, 0.026900861614289902]
            , [0.22198433224325356, 0.02578395545077507, 0.034431681356238183, 0.04201080833043979, 0.02267692329037918, 0.059972176410916345, 0.01841963741080615, 0.043978156208163935, 0.03456793526041931, 0.05859521542706508, 0.02183580390239484, 0.03011691140660662, 0.034420215308511665, 0.03268440633984282, 0.03650079816141821, 0.09638017440006857, 0.07445081402578466, 0.08524277370659702, 0.007202671154820233, 0.0187446080146064]
            , [0.04474166332187816, 0.010681310956726633, 0.005181393568203657, 0.007796309738258574, 0.019716738764652214, 0.008547119032148921, 0.004513336155796764, 0.31085086364646886, 0.00802272721817826, 0.11362596758201908, 0.03184541856177073, 0.006635695746276905, 0.006481830151095939, 0.006956360272565999, 0.007910752224376656, 0.01524989370629102, 0.03567903800144608, 0.3457551260959532, 0.002331613867761366, 0.007476837224480087]
            , [0.10416333223284703, 0.023555666817175212, 0.02733397396032762, 0.024533743056111307, 0.012306105634953185, 0.041891688440652705, 0.01450408139173595, 0.022818690687266517, 0.027421716939768574, 0.02651945857216924, 0.014073543859841645, 0.04972312079323922, 0.021577134103581315, 0.02282600082678158, 0.023606979622693564, 0.27215603924647247, 0.2192099377442821, 0.03677314428029624, 0.003885574751724381, 0.011120065919611007]
            , [0.03877118455182671, 0.007905365813767273, 0.017684363306271364, 0.03898245944882514, 0.008068558517051475, 0.020957509767277206, 0.030182989461679285, 0.016500199423138212, 0.26632640642284455, 0.02958310057057134, 0.01421776171941601, 0.03646860500530155, 0.011861199013864076, 0.06825325401558918, 0.28173057437927507, 0.04132488086361048, 0.03564067862495521, 0.020927673224118336, 0.004250436368609186, 0.010362797284370964]
            , [0.024396308376575054, 0.012544639685550592, 0.009234413768970953, 0.010441374817049015, 0.3016931538970985, 0.011707974999912357, 0.04276042174368343, 0.028759419184398248, 0.011601167798860508, 0.07466824259178273, 0.019671107821759598, 0.01574889206996838, 0.007361707886359179, 0.013209973353084208, 0.014232210465081545, 0.02268447864623626, 0.017964862209159632, 0.029889326300602467, 0.038461128327156605, 0.292969195141578]
            , [0.021069059592938102, 0.007328672274618324, 0.004165245265237157, 0.005810856953546932, 0.06443290869805866, 0.006170529458474294, 0.005653381263880909, 0.12434075602702258, 0.006998367412565994, 0.5103119851596626, 0.09004990936132579, 0.005781660429310921, 0.005260258725487632, 0.009589608915732361, 0.008444949717747327, 0.011239855363509021, 0.015898605525492014, 0.07908742663428364, 0.004871813125602405, 0.013494154050488844]
            , [0.0647148596283496, 0.003644157233445371, 0.18631130860644124, 0.3380872192446986, 0.0059091782705898155, 0.03069286547762544, 0.01722335822912576, 0.010851950860476134, 0.05377362113877394, 0.01782909072984988, 0.007539064484117883, 0.042600437945602684, 0.017094670384661302, 0.06889411543869621, 0.02833553991368354, 0.04477872859968928, 0.03269532066435601, 0.019686188544723537, 0.00208900113286342, 0.007249322812441887]
            , [0.10457398995575913, 0.012554288481361248, 0.05435214372054972, 0.04029868604787948, 0.018264560710576073, 0.3220190601832471, 0.019513456548376933, 0.025735200921780478, 0.03869966446298437, 0.03827795705264382, 0.013008483895942419, 0.0542859394699477, 0.022135361885602143, 0.0292295538727749, 0.035079825649241, 0.07747035074267018, 0.03766930379848175, 0.03343835428311535, 0.006900476205102075, 0.016493343561518332]
            , [0.04999363820451301, 0.011068239150177649, 0.09437620559633503, 0.04430546632525085, 0.016849079841706523, 0.05510751009907745, 0.08202582553197654, 0.019007517280277823, 0.05140504419394755, 0.027458241298541283, 0.011748903409898441, 0.2300200244352665, 0.015586801073489986, 0.04321391600140252, 0.03803006615950884, 0.09857421839338029, 0.05525540445957736, 0.023736230894346615, 0.0052166794317708275, 0.02702098587801536]
            , [0.47805467965653614, 0.026099176868758234, 0.009593131150065763, 0.012592704415963961, 0.007759031462912673, 0.08551129716925356, 0.005890198630251083, 0.01647583223418133, 0.010226848217866784, 0.018847326394880237, 0.009389880174636607, 0.01188098033160491, 0.013107232294517844, 0.00994702920029717, 0.010035017744121064, 0.16516941186819636, 0.05478436229286657, 0.046713607203071356, 0.0021001916028236256, 0.005822060648645929]
            , [0.10288507491213328, 0.007052466725794557, 0.030107363859948246, 0.03787265517733792, 0.011211144968329891, 0.029827259560704596, 0.015135331946210286, 0.020338774025710292, 0.032653180571515866, 0.03462747169563723, 0.01017786738844741, 0.021088018629316967, 0.4286470152047694, 0.02900758077918706, 0.028460722862546018, 0.07162953191320295, 0.0421540900949343, 0.033214348827704576, 0.004042052552509945, 0.009868047149373525]
            , [0.04029927708526749, 0.004859132439972201, 0.40945971868405584, 0.12593332335766336, 0.0064641664664782175, 0.04169397030889122, 0.0218704223908498, 0.009284414486907602, 0.03132889370420093, 0.014193969152887217, 0.005942862890753839, 0.11621912663864348, 0.014089470967581053, 0.029801222566756165, 0.019387690890993563, 0.05344948897779596, 0.030402116022299946, 0.013968715609102109, 0.002480064190753901, 0.008871950973383797]
            , [0.065382131932141, 0.0057172441842767, 0.020942925728121824, 0.013381939044397578, 0.004125074163403464, 0.740743299421359, 0.0060345586256707155, 0.005320252408206341, 0.012185841235402416, 0.008116569954971078, 0.003779013538716458, 0.023050699243661144, 0.0058097075316201514, 0.008731286665334057, 0.011518324600263023, 0.03867044861167829, 0.011978149322251795, 0.00893056885044717, 0.00171609775344562, 0.003865863455539048]
            ]
# The number of clusters.
n_clusters <- 16
# The base file name of this file (for reproducibility).
fn_distributions = "udm_0016_none_rb"
