20 A C D E F G H I K L M N P Q R S T V W Y
8
0.65327208584059 0.0876645885234413 0.0089533186776169 0.0532115864475285 0.0619144101956984 0.0340161194194844 0.0624815397108963 0.0233916787511688 0.0592109615198468 0.0586950119810429 0.0812178295767164 0.0172908061584350 0.0533399642529210 0.0503149228384386 0.0516515954635346 0.0551619948439857 0.0740382969900585 0.0659617648610011 0.0712123791102947 0.0064310195479284 0.0238402111299616
0.07966261535733536 0.0364366705802400 0.0055117472520386 0.0022464302818980 0.0037063732075589 0.0645058949408528 0.0050010729018507 0.0034734785559330 0.1797300422646765 0.0042980890336897 0.3907841891512087 0.0873949501774685 0.0039708476209351 0.0034120761007313 0.0058886006267577 0.0049379844332309 0.0167792030574274 0.0284356805541342 0.1395643621713386 0.0025147423568663 0.0114075647311634
0.0645410010912687 0.0647420747417147 0.0021695446313485 0.2511978563382312 0.2323002978016168 0.0031782256468355 0.0445665044772431 0.0221018835528045 0.0058788689422022 0.0548866773497009 0.0102488258831538 0.0043679740646499 0.0871675915241928 0.0100270718955775 0.0607500282143844 0.0315435630911231 0.0593464859670092 0.0387057423733237 0.0115048124777386 0.0009984591401265 0.0043175118870228
0.0615662573012228 0.3135288831899217 0.0320648560137406 0.0071611144167884 0.0087229498668207 0.0056166544548608 0.0702660188827976 0.0046534284858108 0.0265282903486408 0.0078507388317945 0.0260180918585315 0.0083428588801910 0.0271416760133904 0.0245380652240358 0.0085760355634641 0.0072936325118602 0.2340861514431017 0.1244111033061881 0.0579256193143982 0.0013082710041570 0.0039655603895062
0.045041079165060345 0.0305108005163524 0.0044529957165453 0.0009846992699481 0.0016076200516469 0.0194872206925207 0.0024183605786558 0.0012421680848186 0.3690909366855424 0.0017173903899145 0.1309626658112762 0.0309581033129459 0.0018185874996891 0.0015570580243371 0.0019563234585450 0.0018025291791292 0.0086476089402857 0.0220454353919734 0.3657533447745433 0.0006593756784451 0.0023267759428851
0.044850526182068085 0.0462357916581684 0.0034918709935500 0.0184041259847960 0.0509773601173902 0.0040279963322292 0.0237570364312055 0.0325982737565364 0.0099698859692384 0.2708997358897093 0.0293885645001402 0.0084410567407248 0.0429779510972965 0.0056929122182473 0.0772995243298656 0.2628075543715728 0.0451131150360172 0.0408193519006953 0.0202527213763020 0.0016428922776825 0.0052022790186326
0.030655211138880485 0.0201600524610301 0.0058065914249196 0.0035865816055796 0.0044805881283974 0.3527754861288757 0.0048369349573377 0.0387431175122217 0.0283793426888462 0.0050786847271770 0.0703244820276188 0.0201373503694449 0.0076642704572822 0.0030487892218093 0.0064188076250450 0.0063424675924175 0.0189915924854638 0.0104005432252604 0.0280925524982490 0.0389426172724118 0.3257891475906122
0.02041122392357414 0.0764796440089289 0.0032192405541279 0.0181036211847136 0.0123351208834499 0.0023712517894104 0.7534965717448177 0.0035334467263692 0.0032200576787929 0.0109382167542326 0.0051406699523825 0.0025487202449660 0.0209000135592329 0.0031148474380135 0.0057326294966572 0.0105563654667481 0.0429551620137012 0.0131098513213741 0.0093565505177022 0.0008566700913863 0.0020313485729930
