20 A C D E F G H I K L M N P Q R S T V W Y
128
0.045161056969166585 0.0658305621319195 0.0180581484930466 0.0566440530169148 0.0650236810766045 0.0421594435145904 0.0584294765943982 0.0318759232669245 0.0597437364416579 0.0609009678553850 0.0888466880600804 0.0253631563225126 0.0465921595283019 0.0406161412150279 0.0458685593195048 0.0536691885638111 0.0639746266631509 0.0545175206367436 0.0694998186237743 0.0161432666076410 0.0362428840362905
0.02754019918079861 0.0680956767620297 0.0152642175215608 0.0454132790286090 0.0560740899923112 0.0400076273934773 0.0496380312070225 0.0270626627761581 0.0589936276850131 0.0514287018321907 0.1703529957711286 0.0313203674911899 0.0382497250231627 0.0323278063594220 0.0449302957198693 0.0524766951089254 0.0553343844345486 0.0506208197488307 0.0665969106727750 0.0126887336021977 0.0331233550518998
0.022435849367866946 0.1472306126155178 0.0158002622651304 0.0532359465881867 0.0612487528436037 0.0328950742921075 0.0597566665323056 0.0283517334566833 0.0483618593766958 0.0474041314632899 0.0852399582169964 0.0227266494219199 0.0372198850387353 0.0367244073028432 0.0455849164764640 0.0563260517896889 0.0597727581867160 0.0540318517841834 0.0662766980703134 0.0129427010749145 0.0288690816308152
0.021760974219769344 0.0835748799635081 0.0091290913645947 0.0922105496221059 0.1034198481247212 0.0150453212184244 0.0646377236544621 0.0313660297162551 0.0222546820523456 0.0803033453687711 0.0388974544539996 0.0129392975540688 0.0703298761744314 0.0356683289817541 0.0663611158297855 0.0576686122649312 0.0944694056319183 0.0660446765628675 0.0325871276484612 0.0055880990227831 0.0175045333368609
0.01854892139071919 0.0748231495962142 0.0141086257190621 0.0557621996742129 0.0555567275216399 0.0346501753395795 0.1523081105678689 0.0263718627838866 0.0493236006977075 0.0517412071958528 0.0752366142114525 0.0210966461438219 0.0443465682112622 0.0363741263588414 0.0397191999738419 0.0509111810863217 0.0625437427485019 0.0518802427703795 0.0592329446742127 0.0124792894505374 0.0315337867801769
0.017193877956107533 0.0738907902211051 0.0112868433681834 0.0636274945387575 0.1535102084440563 0.0305058488365054 0.0456339744626275 0.0256006796655210 0.0525290266269943 0.0623519733283743 0.0786858118832401 0.0224745015754374 0.0395402228682091 0.0303235215190068 0.0495731588990920 0.0502299721294824 0.0554187281265070 0.0548837664977171 0.0625215600266762 0.0092036723109065 0.0282082428170113
0.016037327212112817 0.0734545033452505 0.0155669052835928 0.0458051627223476 0.0551564908767395 0.0322292354569056 0.0484561462048293 0.0255494535458446 0.0578920287970958 0.0525357124217590 0.0779876382355207 0.0262734927545240 0.0438999777261977 0.0322240808732193 0.0433026508998405 0.0494520687310929 0.0702599712276552 0.1336197750398770 0.0759169054837468 0.0110315414294043 0.0293862621199054
0.01599762867398943 0.0604208936961077 0.0152171675323079 0.0239864456309957 0.0318714284445915 0.0480408576298931 0.0321592890660492 0.0185988414875400 0.1396889178299699 0.0343080027560371 0.1837495129562244 0.0452702771436211 0.0238338110717279 0.0214993125412395 0.0286138938641526 0.0345822856241592 0.0406256936768111 0.0506893329418900 0.1239213376077848 0.0107712318119969 0.0321514614237512
0.015996746484253355 0.0761284044198744 0.0227338450419653 0.0447692231988530 0.0496761092301753 0.0374053894408294 0.0535619690730121 0.0284797983841403 0.0503055382965701 0.0479351535611007 0.0801724788237565 0.0245431692924893 0.0456982089428698 0.0338570298528731 0.0403342265506783 0.0477656674280357 0.1428975423458700 0.0657182569675747 0.0627287619140839 0.0119376456879343 0.0333515861024595
0.01580619350126109 0.0823582397505162 0.0129697427515767 0.0478405710203159 0.0554703052640509 0.0327428620511247 0.0540093125126975 0.0262016106135514 0.0486201814042530 0.0501042658279846 0.0780210908762628 0.0213270785940726 0.0385024719037785 0.1359439971647038 0.0413791828185522 0.0504843340051348 0.0635224796958196 0.0551474583825417 0.0639507133733326 0.0119389345835240 0.0294651700161857
0.015770023722082003 0.0668357134974267 0.0118891499210673 0.0454848345081114 0.0645032543621615 0.0300779694225778 0.0438593149400314 0.0260532653694339 0.0547828764941821 0.1520674737301407 0.0786894832445736 0.0253818048830835 0.0428507812894384 0.0280993303379951 0.0495623681041620 0.0672455792973820 0.0547148198372119 0.0566969023786082 0.0627908160729471 0.0089579438811982 0.0294563166076303
0.01572150328659786 0.0687355513332585 0.0168291974030077 0.0402243703346052 0.0514214505588912 0.0334116060664384 0.0460420750983671 0.0238223778574154 0.0777505178822737 0.0483289690534762 0.0815785690909601 0.0260153364216374 0.0335644108226249 0.0309334530103249 0.0367681190214354 0.0475826701537512 0.0488934487582065 0.0573919611273217 0.1899737584871773 0.0109177986524886 0.0298143633248976
0.015412736878971508 0.0726917862175157 0.0154809729174585 0.0437532616718374 0.0565053815850029 0.0324381365990269 0.0476649542381225 0.0333483991386376 0.0504133830074415 0.0626964593806525 0.0876506614350315 0.0240768436519748 0.0372554874333143 0.0301766875971952 0.0491898696949055 0.1391232882598736 0.0551146903468804 0.0556472309089868 0.0638592695397825 0.0126764323560389 0.0302368094336005
0.015067800692166067 0.0624151856953799 0.0141888121370264 0.0446218852420801 0.0531378116718393 0.0374265231449903 0.0500582888206359 0.0235535213869532 0.1482734745271416 0.0540306975188850 0.0865261553604263 0.0299414404602682 0.0388510632681384 0.0297630677722668 0.0366943447051590 0.0462533921672425 0.0516375904713942 0.0513254356057856 0.0969134270469050 0.0111659376755285 0.0332219464049892
0.014540251229993039 0.0749580981742612 0.0045888278339118 0.0774336330604332 0.1632279614768520 0.0089403365984467 0.0322265314494267 0.0265313853023482 0.0177609936597295 0.1495583045992353 0.0305404228278017 0.0115315763091439 0.0567008109732420 0.0177747110925914 0.0934369813985803 0.0806688398464899 0.0610438472356047 0.0528463659177234 0.0255493072690370 0.0028805504158303 0.0118005120745707
0.013808033749050543 0.0483511038989332 0.0118921006091484 0.0083812215043314 0.0121707070413849 0.0677794502692136 0.0154498134741582 0.0089136050226858 0.1717930757043379 0.0135058871172875 0.2990445689644153 0.0644914559977642 0.0098126632641027 0.0102721367175015 0.0139510052805852 0.0155603840273171 0.0217911214950492 0.0332794133169360 0.1443238193253689 0.0079239167205072 0.0213125477215869
0.0137559845546221 0.0675749677541205 0.0161841428184442 0.0441634616520233 0.0489717512255499 0.0621520769056629 0.0479643183184763 0.0424036780429038 0.0505449971532097 0.0490476649719105 0.0801638605457577 0.0243407798460848 0.0420393396286795 0.0288132373624703 0.0381123425120246 0.0468332223886359 0.0566938936285513 0.0499275327948438 0.0605190026813314 0.0194780098683384 0.1240717140126977
0.013688055944944303 0.0798470566273524 0.0057123080658223 0.1669081356277390 0.1764466196829082 0.0097614368981696 0.0521174504530807 0.0264541785457592 0.0150134578383605 0.0660814709796339 0.0262619821258062 0.0098061018930136 0.0676331212019852 0.0271115974775070 0.0641991566035062 0.0432412420694767 0.0742247054234339 0.0503836980336427 0.0234954352235759 0.0034983435277391 0.0118024997274427
0.013334297860778109 0.0610425009896730 0.0143145819723024 0.0292452271129355 0.0356151610189330 0.0468645892281213 0.0377559268138488 0.0220856036398782 0.0674549691228651 0.0360058713634318 0.2780563308619104 0.0499409348204024 0.0268306627825367 0.0221502650266781 0.0355150046576857 0.0442360611542433 0.0409309534291011 0.0413650974599496 0.0674421137627433 0.0123554138060373 0.0307927323794519
0.012767932050217768 0.0741132539535686 0.0110168821316244 0.1567597211151804 0.0617268637297036 0.0328825550245284 0.0568865089083120 0.0276088192980032 0.0487396883576315 0.0524652998445381 0.0731659434519449 0.0201990057030332 0.0521837696324190 0.0348687638367305 0.0397380763310993 0.0462212049664893 0.0584130090741381 0.0527736470856077 0.0578311794548469 0.0117891296003593 0.0306166836080978
0.012470634109160394 0.0552170927666950 0.0085735410430603 0.0310221035048105 0.0661071357809847 0.0109621944851442 0.0282436449349886 0.0368222022700199 0.0224545288985567 0.1944849809988686 0.0405557138012876 0.0181280534198500 0.0467154969333616 0.0172043165678410 0.0958796920493777 0.1760171395939452 0.0551328391482740 0.0481213477582060 0.0294103600776034 0.0047539889229273 0.0141936235310555
0.012425642432620553 0.1847597312934821 0.0159780744392304 0.0473421050437314 0.0536201904394434 0.0200132811286383 0.0662076465412466 0.0228567083282692 0.0304881565473522 0.0467946401549766 0.0463127365888115 0.0178520467009797 0.0464744739280136 0.0347574075920772 0.0462436180044015 0.0411855931733636 0.1321655613445973 0.0725832989287235 0.0472993462636660 0.0071145806343746 0.0199508019121823
0.011787819253438114 0.0170275317791914 0.0065935647564745 0.0028801979514071 0.0041295769940645 0.0561812152125000 0.0043150515443860 0.0045542121233159 0.1217483113764969 0.0053250899727770 0.5566073373502950 0.0870252251547904 0.0047460676794161 0.0044135592793414 0.0080739262610031 0.0063066390140267 0.0093893939568111 0.0135568226116765 0.0733044847103293 0.0036439255363772 0.0101778728470059
0.011698718090094509 0.0786053787895928 0.0105370432159125 0.0460524291467572 0.0784843234306184 0.0207044771933635 0.0379263020822022 0.0418646889057315 0.0335819753800906 0.0721757940352187 0.0645912786221719 0.0241231280952489 0.0504049485701358 0.0240521294867270 0.1476275540723985 0.0693847881609351 0.0665973209260935 0.0599560610520362 0.0440986917096531 0.0072468005120664 0.0219848802079940
0.011458762481882028 0.0661397252575257 0.0131025189411810 0.0561273348233120 0.0518073457671876 0.0332057551784587 0.0545660451974747 0.0362319332096389 0.0481685826099006 0.0589340729524983 0.0658817913957964 0.0213390596643314 0.1498112864654704 0.0272701221869274 0.0448869915505427 0.0462800494998075 0.0695918344560782 0.0579992635491570 0.0522407336492417 0.0110147273852491 0.0354008277172223
0.011292910811499872 0.0710904166666666 0.0170257083458324 0.0403420601213968 0.0433525009343020 0.1476514394422309 0.0507299819506289 0.0306519651207718 0.0533055513381767 0.0406925271267869 0.0890242596547145 0.0302636683735646 0.0360096605233966 0.0284435757892352 0.0335556213444262 0.0420945218147020 0.0549354952370908 0.0486097196344036 0.0628988063245058 0.0206795129950004 0.0586430063401297
0.011200280889211966 0.0423581861711180 0.0099131893327740 0.0039522821463877 0.0065434168915386 0.0399708362792878 0.0082340287698730 0.0049246055079414 0.2495927107854710 0.0074335382845899 0.2280987229969269 0.0529890088946664 0.0056539453957298 0.0064861278501300 0.0077211983012684 0.0078086917499645 0.0144213671879778 0.0315955816636730 0.2580592867722362 0.0037179884231466 0.0105252855488064
0.01114117417689492 0.2807024003484045 0.0188705675203896 0.0397175009044263 0.0470305694010611 0.0262439933416739 0.0668079732422203 0.0218024974543511 0.0370923011001662 0.0440230286387679 0.0618781985628317 0.0207873614089793 0.0292386149710191 0.0238062614796104 0.0364210701031752 0.0453277389225592 0.0660719205329005 0.0480117228458310 0.0532395887607886 0.0090098859689366 0.0239167994975057
0.011134998848742394 0.0926265222047057 0.0139690266379308 0.0611960883663947 0.0567533481152658 0.0142862815513745 0.0638914755969262 0.0269530123286065 0.0209679797861047 0.0540733125130318 0.0318083834516358 0.0141912884187595 0.0785974665467799 0.0282345481644617 0.0496616785637329 0.0440349021801474 0.1937290130792999 0.1015510314822148 0.0315796014925136 0.0053810252218649 0.0165140116332092
0.010788298282464803 0.0686478738710733 0.0168382152648069 0.0154832378196662 0.0222106632290574 0.0306889325992310 0.0227662692319209 0.0118715830706806 0.1973741240510475 0.0233610555125982 0.1002701570557919 0.0364013208286976 0.0179503765386125 0.0174774497330661 0.0188079643127454 0.0225231588984784 0.0370185879630236 0.0632960862614529 0.2525266042212047 0.0056652188513907 0.0188211198767998
0.010615389094194044 0.0819526182805618 0.0047067300403723 0.0999328760525221 0.2701683085681040 0.0091672212828886 0.0308531555438379 0.0212186957579988 0.0177145953103133 0.0835330704753594 0.0286456103384032 0.0113176104471868 0.0413566144677138 0.0191122891882324 0.0900947676464721 0.0476157294656362 0.0532683260450428 0.0456792501903100 0.0295659900511092 0.0032543113516080 0.0108422312401729
0.010463652459589093 0.0208166567803731 0.0067423785095945 0.0024735708532926 0.0042154028531913 0.0456192508103027 0.0042315080505017 0.0036580128016863 0.2106657517283528 0.0049810384109856 0.4334093252676841 0.0740745619043085 0.0039373548782565 0.0038170205702723 0.0063079539255543 0.0057987799176884 0.0080997643007333 0.0162368010888628 0.1329465815833402 0.0032190795676166 0.0087492036586291
0.010285450132901884 0.0438040009518498 0.0099384541122221 0.0037457544882071 0.0064985374219383 0.0215719074059738 0.0069775031560382 0.0038307810042057 0.3000609600034330 0.0066264118512573 0.1287039268208739 0.0351284975940262 0.0056173018986352 0.0061751479236977 0.0063386735060508 0.0064332711778389 0.0140593610242896 0.0359160061936314 0.3493099111664242 0.0022662215837696 0.0069973659703030
0.010178705174836773 0.0664200586150113 0.0098656889525828 0.0473299483827353 0.0606357273756284 0.0124691528340267 0.0464191119084764 0.0400753687319293 0.0196978647858379 0.1372639139365576 0.0324061517784711 0.0143029840835500 0.0857298508953024 0.0220187553640145 0.0728427639270239 0.1092175380421217 0.1057404845146475 0.0690017088446871 0.0272980884252038 0.0046742572837667 0.0165905757403362
0.009303572956650078 0.0637733232590555 0.0037755040508819 0.2314138483785323 0.2867011810164991 0.0052218375899866 0.0358380269780011 0.0193600819734496 0.0091146020617296 0.0489739698866869 0.0156333642366776 0.0067684952633226 0.0548366190616347 0.0186233006598711 0.0624917313957898 0.0265101801668879 0.0509761313398445 0.0340321478911436 0.0171214238714205 0.0018672197084487 0.0069670051181491
0.009208296465153946 0.1621721530178195 0.0075818348678100 0.0645000289816056 0.0934868574832343 0.0130398761097912 0.0512057546848056 0.0299022868560069 0.0192992325620810 0.0687811476422687 0.0467773672523472 0.0124811838513124 0.0332339866018394 0.0241352300258670 0.0763567237813756 0.1300505412818548 0.0617160148141407 0.0529940731529028 0.0334751870616976 0.0062116059526634 0.0125989165031616
0.009156247270725504 0.0400188996986038 0.0115849302588060 0.0100233800993932 0.0129176918273760 0.0704425494763602 0.0145016105766972 0.0110743648060665 0.1015554104727974 0.0143485208418488 0.4146694423688023 0.0746319945471352 0.0116607478505536 0.0105238864332210 0.0171317387399132 0.0178671395674532 0.0207838653856524 0.0263659637766010 0.0868506052778045 0.0095916754112663 0.0234555923197882
0.00911213778392174 0.0664946369578694 0.0115398484532591 0.0454855197677482 0.0580053001317191 0.0198546486025181 0.0386120428148184 0.0227259170029056 0.0374407648000000 0.0649239639389831 0.0462301399948671 0.0199253320500727 0.0513918677443099 0.0230563176998547 0.0444395454198547 0.0494796528387409 0.1043653960949154 0.2154486887167067 0.0527100198033899 0.0077014582320581 0.0201689383415012
0.00875749751001947 0.1815308167052895 0.0323176454495717 0.0201833028083929 0.0253597252037280 0.0292897260665995 0.0412973184342571 0.0147154215235264 0.0830131894972292 0.0244923400165239 0.0792157560151132 0.0322679269833753 0.0226659118740555 0.0236591585499245 0.0226282234527960 0.0256769180603526 0.0741541569773300 0.0823379287697733 0.1585507832443326 0.0072074717279597 0.0194362854411083
0.008754850940811245 0.0455495159332797 0.0159406394532352 0.0132927812697038 0.0166179100781092 0.1591509331082442 0.0217992884046563 0.0217760325369885 0.1046931019774240 0.0178480332771619 0.1985484557448099 0.0508997016095545 0.0168515411956259 0.0138627617913728 0.0182364813770409 0.0212709985741786 0.0293581040526103 0.0326256102308001 0.0948073289316671 0.0228189577642613 0.0840518208827856
0.008738089335825813 0.2099933563206783 0.0041384179656806 0.0927748716478189 0.1663539648222939 0.0104022109239702 0.0407127052948305 0.0178858821552908 0.0183070722493941 0.0694515738144184 0.0331113029210418 0.0093376239542609 0.0337392378186591 0.0248530730620961 0.0680620396556946 0.0521522630886510 0.0610866508329968 0.0454382228998384 0.0286421565825929 0.0039498825889035 0.0096074890673465
0.008724856489784685 0.0542492910423615 0.0171040141295724 0.0245660207514912 0.0272932182126175 0.1416686896077248 0.0316626457709029 0.0558266342221211 0.0393085986229905 0.0292987393307046 0.0745275589728035 0.0231115984551613 0.0323854111584268 0.0170039411349712 0.0285922664958043 0.0338603253530482 0.0453590524234153 0.0371029215933678 0.0475520337680720 0.0375163491292084 0.2020106968051762
0.0086957442284942 0.0808879120417258 0.0171488887575451 0.0129420728781245 0.0161230666143510 0.0453311150495240 0.0284911887105530 0.0105701499330767 0.1326904377071097 0.0154353938934574 0.2073951683208425 0.0422989956881710 0.0122284066169738 0.0151886159224225 0.0156484833972047 0.0204029797199717 0.0302347733998379 0.0468892572280738 0.2240693438322864 0.0077610456197286 0.0182627014440957
0.008603996495942368 0.0573935578129807 0.0070061666664821 0.1602727391879420 0.0800079903659387 0.0115946432744796 0.0656807746201169 0.0355645008377934 0.0155044540254278 0.0660063198072388 0.0230755791038653 0.0091687283540450 0.1656834724289962 0.0195528722018866 0.0477349441658977 0.0383653048448682 0.0966992346806110 0.0572769778519430 0.0213282234556547 0.0044295576211217 0.0176539608801394
0.008292583519107789 0.0222794817277660 0.0065470972603085 0.0026040056685849 0.0040079811049681 0.0387240043808511 0.0045858461525532 0.0032035311443511 0.3083525982978718 0.0051318244669363 0.3189449957446810 0.0586478257446808 0.0038689024525532 0.0037066767451063 0.0054746671918086 0.0051743564471702 0.0079945633301061 0.0176090479569149 0.1724735645623402 0.0026330947883511 0.0080359329996808
0.008233476806790744 0.0231805300053555 0.0065911187994002 0.0022971855684769 0.0038143928792847 0.0249298511836976 0.0039818590766924 0.0029282170975579 0.3925892730291338 0.0045907537628109 0.1850382782647816 0.0463113301574551 0.0040163410774422 0.0033892374791453 0.0044241202332905 0.0044813071167522 0.0082311448872106 0.0220656599586548 0.2487310809661516 0.0019453598129499 0.0064629530041774
0.008186720750778753 0.0668690417629311 0.0117806766469828 0.0445264646590517 0.0406781540579742 0.0319620399525862 0.2718408815732758 0.0220943084743534 0.0499917665301724 0.0427920172440733 0.0716154926066810 0.0196895246896552 0.0402797103853448 0.0281496189084052 0.0319203824534483 0.0421561464802802 0.0468420146293103 0.0417004917661638 0.0571912788437501 0.0108873870873922 0.0270325995237069
0.008170841335529398 0.0871132120654286 0.0088880474007774 0.0412698496104513 0.0497957000641330 0.0204270528576981 0.0425825136180091 0.0216939469613474 0.0360202889311163 0.0498045902887066 0.0572424017134527 0.0162927378298424 0.0294377384420212 0.2687124242064340 0.0395727041683222 0.0459988108974304 0.0594990857870870 0.0492603989516303 0.0513945039192400 0.0071914508864608 0.0178025376340962
0.007972348644912456 0.0577108185924534 0.0061589293537015 0.2954674064401909 0.1182657839504260 0.0095923832040500 0.0575049885577072 0.0275325840988160 0.0131617910678323 0.0441390798616797 0.0205884028621224 0.0081316482439969 0.1047645845291578 0.0213756516021910 0.0386954047883147 0.0285238374481576 0.0702521583412637 0.0426372698284829 0.0196254901726238 0.0038018564709528 0.0120699249103686
0.007709456103562017 0.0187946777990845 0.0056646186717162 0.0016825100140046 0.0028521838196796 0.0124245014741418 0.0027654066197941 0.0018832102587642 0.4431591570938229 0.0031466030767734 0.0805880340117849 0.0211998885575515 0.0028566755262015 0.0026326528033409 0.0028034589140732 0.0029228699961098 0.0059343392565216 0.0183535481672769 0.3658424667048057 0.0010042829146110 0.0034889202477118
0.007606239904441208 0.0498505992298771 0.0150403100146138 0.0370940253463233 0.0380489971062398 0.0399357324456043 0.0285627362657157 0.2196319051728124 0.0233811878409880 0.0457466618046857 0.0457508542379959 0.0170647810234284 0.0781427369392250 0.0171309464689168 0.0700822728752030 0.0605781512154952 0.0558185545557876 0.0393281470064950 0.0307430222025051 0.0111899113448156 0.0768784657209464
0.007532135966610883 0.1839877131061142 0.0187296317562661 0.0357998515442726 0.0349702828516046 0.0171694781707660 0.2335980063246665 0.0172004283614430 0.0213958715879598 0.0302681532829703 0.0334305500516517 0.0139758784674397 0.0396187813749121 0.0256006929005623 0.0275620184496369 0.0309374370015225 0.1281300296298899 0.0521711295186226 0.0348023379819630 0.0062714476513352 0.0143802780531741
0.007489790859279269 0.2018522493992932 0.0298036060763251 0.0241396940996466 0.0264216541583038 0.0144616941186102 0.0638475040247350 0.0149809443242638 0.0229894580991757 0.0245571933396937 0.0301500730765606 0.0155305627109541 0.0414173841640754 0.0257059143498234 0.0260626285620730 0.0226081655568906 0.2477896764428748 0.1075675464817433 0.0440353454040048 0.0038411510504712 0.0122375446829211
0.007438623854586901 0.3390040607210625 0.0334553562967267 0.0167742448339657 0.0211829915198056 0.0117751339841083 0.0730802279233871 0.0099324396528701 0.0214797259495969 0.0176688013461812 0.0259714396560721 0.0131421910607211 0.0228544751882115 0.0206772617709915 0.0180767810183824 0.0162884835237193 0.1974023762689750 0.0791500082566415 0.0495592496762334 0.0031055671603653 0.0094191851035341
0.007344229552826845 0.0394229369741741 0.0086971341336697 0.0170361151172372 0.0367293563448649 0.0079874317760961 0.0218028099025826 0.0340833985242042 0.0160951705137539 0.2245097931531529 0.0302297259699699 0.0148289614923724 0.0374822996953754 0.0119304547664865 0.0741596992732733 0.3064567285285288 0.0448547495639639 0.0370061395495495 0.0210155852528528 0.0048596812965406 0.0108118313655254
0.007334525465730017 0.0296099782066392 0.0070988184324874 0.0017210109874190 0.0029860819024536 0.0104993235179217 0.0030319036689921 0.0018602455974261 0.3226950458263161 0.0030524778860958 0.0716771796102957 0.0183757066735627 0.0029221873227088 0.0028034854205677 0.0029120334612701 0.0030905961629779 0.0068606510796249 0.0213101525838344 0.4832422020687991 0.0009634270556652 0.0032874859058217
0.007239248974233885 0.0669829509103095 0.0101086219499147 0.0625608798887399 0.0422065626325859 0.0133379289753840 0.3926349272483547 0.0197703036007799 0.0184586039651475 0.0421802502755301 0.0281246703170848 0.0103101531106508 0.0674118260363149 0.0183348750166951 0.0301746455240068 0.0363112208186693 0.0680397919936632 0.0305859823056300 0.0242737114117719 0.0054686224471362 0.0127234748079454
0.007105156134350439 0.1119188522833375 0.0072372783005091 0.0307454829056370 0.0392608034124659 0.0105178183087906 0.0301866377069779 0.0156308235711448 0.0194514586033028 0.0340119176574373 0.0342114805202382 0.0101438418301465 0.0219371371216786 0.4028602275887762 0.0311037329941644 0.0296810950065807 0.0793294241681152 0.0454497346064068 0.0333118849925503 0.0037881539283586 0.0092222144161908
0.006950772930537263 0.0593805170833862 0.0079390634965097 0.1157118868974487 0.0646597553001650 0.0116659257717985 0.2286008933874848 0.0286752452620891 0.0148828609331133 0.0588471233532174 0.0243867313643862 0.0092765947937555 0.1161430870465794 0.0197824214162965 0.0427957114176926 0.0421576327795405 0.0780470406523670 0.0379213033572789 0.0204791756109913 0.0048173056709862 0.0138297293541059
0.0069137209616221 0.0380231258331207 0.0063288795868334 0.0185151244020159 0.0447721988199796 0.0065042236246493 0.0200259755329166 0.0247358952295228 0.0159926627051542 0.3360509757591226 0.0266685550331717 0.0147781090896913 0.0421885641860168 0.0113352441349834 0.0743460992727736 0.2078242796376628 0.0430788105307476 0.0370580338849196 0.0202084162871905 0.0030711658507527 0.0084936544718041
0.006851967680096829 0.0647627952478434 0.0148933992826059 0.0275955690973348 0.0455564171993048 0.0166607521834685 0.0351941013492983 0.0512343259572551 0.0248769433769794 0.0936901084936270 0.0508224756740054 0.0176943060905111 0.0374998779199176 0.0206330412734646 0.0747704570969486 0.2590314239732200 0.0543183766512167 0.0467008859894425 0.0340396329895711 0.0095050897640015 0.0205200285818206
0.006820208849598119 0.0938307444954722 0.0190626472829237 0.0300389343927555 0.0275527700525227 0.0130977743827944 0.0378938697094437 0.0163216692153946 0.0255377401950842 0.0313257499376454 0.0289968506442433 0.0162495115539457 0.0570989933518758 0.0215772783065977 0.0263438192846055 0.0267738422244502 0.2417370166882278 0.2312199388098322 0.0391458651591204 0.0043417771786546 0.0118532180201813
0.006445278211766117 0.0795424811943570 0.0204180667385153 0.0098136172149022 0.0143126364526778 0.0190748588211204 0.0157215653288592 0.0072337937423641 0.1593294671661417 0.0129768920823175 0.0820656170976579 0.0268952677837283 0.0104111850668401 0.0111263650872482 0.0111503430717709 0.0135917279034379 0.0256172501082046 0.0572406358937132 0.4097621175181491 0.0032678500152582 0.0104482559657582
0.006363234566311115 0.0780111628587274 0.0068106822415084 0.0231839476743380 0.0143894727175931 0.0040168498502703 0.7110779597948149 0.0062115415553861 0.0051737343341191 0.0129214697367254 0.0078974019858592 0.0038555776886179 0.0252063101157633 0.0061163738124220 0.0092608790535145 0.0123272431002358 0.0451293246277555 0.0134399239503674 0.0096515352491333 0.0017813530122834 0.0035372556331624
0.006357941427894663 0.0693326993381435 0.0083593444195920 0.0445781424603857 0.0289761208776190 0.0095638529654503 0.5456754355487725 0.0130323701426391 0.0126472064391563 0.0268673757138894 0.0192757466091302 0.0080164801706674 0.0477250719041210 0.0125907166736507 0.0192522810166505 0.0241699244742611 0.0566019086041349 0.0224967067428889 0.0175940247606491 0.0038583895630914 0.0093862020715970
0.0061462158912365915 0.0732544612528702 0.0049042356869977 0.0390044573668198 0.0860152545608495 0.0103501028711251 0.0299271714903846 0.0217860616884328 0.0232058419985647 0.2879957570321464 0.0335775681214122 0.0148811972578932 0.0548004471900115 0.0175624115002870 0.0751046030169346 0.0750166162814294 0.0510686474738806 0.0555191784227899 0.0304644350795063 0.0035035686388347 0.0120579913287887
0.006135629614403689 0.4709432739036667 0.0309235137478073 0.0145569584496046 0.0197886857118619 0.0115265509600287 0.0601738020035945 0.0085161891386054 0.0268302101629045 0.0159143637384617 0.0315004910209921 0.0134533734534867 0.0135790919637672 0.0159123567455069 0.0132869744750539 0.0151487734115024 0.0923709990639827 0.0643287273328541 0.0692183053386053 0.0031806374507692 0.0088467230209921
0.006125043337570785 0.1018554747400259 0.0051896883946421 0.0951744631974650 0.1298609414662251 0.0123894815898027 0.0412715792740890 0.0197757345143310 0.0197178325762638 0.0696875287325364 0.0329638235575396 0.0099651518303327 0.0373175941869509 0.1752419591819098 0.0468758263643958 0.0418704838376782 0.0688001548293245 0.0461718483825436 0.0297496351289069 0.0042883155537808 0.0118324745183638
0.006092402317335999 0.0314683026382853 0.0027241736007964 0.0072270876910800 0.0052415065230236 0.0015523041203735 0.8878089025485109 0.0025291105721113 0.0020333015395306 0.0045468211998263 0.0030878242930776 0.0016247507888792 0.0085081921823053 0.0024415958667970 0.0032487901492905 0.0051607090910803 0.0198737784155810 0.0051006700993338 0.0036362942457286 0.0008328861866782 0.0013529872432379
0.006089755748127773 0.0363184157774235 0.0166142574234169 0.0119248250631792 0.0141114766716418 0.2860973664686282 0.0164194999488480 0.0316741663845819 0.0495291155629619 0.0150966837472830 0.1157253072989421 0.0323928749601507 0.0179270603092306 0.0108166964563107 0.0169913354415302 0.0180241575797711 0.0306016286262860 0.0253975498463990 0.0495237032618462 0.0377673861927257 0.1670464835110853
0.0059450766314114245 0.0264416178635015 0.0134885860235905 0.0107509256442136 0.0119030699761128 0.2582850657270024 0.0119585526548963 0.0490114439700297 0.0278487050400593 0.0136213119738874 0.0677583420089020 0.0185827874369436 0.0185300018063799 0.0086331598706231 0.0153849168939169 0.0168382588792284 0.0254536366632047 0.0203374519495550 0.0303827864109790 0.0465748266238874 0.3082145495548960
0.005768638684196365 0.0092048550659222 0.0041141586512695 0.0015927700523403 0.0023570084776691 0.0430146825275314 0.0023674800671459 0.0029172399645764 0.0742820182465586 0.0031881411760477 0.7032341618231867 0.0743654893042216 0.0023539798490364 0.0029831662783725 0.0049986374128174 0.0037113128098805 0.0061417093453656 0.0077375964461610 0.0431290140241664 0.0023513263965892 0.0059552594062406
0.005765109925252063 0.1818699989589709 0.0250295237391304 0.0197657972444887 0.0238440903273118 0.0422312350208206 0.0526099158634415 0.0153114706269137 0.0696302371172688 0.0215026439853491 0.1900591694886714 0.0429960603704838 0.0183511508808939 0.0176991292565830 0.0229774639563686 0.0298479723949326 0.0480123196157380 0.0510953764788732 0.0940947989574403 0.0111352024150184 0.0219364369248316
0.005741290802378031 0.0126521353141231 0.0096514557308898 0.0043962795524821 0.0051937855732286 0.3034976127247582 0.0051870596901798 0.0380575450826802 0.0140906113972646 0.0059411180213618 0.0351263284478252 0.0094348844329184 0.0101534569835563 0.0034740877213770 0.0073931935031504 0.0075730626305518 0.0133831304782543 0.0096569286978639 0.0151565968822804 0.0251864752189950 0.4647942597203020
0.0057245291973926 0.0140213226379047 0.0094132156119723 0.0042174007976887 0.0052055402298921 0.4386162557781211 0.0053345327345147 0.0244006643879815 0.0199760410134050 0.0056838891126349 0.0614149192080124 0.0155633073634823 0.0085090448565486 0.0040444746419107 0.0070626597955316 0.0071355818526963 0.0142019341630197 0.0104205640961479 0.0206607653781202 0.0263077945106317 0.2978100942989201
0.005539269352816787 0.0486825353231456 0.0120006357878064 0.0244258405230818 0.0282020631937281 0.0421968964906081 0.0337543984559058 0.0160977096989812 0.2850591255969436 0.0304378422701369 0.1106470676440624 0.0357546266448584 0.0235491562035976 0.0166612416711239 0.0204387780953519 0.0286836208306272 0.0325645255062082 0.0441350759121300 0.1308817778812481 0.0080133090536453 0.0278137720612862
0.005442228481848505 0.0202372348597830 0.0051286127894310 0.0076637677819745 0.0187483603963365 0.0039310911225483 0.0125555897064356 0.0190252122235370 0.0094907483029663 0.3779165496839028 0.0166428603246878 0.0098732003804506 0.0257544484256767 0.0066438348155293 0.0458625714180581 0.3520003326308965 0.0268200447900794 0.0221863836586156 0.0116952109581784 0.0023208789547414 0.0055030711715027
0.005160809956040485 0.0817344989371155 0.0209513704212919 0.0148385697007862 0.0230684654246411 0.0180757530931305 0.0198532457040328 0.0123678893139098 0.1120847133783322 0.0251200029759057 0.0646511686756664 0.0333686518198906 0.0246994233197197 0.0150458144911141 0.0224320657510253 0.0241193013564594 0.0677402908971292 0.2087996454203687 0.1933176813397128 0.0043815775302461 0.0133498755001709
0.005140519592110753 0.0623735383593617 0.0034386826626051 0.1285904061185857 0.4168282843658825 0.0051712899282650 0.0253620323991762 0.0157481979095590 0.0105126170914706 0.0552236349574395 0.0171295600267718 0.0076769618656256 0.0304854436605457 0.0113472062745838 0.0889175404544362 0.0270739168264973 0.0361145508101940 0.0289849110811739 0.0205472905640983 0.0019065688970825 0.0065673674963103
0.005119347038444947 0.1021307647544374 0.0334694370465276 0.0312586291390660 0.0237986602848526 0.0154143072117869 0.0695051684370154 0.0175425326465621 0.0172010191411340 0.0260757513444771 0.0265037693193177 0.0121675663163881 0.0627158876288127 0.0225036757518525 0.0230944928156126 0.0256106594137515 0.3563172236774084 0.0904935688505944 0.0255663922850250 0.0046498781251077 0.0139806175807340
0.004959670696215317 0.2365473495197441 0.0306838867033084 0.0147147194032373 0.0189867765074706 0.0139500176076129 0.0370929802170046 0.0096338059356101 0.0382677502223408 0.0175135952573817 0.0371056996798295 0.0222081754254714 0.0232441152235859 0.0196673000193881 0.0168502612643187 0.0163392772491996 0.1357218729455712 0.2098594773034508 0.0883690572305230 0.0035179336784063 0.0097259497947350
0.004900563983898273 0.4992600232223223 0.0239698718627363 0.0058345573426823 0.0075942809224841 0.0049189988070208 0.0644229239731773 0.0039189130678668 0.0090204418374438 0.0061615103189919 0.0101921116527452 0.0061330327159316 0.0094202652493249 0.0087232771189919 0.0071173725488750 0.0063691917342935 0.2440422331233122 0.0501990897047705 0.0276594435229524 0.0012232445403060 0.0038192119899191
0.004814109389762894 0.0246039016382629 0.0117717352053692 0.0046899488473520 0.0058296853342495 0.2382032630382996 0.0084868289985340 0.0094761818821696 0.0803736052739601 0.0064907902605828 0.3582510960234555 0.0688987159373283 0.0068060355644127 0.0058491132589334 0.0085433794420010 0.0081158931354224 0.0155123623822613 0.0168896488986622 0.0577047002620488 0.0141113565995968 0.0493917613796958
0.004769117713223053 0.6670907706252314 0.0176716147266926 0.0038761389195339 0.0050709668608954 0.0036737584659638 0.0663958130860155 0.0024936241228264 0.0089306780965595 0.0041439639280427 0.0092364293361081 0.0049893276518683 0.0049106216204218 0.0072034329433963 0.0043161466117277 0.0044382183834629 0.1157819921095079 0.0329602311465039 0.0330692181807252 0.0010870386482427 0.0026600158919719
0.004756767056917999 0.3360926505376338 0.0399362785350389 0.0093718091841120 0.0130670258288839 0.0152217696366333 0.0408351490509826 0.0073179731271783 0.0593831248034854 0.0115662968883944 0.0511855414979606 0.0213550069050797 0.0111479314243604 0.0139209503370413 0.0110520580424546 0.0126239941955877 0.0700667877233964 0.0797614919781239 0.1836221471264368 0.0033693607545421 0.0091026385426400
0.004730301364835741 0.0356043853095861 0.0020078273301194 0.3019313375606107 0.4241259492726605 0.0026818377888849 0.0207845051187990 0.0101415645205147 0.0049796372502799 0.0254861767564342 0.0084678736531149 0.0041060446980605 0.0323294805492354 0.0088972789737039 0.0443783987754569 0.0112510164742634 0.0283928251950765 0.0187489057127937 0.0109602268826930 0.0008782083562291 0.0038465252146588
0.0046782521704072984 0.2044187736901619 0.0333326694922729 0.0094982993731624 0.0128056863022994 0.0176884042135319 0.0237438277350170 0.0078039650079156 0.1007623485789673 0.0117922176598192 0.0636751161873351 0.0240977346249529 0.0106085365787787 0.0144672915220505 0.0108250919462872 0.0135214198560121 0.0449413978684508 0.0718985740482473 0.3110917898605357 0.0033948333130419 0.0096320240491896
0.0045953263352162205 0.0976502178805913 0.0059232771315800 0.0168202437122288 0.0230820445239010 0.0073396372063736 0.0202937441879439 0.0107398056751776 0.0136346237544634 0.0206133202635822 0.0254903120157419 0.0071564375598003 0.0138117890147821 0.5675372294106346 0.0210184819013246 0.0185078888418123 0.0638077941850643 0.0324191087195239 0.0248451631407181 0.0027842433014014 0.0065246365014399
0.004525633346066272 0.0432297019610135 0.0116804783479532 0.0754824357740740 0.0343356867678362 0.0146945197317739 0.0459540247855751 0.0647648446606238 0.0165727404169590 0.0521352489415205 0.0234820229066277 0.0117696994109162 0.3349103302144247 0.0118070394500975 0.0363775377719298 0.0368638130485380 0.0888325592826510 0.0505561741929825 0.0204099615894737 0.0042194487719688 0.0219217320512670
0.0044674088234853025 0.0380878987973932 0.0032371136678515 0.3992277334123227 0.2518646238151662 0.0038869899709716 0.0297487167772512 0.0155021472835703 0.0060200420497631 0.0281796613349131 0.0098225956631123 0.0048730836129542 0.0646105394976303 0.0121347931502765 0.0364138591581754 0.0147367164235783 0.0401997963902054 0.0233982830390995 0.0109319700365323 0.0014126878727093 0.0057107548388626
0.004418006198265085 0.0683189966240766 0.0166130053020563 0.0252946028221202 0.0327251483238171 0.0384235327829906 0.0330197949427031 0.0216451277861849 0.0646747793990816 0.0410182792655221 0.1406072135595927 0.1759684421042124 0.0315466689125574 0.0173082692854861 0.0490804841533240 0.0385375499215412 0.0492009633859053 0.0565480222279896 0.0632178795108804 0.0100379337993611 0.0262133031295668
0.004403008972751805 0.0613151855059106 0.0155449045004007 0.0602837260649168 0.0298891926006813 0.0107256942093769 0.0544524531897415 0.0317095338972150 0.0154112243237829 0.0391938749310759 0.0196759043257862 0.0101108601262272 0.2172366020837511 0.0140690901053897 0.0337200727128832 0.0290365594606291 0.2215243368062514 0.0980442788419154 0.0204971416509718 0.0031658198940092 0.0143935419909837
0.004281266789173415 0.1094486731114774 0.0116548115493509 0.0351038614780548 0.0377511236021018 0.0133244771827734 0.0433949341850402 0.0210611189765094 0.0206831947702452 0.0376492338466928 0.0366887957737481 0.0122373837510818 0.0391597015227694 0.2016005534720798 0.0392774701153925 0.0335884594626005 0.1719855105501753 0.0851111727838450 0.0331877183494746 0.0044245939014424 0.0126671965817021
0.003947799068936953 0.0280642626312850 0.0044099144348603 0.5040247356424591 0.0896532152581005 0.0043907647396648 0.0325372408149721 0.0207563229492737 0.0068376055110614 0.0221277667197766 0.0105163237157544 0.0045247480551956 0.1394715495575423 0.0091733003150837 0.0213563955052514 0.0144251838724022 0.0454860059620112 0.0232940473363129 0.0103521811785474 0.0016098001572513 0.0069886309769833
0.003944270309992651 0.0271678191679715 0.0095717500753746 0.0098491414784164 0.0194820455253858 0.0067596527282488 0.0161681311163050 0.0321197729543726 0.0124047824911653 0.1789135612301496 0.0247099019525833 0.0104600671659584 0.0233454534913889 0.0086965248224111 0.0513236003623350 0.4866122677253407 0.0312225574144486 0.0227582602035340 0.0144999606222323 0.0048316230266160 0.0091031180751509
0.0038913389258281336 0.4155871076853329 0.0206652521788710 0.0096023544040806 0.0111121917982317 0.0099003771314894 0.2588227955112214 0.0059698425697121 0.0142969596569938 0.0092581474139652 0.0197700563037858 0.0100563993314441 0.0113905268882341 0.0114770709104512 0.0088335060367263 0.0098754612863296 0.1018261811357969 0.0321211520720925 0.0303915107277260 0.0027527576233734 0.0062903602341872
0.0038860457874116817 0.3131568236095348 0.0281508268982973 0.0090519285046538 0.0099615933641318 0.0067751186093077 0.0567098042186152 0.0061092268258797 0.0088111628774121 0.0084463267509648 0.0117944105300794 0.0071873628778661 0.0174533037160045 0.0120625119566402 0.0100300284317821 0.0085737147130534 0.3880128190692391 0.0674383817888762 0.0231019422506242 0.0017933342410897 0.0053793772413167
0.0038260568853585616 0.0115288016227243 0.0035660874256742 0.0023020966840286 0.0031024375157870 0.0131803938981332 0.0033482320661443 0.0021623794641622 0.5822271458861474 0.0035920796614426 0.0961720827010832 0.0306293344706153 0.0033775458365983 0.0024224965037104 0.0030774329096566 0.0033486245100253 0.0057347035333025 0.0145161190354921 0.2105307052638852 0.0010937029513021 0.0040875930394100
0.0037872405369712486 0.0740536476519916 0.0184343885338924 0.0260006008308875 0.0251344370512461 0.0141429286075006 0.0241814650982996 0.0137775647041696 0.0425848243838808 0.0318091244157932 0.0387004900955044 0.0224462437200093 0.0411588040130445 0.0156895625769857 0.0214081206051712 0.0252314767654321 0.1127259904332636 0.3730806338225032 0.0629398831283485 0.0044415047160494 0.0120583187356161
0.003785476157499098 0.0486988618900023 0.0085180352698672 0.0303223511312049 0.0971977974877651 0.0119853995406665 0.0229456249221627 0.0669607159279887 0.0194971584423212 0.0749568522847821 0.0484211185294801 0.0245173980892566 0.0381252761132603 0.0165239188520159 0.2944154066651133 0.0704939204602656 0.0433479149871825 0.0368349769610813 0.0257737372407365 0.0046493915721277 0.0158141586070846
0.003720194117029526 0.2490441237846817 0.0142608190322504 0.0139770243663743 0.0130452811164335 0.0077547012580034 0.4561758966089635 0.0069483415164809 0.0102339231991939 0.0113502982857481 0.0149207034239980 0.0073778105484943 0.0168773273511976 0.0110542545233578 0.0101113881944510 0.0118443464930045 0.0913685828337680 0.0251726435096041 0.0198473179497272 0.0025332050811003 0.0061020134168841
0.0036425614202548998 0.0257724276870913 0.0085822431499152 0.0044428238403972 0.0075797423993702 0.0496154033545653 0.0068770847859047 0.0068068702116735 0.0901080733252604 0.0100291470523129 0.4125549031242426 0.2248717498183581 0.0073704386529425 0.0050380996015984 0.0165768564984258 0.0111562369009446 0.0151452012327440 0.0222351047348027 0.0564911345119883 0.0050201773044321 0.0137262822080407
0.0036355039023662976 0.2412393717544279 0.0099700182690366 0.0328579505889347 0.0427870859747635 0.0127765108425139 0.0458919838971123 0.0145768951322495 0.0239636536862413 0.0307394214003883 0.0350263430310604 0.0120810282720214 0.0220389499946615 0.2212676110167434 0.0284871480757098 0.0301528652225188 0.0816545659051201 0.0504233971463237 0.0481227800873574 0.0051310847656151 0.0108113293132735
0.003384079827584838 0.0475862660688217 0.0105224088084984 0.0024717050904588 0.0037004785974973 0.0077340876016684 0.0039981718800833 0.0019652879427268 0.1910392968561001 0.0033713492468717 0.0467957278216892 0.0139424700310219 0.0030418149436913 0.0031453462562565 0.0030936155620438 0.0035974313472367 0.0087268420862876 0.0254337050706465 0.6156855471845685 0.0010044944145464 0.0031439518837330
0.0033479100484057507 0.0235358739799685 0.0124278830054033 0.0054143900595678 0.0061338794546653 0.4239064533473907 0.0095598717812336 0.0114058981900369 0.0576640577991566 0.0069619274525567 0.1827072987084869 0.0397373240405904 0.0082565405853980 0.0054351672546126 0.0074326595933053 0.0080197622991566 0.0188126298102263 0.0169021650474433 0.0470553294464944 0.0211376554728519 0.0874932310421719
0.0032499869877013927 0.0561273718539630 0.0120710619367535 0.0158060730833333 0.0114294503688925 0.0059721057296417 0.0195256720757329 0.0075030930551031 0.0121280921829533 0.0145710974937569 0.0130908675846905 0.0086876797662866 0.0355415183284473 0.0098947693539631 0.0110111649025516 0.0120666745374593 0.2990591520086860 0.4282572011400650 0.0200651130456026 0.0019619631001629 0.0052298780798046
0.0032332253827159624 0.0297651022279792 0.0159532710965367 0.0158410249078265 0.0168851523605127 0.1209572407662939 0.0167490922375238 0.1236503815462230 0.0202921785246794 0.0186491142844288 0.0441230426724843 0.0134912172882465 0.0318468679956367 0.0098656605298610 0.0236697748104718 0.0245344094518680 0.0313564584046905 0.0230269188491955 0.0256813912707934 0.0305710107575675 0.3630906847559313
0.0031317735630673033 0.0569078203267606 0.0167592123332394 0.0265593904030986 0.0270095064918310 0.0915439891718311 0.0416177487352113 0.0309559410845070 0.0394193407126760 0.0304753455135211 0.0784965782478873 0.0272083817521127 0.0287438105008451 0.0217698828078873 0.0287840590861972 0.0406568625185916 0.0487529602225352 0.0414220056197183 0.0475404748957748 0.1870727804225348 0.0883038961014085
0.003119422906762249 0.0720471413829185 0.0160421297921380 0.0186823849530543 0.0126180718781108 0.0071480085964366 0.0281740202997737 0.0088211351470588 0.0112356126733597 0.0143823024756787 0.0132016898868780 0.0080354601651584 0.0410551000096154 0.0155236930511878 0.0121612085079186 0.0137106950311086 0.4255532016402720 0.2555014165723978 0.0177340230995474 0.0021198585446833 0.0062528316614819
0.0031123653888736466 0.0302413127242063 0.0053482955016723 0.3006526658163261 0.0545674534535147 0.0062904800955216 0.0503240261828231 0.0285811201181973 0.0087897466941610 0.0341428863741497 0.0114298287808954 0.0051617434946145 0.2873444339569160 0.0088121352545352 0.0224032083259637 0.0181142343721655 0.0696233582891156 0.0334479327046485 0.0113762245586735 0.0021234121422902 0.0112254820966554
0.0028503550372592835 0.0335318552877476 0.0098042364458539 0.0047436758613861 0.0079222853589109 0.0349498621426361 0.0083413031803838 0.0064744339520421 0.2269334149443070 0.0113195700590966 0.2174951568131185 0.1900705437190597 0.0084716119461635 0.0053280747168935 0.0131694170909654 0.0111373905297030 0.0189177370637375 0.0383795038273515 0.1375519116274755 0.0040687094111695 0.0113893023533416
0.002750667597082775 0.1027587155612572 0.2902899073123800 0.0190109902116741 0.0195899067052598 0.0279161989076331 0.0409933674919821 0.0171831099980757 0.0340455735150738 0.0211875008207185 0.0482590549550995 0.0203818006638871 0.0299144013149454 0.0166377354823605 0.0192131470493906 0.0240656545577293 0.1099171644547789 0.0619025995991020 0.0626664439448364 0.0103665595208467 0.0237001743303400
0.0026695061413638476 0.0204726179428287 0.0033008766497025 0.0098277124487772 0.0283469633757435 0.0037370604395241 0.0107252016107072 0.0119544844101123 0.0104020894061469 0.5506468988764037 0.0141533178403832 0.0098902907941176 0.0298463322547918 0.0063290982326504 0.0405219801523463 0.1841417745426309 0.0229668985862525 0.0257805684434897 0.0111024609596827 0.0018210240556180 0.0040323392696629
0.0025177695067588966 0.0102165293318148 0.0089334081527680 0.0043149634197618 0.0046531540525578 0.1680870452011216 0.0054178835466013 0.0426916838132446 0.0093558695308339 0.0054652810042047 0.0203658593230555 0.0059408814053959 0.0101476955690259 0.0030453384786265 0.0061859049110022 0.0072003029540995 0.0114837718948844 0.0083838017838123 0.0109924334152067 0.0175993717428171 0.6395188272599863
0.0024745422096912073 0.0582462104099822 0.0035525034670232 0.0069145561347595 0.0091532864007130 0.0041097116627451 0.0101651804078431 0.0063722513254902 0.0076854830495543 0.0089655600620321 0.0136248020905526 0.0042955713440286 0.0064252221372549 0.7690264099821723 0.0096691682388592 0.0085120257928699 0.0362229012620321 0.0189438617486632 0.0133192471992869 0.0013674439805347 0.0034286099076649
0.0023748547695146985 0.0103291330211738 0.0075425319238484 0.0027932830404904 0.0036775817648588 0.6449099219910850 0.0041963865947251 0.0091718792652303 0.0217302256240714 0.0041752775538633 0.0736309729190193 0.0162112097325409 0.0048424368874442 0.0029195332878901 0.0040835524973996 0.0040976551827638 0.0115305059966568 0.0081062801794204 0.0191495320520057 0.0144478124742942 0.1324542853008915
0.0021296060228857662 0.0996265542841756 0.0261730524660315 0.0109900182729908 0.0080135213910523 0.0073732080737366 0.0376090301984258 0.0065496651752279 0.0075025702705056 0.0088307389324771 0.0132246467340514 0.0053613027908036 0.0267727417087821 0.0105399118980944 0.0077203457879040 0.0090124142601491 0.6043018856669422 0.0901937450372826 0.0121138706557581 0.0023637962154101 0.0057269925169843
0.001954050265406782 0.0277807893756207 0.0018977289475395 0.1181824315972909 0.6515026153498868 0.0029246017002258 0.0150235983733635 0.0070391307571106 0.0058852918794583 0.0262895417268624 0.0087446757151242 0.0046467302284424 0.0145607281331829 0.0047231969223477 0.0525756141729120 0.0112345237286681 0.0176542154234764 0.0135187029796839 0.0115221671652369 0.0010824772687133 0.0032112383738149
0.0016496948064608048 0.0383089561176470 0.0097252875411765 0.0097072927144386 0.0080864989540107 0.0048059279593583 0.0102002940000000 0.0051609344390374 0.0165703935807486 0.0151779934951871 0.0133007772133691 0.0089953413823530 0.0225793803069519 0.0080776956486632 0.0073690336727273 0.0089389945839572 0.1537835897839573 0.6303822898395717 0.0228773484149731 0.0015212655887701 0.0044306961406417
0.0016276400630589223 0.0136314457268294 0.0025142941159892 0.7393790742547421 0.0644978649485095 0.0024541822482384 0.0140422279214091 0.0102193659924119 0.0036736205224933 0.0092447085859079 0.0047952379143633 0.0025434740617886 0.0692039881463415 0.0042087690986450 0.0101710702357724 0.0065218304357723 0.0219881462937669 0.0111349369685637 0.0052704453165311 0.0007005253612466 0.0038047867609756
0.0014988403615919291 0.0297278341377280 0.0142616247516186 0.0110387263431431 0.0121966585014715 0.1192157641494997 0.0195598928605061 0.0199235909617422 0.0211381497174808 0.0149320820859329 0.0514956647204238 0.0167520447792819 0.0144353589052384 0.0112180721724544 0.0149762035785756 0.0219713357433784 0.0280925720894644 0.0212951197645674 0.0253078716244850 0.4256628934667451 0.1067985096350795
0.0013391640193623003 0.0203154282345192 0.0077185452404480 0.0667198453787879 0.0149131941172596 0.0061040120092226 0.0206034257859025 0.0338080767213439 0.0086855444492753 0.0242464827654809 0.0102390781752306 0.0058955106772068 0.6234274104084310 0.0056652082121212 0.0152668515171278 0.0139711001021080 0.0681906719565217 0.0304237953820817 0.0110712013372858 0.0017555236126482 0.0109790885652174
0.0012888792044060083 0.0223807782477755 0.0076297648884326 0.0191015324010951 0.0152738314038330 0.0219724255400411 0.0109207729383984 0.5646141375770019 0.0106016017987679 0.0173308020999316 0.0220745846351814 0.0084418962847365 0.0640555909719370 0.0083653240369609 0.0574490740383299 0.0279578717002053 0.0269316972210815 0.0183106628747433 0.0135320350595482 0.0043781705537303 0.0586774290308008
0.0012509450457547707 0.0166692702919603 0.7991513709449947 0.0079809414217208 0.0107884418667137 0.0079580582884343 0.0116966117968969 0.0070896918787024 0.0106309797073342 0.0093896255275036 0.0127173168921016 0.0053316757715092 0.0078726687186177 0.0096437966149507 0.0075201451770100 0.0111251857679831 0.0271994593018336 0.0134971074167843 0.0128359107820874 0.0035323904908322 0.0073693489513399
0.0011741945387162198 0.0130940506461307 0.0102072352614576 0.0059282678294516 0.0066674932118707 0.0394992053057851 0.0125049123102930 0.0074330288963185 0.0090064173020286 0.0072237818069121 0.0250941716694213 0.0075459266942149 0.0079394463425996 0.0056651940999249 0.0076778261465064 0.0127060722659654 0.0159839590195342 0.0112024939293764 0.0116653221712997 0.7482966356123213 0.0346585627122464
0.0011644904516193916 0.0135036716530302 0.0064317071500000 0.0045637083893939 0.0083919388333334 0.0040822869265151 0.0088647900386363 0.0169178193674243 0.0065958902530303 0.0823499798310607 0.0127449352250000 0.0050695341651515 0.0101572122477273 0.0038598676128788 0.0221206129727273 0.7542141727272725 0.0138889351765151 0.0111461080000000 0.0077440032280303 0.0025158881003030 0.0048369266356061
0.0009792306070435792 0.0291398627567568 0.0073877848459459 0.0069074925252253 0.0089807570486487 0.0305406175513514 0.0101683641612612 0.0072478402558559 0.0822765266630630 0.0134603977387388 0.1852347194684685 0.4625965684684694 0.0096352604486486 0.0057103783567568 0.0199206890414414 0.0107326153459459 0.0179707251171171 0.0291706866216216 0.0480162015765766 0.0040848028555856 0.0108177206414415
0.0007233955835817433 0.0229656718658538 0.0046940207853658 0.0105268869792683 0.0543513739256098 0.0073123038170731 0.0117442029243903 0.0622993580036585 0.0101894576097561 0.0324309652390244 0.0330181834256097 0.0215485810402439 0.0202701419963415 0.0093224547317073 0.5956044402439027 0.0326008048926829 0.0254057347682927 0.0198842664390244 0.0130775349024391 0.0039261712182927 0.0088274484743903
