# This script is generated automatically.
# Vector of amino acid stationary distributions.
distributions <- [
              [0.06470361124897339, 0.018590224921599598, 0.05666300726103985, 0.06272538757028238, 0.03988413086234127, 0.05635956842030452, 0.029663856618864098, 0.06094890791932531, 0.05914935147829931, 0.09019888764609256, 0.02583164061816918, 0.04640288057584174, 0.04192231103945292, 0.04589661004295914, 0.05381432464242842, 0.06724826771116306, 0.05622382873839156, 0.06861806232863726, 0.017019742422831517, 0.03813540043306588]
            , [0.06688454880291066, 0.015074328882021475, 0.04876592369154315, 0.05954128104445825, 0.038169988895199236, 0.05186832370795989, 0.02641700193717277, 0.058543017400390494, 0.05356444628227882, 0.16300768329044263, 0.03031223558168427, 0.04060204606619931, 0.034772541910063, 0.042907112662170524, 0.050722477459845594, 0.05857312183379186, 0.051956532351583984, 0.06296588415697937, 0.012224946351539628, 0.03312656158851718]
            , [0.07782401993424752, 0.00963310409473418, 0.08874684176407786, 0.09572847156906819, 0.01646718174924132, 0.06345402839215465, 0.03230052371917497, 0.02393925500073075, 0.08337190171911879, 0.041867066787062854, 0.013679192683882253, 0.07113011962852633, 0.03709326963038103, 0.06508267173092061, 0.06189909162582895, 0.09248437279982019, 0.0656661873923795, 0.03439760186748358, 0.006190285694082301, 0.019044808947903877]
            , [0.07138615227005526, 0.012472084954218877, 0.06482702866278724, 0.13444296815509718, 0.0331908321530788, 0.048807674752093064, 0.02583704040318271, 0.054686875899887334, 0.06208728898343326, 0.08321979163945135, 0.02308566470577754, 0.041909470449676384, 0.03325966129820082, 0.04763199851790273, 0.05007553412327059, 0.05813664334481324, 0.053384513410130056, 0.061184005895730684, 0.010032867367341606, 0.030341901915741362]
            , [0.13017468068368765, 0.014420942442386201, 0.05640370761446595, 0.06536011340868926, 0.03263544902376454, 0.059847549365060024, 0.028855980407044034, 0.047860274039363854, 0.043212850817134864, 0.10050003611601974, 0.0224651992809701, 0.03369102587167144, 0.03735721146036196, 0.04829934007799645, 0.06674967279751386, 0.053547405654134426, 0.051988679449149935, 0.06437325627384068, 0.014193935459569804, 0.028062686564499402]
            , [0.06570924144446509, 0.012821404140552575, 0.051573409844798815, 0.06924833241362258, 0.033417160008406006, 0.04910939731781938, 0.026586640147104264, 0.05497511692255397, 0.1282137355646214, 0.07874920368007904, 0.02412369229185982, 0.046899095965140025, 0.03162212105766736, 0.04891074174114589, 0.061252807687743376, 0.05953822877680945, 0.05447944887632116, 0.05965295777303923, 0.010230560854403862, 0.032886705296371846]
            , [0.08194034008097163, 0.012852652945119227, 0.050286546087655044, 0.05793496916522074, 0.03305472218944801, 0.05523019552278132, 0.026107068597969286, 0.048145397658890914, 0.05180837964590965, 0.07648173863697716, 0.02115552356982197, 0.039862821570593135, 0.12681801889981403, 0.04175003196902514, 0.050718426445601185, 0.0654918386536855, 0.055747169909388855, 0.0625236462084699, 0.012052145738448683, 0.03003836948878606]
            , [0.06860127184409169, 0.014182818014055177, 0.05623413320861528, 0.058255688240499745, 0.03712055103917231, 0.13127235062467435, 0.026066037069234774, 0.054712928379099496, 0.053654603321186885, 0.08371295528826134, 0.02207466342595003, 0.04300491235944821, 0.03773936622332119, 0.04037842011061947, 0.051527041246095785, 0.058900846595523124, 0.05175254664497659, 0.0642598951743884, 0.013375047998373246, 0.03317392284292036]
            , [0.07149505406495921, 0.014022495356409231, 0.04976965169867947, 0.058324602148859546, 0.032362702505602275, 0.050949135993063846, 0.025370284619847933, 0.05374810741496602, 0.05355189610644257, 0.07577267685007343, 0.024509150468854213, 0.046191214369080955, 0.03376939410964385, 0.04415427292983859, 0.05030425697879151, 0.07209477494331065, 0.1335926332666403, 0.06875864444644528, 0.011357446930438839, 0.029901609124316386]
            , [0.06368518345589252, 0.01543753464533998, 0.04591142972026034, 0.0584660774387204, 0.03519336273327792, 0.04889331380487469, 0.025406627601509482, 0.07308881612034344, 0.055405245704196096, 0.0780965570641185, 0.025890032129898908, 0.03841446913239164, 0.03416201186303836, 0.039980648201772606, 0.05114242543622766, 0.055630919192632695, 0.06074815836033793, 0.15056254286802365, 0.011825570481166042, 0.032059079868370026]
            , [0.07213209270898054, 0.015567830155348425, 0.04736814762021007, 0.05820133532919071, 0.03369925708906643, 0.05198632104601272, 0.031233087097647563, 0.051510391771711794, 0.05670973571978104, 0.08028607541278292, 0.02262648798416926, 0.03910622003920697, 0.0329399071765054, 0.045994803157271794, 0.1354615856413674, 0.0574631862524042, 0.0570651979671549, 0.06628066581816834, 0.013052808795975736, 0.0313148681520935]
            , [0.14776905610317825, 0.015351530223552894, 0.049465596398740985, 0.05696898676800246, 0.02815974038292645, 0.05669485461845541, 0.02494241706110855, 0.043128487703823166, 0.05179416297251651, 0.0641067761024107, 0.020987208717181037, 0.047105949798863775, 0.038715805436818664, 0.04757697541609092, 0.045712897793336406, 0.10233642878089971, 0.06568608115077541, 0.056726490392292314, 0.009890773019960077, 0.026879780672347586]
            , [0.07014366837057025, 0.019798888477426817, 0.04630687082788904, 0.050739846646379025, 0.03832133614946072, 0.05407570978043147, 0.02725138757919876, 0.05110523937827433, 0.048522002194992295, 0.08279164021494609, 0.02422772274730355, 0.04622038322033896, 0.034276174463944535, 0.03945964482819723, 0.04767147271417566, 0.14819305598613275, 0.06250332242835129, 0.06206206790138673, 0.012004859810939909, 0.03432471292372881]
            , [0.06798313536591043, 0.015120816299310773, 0.04373767435739174, 0.04772517419654613, 0.06651148504452885, 0.04860188057848687, 0.03688291288468984, 0.05049209050491753, 0.04784732243630453, 0.0780077879462557, 0.023813204416479515, 0.04108439055447998, 0.028467979146906193, 0.03638277271741656, 0.045203515458839924, 0.05594215566948041, 0.049651403949508253, 0.060360092227987244, 0.02036478532749943, 0.13581941553473206]
            , [0.07055308294681774, 0.016666285674724578, 0.029610081854165065, 0.03702626094689705, 0.04128193477427281, 0.038865207782357095, 0.021301286595228664, 0.09280220049140041, 0.035631170676864526, 0.16810318167551716, 0.039317095244511296, 0.026906409501387063, 0.02715888011769834, 0.03280065724419432, 0.04011940938392643, 0.04748872939922322, 0.05569305550368551, 0.13755190664975833, 0.011426827029246257, 0.02969633211421098]
            , [0.0737083758340619, 0.006344129888269859, 0.13335216462687732, 0.1666643454422642, 0.010980109048001261, 0.050655304706349824, 0.028548458882539915, 0.017063694669871718, 0.07851905074783434, 0.029375122144957633, 0.0107154312133831, 0.07052417138122877, 0.02853000837042035, 0.06910785323054913, 0.04794284676945085, 0.07928839433362472, 0.05589923448303266, 0.025745994771517178, 0.003650262617976607, 0.01338504178240487]
            , [0.07354253569073843, 0.005164135257649903, 0.07398604585964921, 0.15129187392084872, 0.009805041952590757, 0.03329662934271735, 0.029126289023255814, 0.019120343980334346, 0.1404650823827006, 0.033675621545491814, 0.012575810615993475, 0.05506552021134234, 0.018646927238922927, 0.0914772341713587, 0.09043472054671566, 0.06430366225785392, 0.05495047343941248, 0.027253511454100557, 0.0032048425994940727, 0.012613703170868927]
            , [0.0646332033344294, 0.013861651621588296, 0.048110797338375526, 0.05600644438013814, 0.03696589288309768, 0.05303221957168694, 0.023692737893784947, 0.1501273638112466, 0.05613608017839527, 0.08390090560506411, 0.02920022110983231, 0.04040693885646169, 0.03103487318858931, 0.036735558481585016, 0.04663662283623809, 0.052957375690562296, 0.04990600496547191, 0.08165756014797763, 0.011404928131124628, 0.03359262059026636]
            , [0.0695872852086783, 0.01132726024378934, 0.1562617880009937, 0.060916832177045376, 0.03450831110301427, 0.0549084143582312, 0.026905522566247102, 0.051953852331898004, 0.05413493920420668, 0.07629890830241806, 0.021063022518217935, 0.05175262278817491, 0.03429941401623054, 0.03913020091669427, 0.04550127130755217, 0.055291976134481655, 0.05148486056310035, 0.06056481676051674, 0.01201637523476317, 0.03209233104836039]
            , [0.07098924779227515, 0.015395894712952562, 0.04895900403871079, 0.05391886678216539, 0.11484883801088736, 0.055638278236412354, 0.02830670748034217, 0.05516176101356602, 0.050194379871252075, 0.08294812456061516, 0.02662760901926899, 0.04017844774647888, 0.03409302764624556, 0.03810621975287306, 0.047577019032230196, 0.057857849300095056, 0.05151972649615485, 0.06464400802903307, 0.01719593018275297, 0.04583905627840661]
            , [0.06702915430393791, 0.014059694686503973, 0.03679572384303942, 0.043956059323349936, 0.03913123650767239, 0.04604770832168606, 0.0237467454899242, 0.058437709652431086, 0.03991919018580148, 0.2559673105010162, 0.03900537942475503, 0.03110892066648185, 0.02601858833185431, 0.03845845097430209, 0.04632382469412091, 0.04570305953503419, 0.04416294991772972, 0.06348104352468109, 0.01159060218219634, 0.02905665216028842]
            , [0.057000705285207634, 0.013689258649007769, 0.013946325547761589, 0.019403887060588446, 0.056064387252804125, 0.02305637158278199, 0.013291510127408637, 0.13866791779311693, 0.020177806011082378, 0.2786443171316273, 0.05787256238165077, 0.014798517246380836, 0.015760126061355583, 0.020916378545297726, 0.025039591520506208, 0.029834336153772407, 0.040262542772505065, 0.1259116974518263, 0.010104950277825705, 0.025556807297957965]
            , [0.06660324368219281, 0.012765478662066322, 0.056525879776691566, 0.05294450916235383, 0.036428582192160254, 0.0549838072503354, 0.029819688166570844, 0.05575891367260877, 0.05564529926777842, 0.07460035929748884, 0.022809116754839955, 0.13916439725896132, 0.029767050834483444, 0.04106677469714396, 0.04585694823940961, 0.06165906723020895, 0.05528666834100057, 0.059118533358251894, 0.012103582763848958, 0.03709209823739697]
            , [0.23002916990934064, 0.01752267811327289, 0.044108220515432416, 0.05175913642966283, 0.030864658711418972, 0.05251460348120607, 0.025380516551186724, 0.04420950270968732, 0.04448949690434957, 0.07392318370174178, 0.02330305465223592, 0.03323610872160541, 0.029426701810736478, 0.03970787062340837, 0.04954478126718957, 0.05868588840990121, 0.05236199926657836, 0.058634325200162984, 0.011280046930019355, 0.02901804752164612]
            , [0.06408262263864138, 0.010531487277911734, 0.035831125981549417, 0.06002226667229269, 0.015827429305587608, 0.035053220482230876, 0.04173276554250975, 0.025830083738442193, 0.14541493413355727, 0.0450366455210191, 0.01842314206971382, 0.0492388042404864, 0.022355903546703006, 0.07496565371548392, 0.17785577293217347, 0.06267796635706051, 0.05349411849774611, 0.03501001575112698, 0.007097325196425206, 0.019518714217947326]
            , [0.032663494496091426, 0.009845781609983104, 0.004719547068328625, 0.007828383179833212, 0.06389793576801184, 0.008317026142932539, 0.006876214864821435, 0.15604635004225625, 0.009153153412021928, 0.394211861293049, 0.09069598264842617, 0.006817087975385466, 0.00671665824963032, 0.01133669120378189, 0.010759144409624027, 0.01494611112349481, 0.023637865707796427, 0.11950855316923724, 0.006132532106908906, 0.01588962907669552]
            , [0.018419989042553597, 0.006628654843551216, 0.0026362004943519604, 0.004078164336290845, 0.04586699914103969, 0.003945015670212736, 0.003937419125137093, 0.1655280671243692, 0.0049559349670215, 0.5081209139065594, 0.0761322709993421, 0.004257066875520889, 0.004137137541785435, 0.007035736945821512, 0.0062717845990128765, 0.008607088778789303, 0.014767000684470434, 0.10295306836367629, 0.0032233350609014947, 0.008498154079184066]
            , [0.05992472128659565, 0.014978061011217049, 0.027041359588783, 0.03629581214772856, 0.033733960009534505, 0.03507759675591694, 0.018588199229837357, 0.16868965134043734, 0.0377831093581604, 0.10097225411553563, 0.033022579232753806, 0.026441072846887348, 0.02428511868861466, 0.028920722881660147, 0.037439188392035846, 0.041486614409422376, 0.053101051224901843, 0.18683770521592857, 0.008760169139091419, 0.026621055059786857]
            , [0.07043877695305374, 0.00421696215660888, 0.1325508319108934, 0.2649866801504093, 0.006737170343436544, 0.030818684909981922, 0.02199980159275296, 0.012978107806175858, 0.09047239735186868, 0.022110404633774047, 0.00951069017433908, 0.0511489588206472, 0.018199674039767445, 0.08478545733363718, 0.04727482901777576, 0.055317571415223324, 0.04303534449749313, 0.021924884214448583, 0.002340288342559239, 0.0091524907809937]
            , [0.03942236638437608, 0.009500549502235264, 0.003442291726973107, 0.005513242277889165, 0.05175665922226068, 0.008036495670814492, 0.004671118919172709, 0.2116524622191497, 0.006720729289353598, 0.3176188504436001, 0.06355855111187944, 0.004961468536928151, 0.005642468216499583, 0.007945038847102064, 0.007804208482878015, 0.013109060507316618, 0.026146285188846628, 0.19722587011176423, 0.0040570173599262516, 0.011215263612282481]
            , [0.015585681168537674, 0.006127547579580974, 0.0027266149489525715, 0.003889067586341159, 0.05023215198483627, 0.004112170524250364, 0.0044196602019793835, 0.10218379216344481, 0.005263637898599446, 0.5980521253617322, 0.08915538862403082, 0.004462717214724042, 0.004406293069683952, 0.008191360766755265, 0.006018758215441351, 0.00908766139668949, 0.012369707418798608, 0.06139125025002895, 0.00324855251301077, 0.009075866884361555]
            , [0.06456199835535462, 0.01223401258831711, 0.04917402224501623, 0.0458741764850487, 0.036158184128419105, 0.22189920120537898, 0.023684156860106633, 0.05518232933820122, 0.042262642959086716, 0.07997385848748266, 0.02180546426866018, 0.0405617027497682, 0.03113861025834491, 0.032794797977283255, 0.04265402349559573, 0.04741025609990724, 0.04581915499768198, 0.06396480043231338, 0.011562709391400094, 0.031283900694251285]
            , [0.04878383782396082, 0.012552310225637436, 0.008294143332204053, 0.013102485007684211, 0.053749075574106416, 0.014407083747816928, 0.008700982642996874, 0.23285786913493942, 0.015442316808033804, 0.20498183071370324, 0.05789590737338468, 0.010840640855163668, 0.010550367877983448, 0.013695113655606026, 0.014543967428745926, 0.02357002647793672, 0.043439360430783586, 0.18541145015717797, 0.006319371112585854, 0.020861864144254266]
            , [0.06839993780791614, 0.005149131663143187, 0.2323388339930152, 0.18725943563445865, 0.008507675082304898, 0.05005865460256112, 0.024750371861001163, 0.012483043991618266, 0.05281909493655413, 0.02092742570104779, 0.008413405905238605, 0.07676249778230493, 0.02488959107939465, 0.05315058165774157, 0.03221348822002333, 0.06536274516181606, 0.04268598061466819, 0.020195666077182574, 0.0031273388496158546, 0.010505099062630932]
            , [0.06966317922259833, 0.015859099306875225, 0.010254106758958749, 0.015663574275358826, 0.02566051789144395, 0.016225465163301013, 0.008398933696976765, 0.22576703280028027, 0.01642240362670689, 0.10008164468775534, 0.03744709572872654, 0.013363991709466522, 0.013243077933932548, 0.013913933037235912, 0.015599427638263302, 0.03195873886424646, 0.06506205091397217, 0.2884047594257035, 0.003926110445138338, 0.013084850749620704]
            , [0.02783181700256898, 0.007667154990611858, 0.002600086063685149, 0.0044122525613033425, 0.02406127268531064, 0.004709435286197987, 0.0033004376288766173, 0.37092096718822837, 0.005207857265530254, 0.16098090925035075, 0.04263982431188703, 0.004496623786198091, 0.004036015254110379, 0.004961942355090988, 0.004937740539012192, 0.009726315581270392, 0.02637687670994865, 0.28242588183091943, 0.0020738881555347703, 0.006632688165109708]
            , [0.08472344111490462, 0.00873758919640923, 0.05515933817753708, 0.09395155224746882, 0.014939811263833293, 0.038354117050859435, 0.04116005821991993, 0.024685247249352414, 0.07555277535990114, 0.04574076134918773, 0.0174633707865552, 0.0591340166034848, 0.024039777529550256, 0.1521257978337651, 0.06927817777972693, 0.07492502425005887, 0.0623124819684483, 0.03460549599952914, 0.005352392959265336, 0.01775876666529313]
            , [0.07059802895455612, 0.015841193888156347, 0.0465504644972922, 0.05213293295384979, 0.044385472346362136, 0.04505416427595951, 0.12494919524370113, 0.04009664112550028, 0.05041854598186955, 0.06800226117965623, 0.022271587360489745, 0.050720437904403115, 0.027692639274782195, 0.05070714123616671, 0.05572219467035554, 0.062162366251471625, 0.051590618907464116, 0.05175796890157755, 0.014651256065340233, 0.054694887997409944]
            , [0.05123949347110417, 0.007207016773567214, 0.03014891986290996, 0.06560135427249789, 0.008044012460771355, 0.02601750541499459, 0.03101685967691937, 0.017871201155232518, 0.24412498065601382, 0.030402028274660348, 0.015530639302775453, 0.05163553856061518, 0.015308088526492816, 0.08575164017301455, 0.17779766376306577, 0.05758804269253875, 0.04757400584644958, 0.022892928244623335, 0.003514464495206069, 0.010733613634747043]
            , [0.058436857821866306, 0.01697968802572504, 0.02455790900218415, 0.029551446530518163, 0.11767119614124512, 0.034871602664725214, 0.029286519131052048, 0.06622739495570926, 0.03011322785074619, 0.19046997268535337, 0.04414074585608543, 0.026260815430045003, 0.021882509090037604, 0.028946006795291856, 0.035416549485741994, 0.042467327519718434, 0.04041229060065525, 0.06628427382720542, 0.023695007607086552, 0.07232866549811903]
            , [0.15919791624526708, 0.005421997432405051, 0.07664294818859166, 0.15502860812263364, 0.01204505121131055, 0.03856214972028823, 0.021505901721021136, 0.022166425423720618, 0.07911190657750082, 0.04138706247343338, 0.011811706703065849, 0.039889997855136194, 0.02276812396726515, 0.0795914211982413, 0.06397566881641628, 0.0674858760095273, 0.054120429839990235, 0.033261680287529086, 0.004217102788420711, 0.011808022099792273]
            , [0.05954910400739362, 0.0034925708213801934, 0.23609511164510166, 0.31436714171287705, 0.004553314892914426, 0.03310911699815153, 0.018192993282686393, 0.008120719575847105, 0.04531320779790511, 0.013922671287984967, 0.006313309784226763, 0.05026602823783116, 0.016537859997042513, 0.06266192528157728, 0.024378793663586, 0.04755452099199012, 0.03145906112014792, 0.016203529910536058, 0.0016146665260258833, 0.006294347091065966]
            , [0.0558867491026283, 0.012777133579599503, 0.03024255605469343, 0.03742614035331665, 0.03997366190237798, 0.0376578293694618, 0.01837172531652066, 0.1688159387359201, 0.040705367606508176, 0.19358679249061306, 0.041604830117772246, 0.027031932541927414, 0.019883892684105158, 0.029240763855444274, 0.03664463754067587, 0.038448237468085164, 0.042676475678347925, 0.09085630939674594, 0.008900520633667077, 0.02926849960951191]
            , [0.14569706846425873, 0.01391113117861834, 0.05315513099482192, 0.059540905540540534, 0.01256887515003792, 0.06572334677064916, 0.02249695199797928, 0.019997941186410628, 0.04848391550517809, 0.031052264517555064, 0.014178103150795594, 0.06297587840490024, 0.03275595121280626, 0.05028820238570345, 0.03827280531826219, 0.18215573402374322, 0.09321794751452395, 0.03498031510103567, 0.004614649648749699, 0.013932875062515792]
            , [0.08516804299168267, 0.010260373044529762, 0.037852885970825284, 0.044717283411644305, 0.02627238700959693, 0.045507516989123545, 0.0230062672487524, 0.04679821635700579, 0.04427041182264874, 0.07410084723608446, 0.02039659584261035, 0.029292877468969938, 0.22650648253358885, 0.038461236524632125, 0.0476322545109405, 0.05352163600639796, 0.0503243872040947, 0.06432493741522716, 0.00925987084005118, 0.022325490319641744]
            , [0.07673449229564991, 0.014632132417169251, 0.04211268772680609, 0.047962636343770064, 0.01987346935044268, 0.04301758660887974, 0.023610033090337483, 0.03176458618503801, 0.04986209322584371, 0.042641295130245185, 0.01890434201462852, 0.0573369671949185, 0.026319124961375565, 0.041516854732452195, 0.04204104585782116, 0.17424065972026195, 0.17531143405620458, 0.04536310531759283, 0.006850898252534304, 0.01990456040459384]
            , [0.043446126378822864, 0.010070274327486504, 0.0032313363647263685, 0.005519950303225517, 0.03189524908416857, 0.007453390019275148, 0.0043175628066435025, 0.248151724877923, 0.005919036943343475, 0.21002873027499364, 0.04723054308404012, 0.004811593194936931, 0.00604042315831408, 0.006619583170650201, 0.00682629368869192, 0.012838677303135454, 0.03009940292816753, 0.304467584297096, 0.0030575099257902916, 0.007975006885505023]
            , [0.09802099768016562, 0.007523821616224611, 0.039698050578600076, 0.049361731909432036, 0.01323085431828181, 0.03554606279880976, 0.018550038883296677, 0.022935363124077984, 0.045579194819899076, 0.03917001243627873, 0.011627739264587914, 0.027143990091602975, 0.3379725086039579, 0.037540212531634115, 0.03766188728063137, 0.07567684301591408, 0.0493181796674861, 0.03661342606676155, 0.004847905638763107, 0.011981171086427638]
            , [0.039495121339632476, 0.00891382754126327, 0.0029359272351022897, 0.005182444596945487, 0.017921552443178917, 0.005330765462076011, 0.003090428707351753, 0.31645200064716533, 0.0053204483459745044, 0.11389413842868237, 0.03005264736797825, 0.004474272883122014, 0.00508083093683661, 0.0050416438466217295, 0.005051533462723232, 0.011469323673051916, 0.031720571759254315, 0.380867047890242, 0.0018548375044136634, 0.005850634131892327]
            , [0.0930918225, 0.01254431387227979, 0.07017242887694299, 0.06026776466580311, 0.018460152998056863, 0.16192168369170973, 0.027336184318652854, 0.02305415139637309, 0.05243444904533679, 0.03684429436398972, 0.014056298766450755, 0.07136165494430048, 0.034716257322279793, 0.046085374533678766, 0.046123728693005184, 0.10982187628238357, 0.060490320511658036, 0.032720350344559515, 0.007781419515284963, 0.020715470876554384]
            , [0.05035437616697056, 0.016878604800156287, 0.02292868775983326, 0.025334053834332085, 0.14842858189632702, 0.02998235634930972, 0.049427289121776574, 0.039342467921333626, 0.02760017292107311, 0.07629361391117478, 0.023173430002604845, 0.030110602056525118, 0.016019499408830493, 0.02643894591169576, 0.03148011757345662, 0.04217891520187554, 0.035330078545194106, 0.047511762139880266, 0.037038830472909595, 0.2241476202135967]
            , [0.15842985271802865, 0.020167104680093858, 0.035949497784122014, 0.04198732075153175, 0.03183885081566942, 0.04633882927128147, 0.02162644543827402, 0.06195893007560944, 0.039745034472819706, 0.07425758062051883, 0.02573135254464868, 0.029861737244687773, 0.03341236912045365, 0.03235608876769654, 0.041070604126580625, 0.05391797080302435, 0.06133460131795073, 0.152248596819189, 0.010525404859079652, 0.027241826628601234]
            , [0.0231147469807427, 0.006550540336451154, 0.0021389971986245024, 0.0034191131414720924, 0.03497532765873452, 0.003940137667262866, 0.002794783129216008, 0.32632108569463514, 0.004233831545653571, 0.2777706006877577, 0.054746166537826706, 0.003483777637826778, 0.003489177422242088, 0.0044446282788169825, 0.0044027465025722745, 0.007489891735213174, 0.018494528199449738, 0.208682640563961, 0.0024011502954745523, 0.007106139693947661]
            , [0.07850645830449346, 0.017035978522871895, 0.012351417493566837, 0.01519346540219109, 0.04330647358763606, 0.027619378802539896, 0.01014118972030418, 0.13234878310773074, 0.014392827155037494, 0.2143698805470275, 0.04236635387873289, 0.011538092065308387, 0.01462689897990509, 0.014930998686854574, 0.019251893503209633, 0.028380994217136538, 0.04503363719787891, 0.234362777839799, 0.007320967005470283, 0.01692152709698574]
            , [0.24643234452700738, 0.019501497622034857, 0.0357067074785653, 0.04165455708030868, 0.01858915482752225, 0.0668384804086882, 0.019145427523006582, 0.02734972798728222, 0.03663343959488428, 0.04029329673049433, 0.016801540659188346, 0.03788893105587312, 0.029067103653758225, 0.035792560724778495, 0.03415072821191767, 0.15823229059731359, 0.06525622386253217, 0.04673642095884544, 0.006045270923763927, 0.01788429235853099]
            , [0.04279816172202795, 0.009311114173819933, 0.018309447324009333, 0.03758464586553034, 0.008738472406759908, 0.022464408256264473, 0.03709276649621209, 0.016895637622814833, 0.19877381437937017, 0.03207006896561777, 0.015227470099213308, 0.0374642841002331, 0.012890653420454569, 0.07632829126165498, 0.3102976337412588, 0.04581985099358972, 0.03818540941579256, 0.022315374867424125, 0.005397444814670747, 0.012035052909819315]
            , [0.07065349910150488, 0.012708419029802298, 0.03654860273148423, 0.055749435081144876, 0.029053867137208634, 0.038041079111832465, 0.03482494997064032, 0.051064094085275874, 0.054120789126586015, 0.11054358958394805, 0.03707234663470052, 0.040847117737090585, 0.024922401606816157, 0.138699422100915, 0.056272535978164666, 0.055176621332251444, 0.05642484378872824, 0.060599075098849264, 0.009811515203894956, 0.026865783753172043]
            , [0.07875457847575398, 0.011777551519071571, 0.03797371049379065, 0.055675114392371376, 0.013142141827616912, 0.04312926302483745, 0.033446841080130116, 0.02162292234639284, 0.12144198593435801, 0.0349196035792432, 0.01614911944589, 0.06507669634387943, 0.023657484569633375, 0.06834053806031923, 0.10477759979745699, 0.13620327399467763, 0.08197210438793615, 0.03143745710674152, 0.004779520282554693, 0.01572248542667062]
            , [0.018157887340327472, 0.005829738304017819, 0.0025802086746726308, 0.004237786336279831, 0.03749018902113096, 0.00428487204955362, 0.0032698543633185306, 0.2690977872023814, 0.004863716824107203, 0.402942854761905, 0.06420542061904772, 0.003822317569642887, 0.003403741316964269, 0.005430821066964242, 0.005105346451785869, 0.007021270641815569, 0.01447955890654757, 0.13336845736622022, 0.002704964116666665, 0.007703202038095304]
            , [0.10059048238976676, 0.005085966150188113, 0.09235891412791566, 0.12720249634311515, 0.012268302845748626, 0.04074355579382995, 0.019829804134838234, 0.019546428460797564, 0.0711492268352145, 0.03278353555756182, 0.009876214438374682, 0.0370573591075997, 0.18355902916478567, 0.04663255987659891, 0.042550177814898414, 0.06773087275244545, 0.04539232314221218, 0.029590761060948136, 0.004261522921128647, 0.01179045920662148]
            , [0.15845938907153742, 0.008805948398782341, 0.05428219911248097, 0.08319601732724512, 0.014203501109893463, 0.04821802018569264, 0.03135584635144598, 0.020680806740639428, 0.06422440355098935, 0.05096561573211576, 0.013618677981582875, 0.030752014821917778, 0.02301879504505331, 0.07482956141704725, 0.15325654610350012, 0.06050268067427699, 0.0540348390350076, 0.03506032707762556, 0.006971986298843226, 0.013562834315372866]
            , [0.053507613058424434, 0.006913718121658691, 0.1726274591336515, 0.0829798215028519, 0.012205104305071702, 0.06664853427624479, 0.03692860944026509, 0.015735283149375723, 0.06455665244951439, 0.023483743756744224, 0.009120361508863858, 0.17411309304763334, 0.018686975993063036, 0.046423767891166964, 0.037544880441190046, 0.08313071470016961, 0.050541762128873104, 0.021615711718822178, 0.004642857821242505, 0.0185933307051025]
            , [0.07268546112982999, 0.012820138483075741, 0.06503869111128288, 0.05177712300154561, 0.014983618601545536, 0.06051807830448221, 0.04067182882967542, 0.020070447620556507, 0.05609282930200929, 0.030697433384853257, 0.013448781596136042, 0.15530176143740398, 0.02079350697635233, 0.05661526735703254, 0.04454528820865534, 0.1518160282225655, 0.07842310179752711, 0.027607027384853475, 0.005210847089335395, 0.020882743849922742]
            , [0.03399300814604982, 0.00684853651558073, 0.015439064619452304, 0.03697405922851747, 0.006319035550676838, 0.01899794399181625, 0.02659911728139754, 0.014690581783600797, 0.317672490084985, 0.026017953677998126, 0.013930587392351312, 0.037237301240163674, 0.009832357249606585, 0.07026303692319795, 0.26017693500157313, 0.04099930100409189, 0.03392747034938613, 0.018735535449952517, 0.003145204324331125, 0.008200469912653437]
            , [0.019212200682462793, 0.005626239191183083, 0.0016046469503547336, 0.0026757205625402847, 0.010575660115731796, 0.002606436769825811, 0.001756466915764053, 0.4211846244358478, 0.0030029149846872993, 0.07000993515844611, 0.017611950556898754, 0.002759430782398528, 0.0026088670628949956, 0.0026004112857833384, 0.0027636036755319254, 0.0054596631073502155, 0.017219863495003193, 0.40675505641521587, 0.0009084902055931689, 0.00305782491763381]
            , [0.06329679682596057, 0.017183296636422343, 0.0333809959032935, 0.045124028458185333, 0.02819635267581533, 0.04094304123490472, 0.020550227508556673, 0.08486112347271549, 0.04305455014239584, 0.0713542242508879, 0.02342894661947046, 0.028242980663706826, 0.026491019435905736, 0.031232218753794, 0.041503413664836966, 0.041411851055860496, 0.053714372833387154, 0.2705825986438484, 0.008725918283177266, 0.026722050455925114]
            , [0.16302652777321275, 0.006448076961479081, 0.14142299511914558, 0.10500052387181594, 0.01289551221018903, 0.07235611236976175, 0.026464423925554637, 0.01779432121857029, 0.04097360035168449, 0.03691361377814306, 0.010136086439112499, 0.042528624121610514, 0.04035687761446179, 0.055474102338537404, 0.0611200482251438, 0.06945133848972884, 0.05011296994412486, 0.029901532621857026, 0.0056157605196713225, 0.012006956753492254]
            , [0.21771876281523006, 0.03019853160178009, 0.019135826558760435, 0.021460577690951117, 0.011982022910169789, 0.06013191773034449, 0.01221991969012695, 0.020966789958793752, 0.019537964535849724, 0.02586555761002142, 0.014335074267512791, 0.03755971997329817, 0.02390782440876873, 0.022096112899456018, 0.018094034231251055, 0.2669564829404987, 0.12160897216251859, 0.04342649183616275, 0.003060403346958938, 0.009737012141420785]
            , [0.20074000166168154, 0.018997076909438346, 0.03695470292223328, 0.03881187797540715, 0.02966858099036225, 0.16833546322698556, 0.020430904700897312, 0.037481009767696874, 0.0346558894340312, 0.060670400116317615, 0.020367708859089395, 0.03147104600731135, 0.030206679572449338, 0.030191455978065794, 0.037653626185111304, 0.0697561024592888, 0.048649542352941125, 0.05158984901628455, 0.009760988057660352, 0.023607103573944858]
            , [0.06725411106496096, 0.018874174359362037, 0.02860636589832199, 0.030753140505399658, 0.2040179303871078, 0.04041937577006145, 0.0346495771581658, 0.04519224494268148, 0.029113047547266978, 0.07818355888021258, 0.029257464879548084, 0.03128242413972423, 0.021654302909287264, 0.027260456703771384, 0.03315895753248048, 0.05262110473500582, 0.04313168932713076, 0.055141615726864934, 0.030887531822561883, 0.09854093113806275]
            , [0.07171515389731616, 0.008459135912318737, 0.06160618172095349, 0.2246219258209706, 0.02301920574762467, 0.037792703105517605, 0.02262043429404901, 0.04476650108184696, 0.06082260149191533, 0.06282542602267036, 0.020165208125854307, 0.031872681020170004, 0.024858016078513068, 0.054913937261210174, 0.04815670522087014, 0.048579020535089196, 0.057659262868811456, 0.06565719417069513, 0.0071815756116185925, 0.022707124917486235]
            , [0.3570077724991638, 0.03453005996186012, 0.013619127972900567, 0.017453290430746116, 0.010270148218635072, 0.06735610354633656, 0.008357176788056236, 0.019510410603379318, 0.014554694021746403, 0.022376131895282758, 0.012167452409668812, 0.020346162122616297, 0.018907557163599875, 0.01555880284058216, 0.01349983744596861, 0.21339735480093697, 0.08242801855302775, 0.04819592091000333, 0.002519286141719654, 0.007944697721311511]
            , [0.027899957366248035, 0.014881727607259592, 0.009686126225529022, 0.01164793359349741, 0.320086434543265, 0.011721698673490391, 0.03502179650438672, 0.03826194662308614, 0.012747873802683655, 0.09493398850163427, 0.025632280954756583, 0.016595089222432555, 0.008717223575434405, 0.014755901935661467, 0.015328056935145336, 0.025881844875279544, 0.02071655384311022, 0.03849821482195081, 0.03485783709822808, 0.22212750865301883]
            , [0.11571933576565732, 0.006879384243048875, 0.0241127849483826, 0.031669718583964265, 0.009255241559187992, 0.026881357378527225, 0.013464367637646264, 0.01738899641896094, 0.02753700614865793, 0.03106636103234657, 0.008869804938747422, 0.018380454272195357, 0.46198462061252726, 0.026073443371472785, 0.02463255446128705, 0.07432659121472818, 0.03969265439091536, 0.030830983435994594, 0.003243396831899524, 0.007990943774776403]
            , [0.0575840517858382, 0.010372209653939604, 0.03316659817736897, 0.054225628199930584, 0.022851044123568223, 0.03292237850468602, 0.025663727689170423, 0.05182141495626521, 0.21774364612981578, 0.07201135494793481, 0.027443273791391876, 0.03631890640229088, 0.023730020052238805, 0.05491348293995135, 0.08725242935439079, 0.04590616896216598, 0.052361598110031236, 0.06361929503471019, 0.007063753162964248, 0.023029012346233925]
            , [0.16823250714534066, 0.029587272795201666, 0.01798635392750346, 0.024337881422635613, 0.021234044395862305, 0.03793411142732958, 0.013542089743045884, 0.06086697596314326, 0.022266594177677207, 0.05986203762343536, 0.0309521132840751, 0.029192371247044487, 0.023634372803198894, 0.02362607780737136, 0.022347486809283824, 0.12961678546592495, 0.15399521707232275, 0.11131790969923509, 0.005132453314325441, 0.014335346046940131]
            , [0.027487942265802576, 0.006533553439187545, 0.001511599199089407, 0.002671076315531165, 0.008880115237961936, 0.002633272695674857, 0.001656776638241958, 0.31133660287165127, 0.0026219442134476217, 0.06245991578882849, 0.016177068302574003, 0.0026070653957275813, 0.0025247533914551645, 0.002567019940465813, 0.0026446256179302463, 0.006030727213272885, 0.018850874323586092, 0.5172404412537195, 0.0007745514831553144, 0.0027900654944844824]
            , [0.04613483650591612, 0.014874257186626034, 0.013476841133560402, 0.016971626686446764, 0.13774882474005024, 0.021745506014162905, 0.019268356650591602, 0.15277411456256718, 0.01812062937414851, 0.1484795269415562, 0.04374077067049123, 0.016917149229114335, 0.013443572451416235, 0.015438180610971765, 0.018513384365005294, 0.027058926929006986, 0.03603721553065617, 0.1383394843492291, 0.020513169577805662, 0.08040362389458577]
            , [0.17508197471326153, 0.03008563501362007, 0.009145230454175653, 0.012973022486021592, 0.027680842627777785, 0.030843101939068085, 0.007786648045878069, 0.12907736999462374, 0.01226950152598559, 0.09534807072580645, 0.036691023062724044, 0.012652714012544763, 0.01538736259713256, 0.012512433963620197, 0.013419241485125417, 0.05696795078315414, 0.0779575150465949, 0.22822992641577122, 0.004567645032437293, 0.011322799307706032]
            , [0.06556594436235542, 0.014367933650108385, 0.04261565473338148, 0.04959141986632946, 0.024618041820267327, 0.04085437713872836, 0.023129073251083817, 0.045128641325867046, 0.04195019837789016, 0.06045354901553476, 0.0249309714017341, 0.0409484755599711, 0.024622534261560705, 0.037661799934971096, 0.04554504531611272, 0.0760372321748555, 0.2467845162572249, 0.06257325096820807, 0.009017461860910396, 0.023603880908236993]
            , [0.054054423637518126, 0.013317751138425255, 0.02127371095791006, 0.024114620288461563, 0.04576264997133527, 0.02764191887481869, 0.017509332254354144, 0.06581836043541367, 0.025646013027576145, 0.39065261139332336, 0.05143982896444113, 0.02116278632002902, 0.01659556942978955, 0.026391994277939045, 0.0319669193124093, 0.03082033019593612, 0.033141861819666135, 0.06459137321298987, 0.011556766341618287, 0.026541183466799713]
            , [0.3560283229927011, 0.024731096335036496, 0.027570006715693467, 0.032383982335401615, 0.02288505448047449, 0.0712696950875912, 0.017657696311131392, 0.0352040260127737, 0.030592093571350426, 0.05795491874817509, 0.020253008293065686, 0.02329360048649632, 0.02071628609945257, 0.025448332265145972, 0.03228971141204381, 0.07351589589781023, 0.0470653084562044, 0.05420157959854009, 0.007118315826916048, 0.019821064070255502]
            , [0.037901564784120025, 0.01337712894434687, 0.006496521412184431, 0.008496582664288349, 0.16349720925722705, 0.014011086128796257, 0.010995034309732912, 0.12290302278814505, 0.009158078226125022, 0.302151844310282, 0.06440189877607037, 0.009201230049762192, 0.008260100298399194, 0.010958660111233101, 0.011556494545554477, 0.020759672932308786, 0.02519755432308811, 0.09558340462495435, 0.01580706279290158, 0.04928584568551045]
            , [0.05422489074101256, 0.006730772236683766, 0.3147681318782094, 0.08734912513756421, 0.011042317483492263, 0.05416821608950845, 0.029996010893433622, 0.01515438134391072, 0.040973980238444646, 0.023509168569148906, 0.008563839028429911, 0.11765371971570047, 0.02095386187894349, 0.034604729442773305, 0.02852764415242116, 0.06897519693140132, 0.04320244710198089, 0.02125680061445328, 0.004409317648202498, 0.013935442371973666]
            , [0.09043317669728142, 0.024875814664401162, 0.03973225457218956, 0.03529624703030859, 0.021634011401175622, 0.05528055457751656, 0.024105293904849376, 0.024323699233284243, 0.039224478552534886, 0.03807696582476123, 0.016052152286553996, 0.06350844278471712, 0.027371408947465124, 0.033698917975753126, 0.036958571833210864, 0.2797093378030864, 0.09026526370867004, 0.033344627882071855, 0.006594611201487855, 0.019514156513776658]
            , [0.0587819634659512, 0.005036572215951177, 0.015987930718097648, 0.010797260693560323, 0.002934114063286475, 0.785120910066616, 0.004533090335122083, 0.003926286521095307, 0.009463346671354643, 0.005589645486306444, 0.0029288610705033094, 0.018056956039785382, 0.004607479964840844, 0.006489353909141342, 0.00971545710603254, 0.03493646994078459, 0.009839740189674276, 0.007233536670244081, 0.0014534936415063152, 0.0025675301215765667]
            , [0.050414658844711226, 0.007578411799887472, 0.05466178256376593, 0.03483584030382596, 0.011615345558889777, 0.5106171322205546, 0.016018570879407376, 0.01535308255363857, 0.034809811089647404, 0.023553592566016787, 0.00910863154388598, 0.05861271204182298, 0.013637028662603155, 0.02407299982558133, 0.02976002123987249, 0.047154155001875475, 0.022989906265941343, 0.019369097524380784, 0.0045367257004125935, 0.01130049410671416]
            , [0.06599951769041303, 0.015534245123683208, 0.006217586303145173, 0.009357514633004896, 0.01800057839996211, 0.010508664734369288, 0.004913508500947308, 0.20216471105153513, 0.008389148746873784, 0.0908522516635089, 0.02772015761254263, 0.007176473110837384, 0.008075598988442529, 0.007519722302576727, 0.009050429845396071, 0.01905156785903766, 0.04545481162940506, 0.43391250227358896, 0.0022748818916824686, 0.00782611831640772]
            , [0.19130655516781078, 0.02604563557013729, 0.017196590736269973, 0.021075639096109912, 0.041909312435545375, 0.05050064525553012, 0.013432508750572038, 0.07468706423531654, 0.019163814321567496, 0.19165080825705566, 0.044267625722730776, 0.016976091629481202, 0.015910540610983962, 0.020250032555682702, 0.02575732521885967, 0.04860983287757442, 0.05199615395118231, 0.0987774345385202, 0.010266323789454614, 0.020220067004958]
            , [0.3033627297087377, 0.04233223904640773, 0.011361323510330215, 0.015489286781359246, 0.018261641889708725, 0.04476115290291269, 0.008802953965631036, 0.060891134788349524, 0.013448977472427112, 0.055442553650485435, 0.02424825366019417, 0.01390078101708736, 0.015551951833203959, 0.013678258639805794, 0.014812839430485343, 0.08400330021747568, 0.08820330351844671, 0.1562218771067961, 0.004090964869320379, 0.011134469061553472]
            , [0.481663794088862, 0.0327632973243296, 0.011839116539635881, 0.016108617413192423, 0.009687720432570011, 0.04972935428361713, 0.007033996567430062, 0.02825346570346432, 0.012667297093951958, 0.028413009128596706, 0.012585551246819355, 0.01172792123487965, 0.014937871939127087, 0.010880959068898036, 0.011895434121354374, 0.09291275162673719, 0.0710553757623801, 0.0862474087159914, 0.0025165637594440834, 0.007080495444901101]
            , [0.024895920587889614, 0.01349739381873408, 0.01036301480756422, 0.011545091730942425, 0.24631645169508157, 0.011291946920830735, 0.05655989125240051, 0.025144657628845678, 0.013149705247501565, 0.060755889427787604, 0.017043076082892385, 0.01849303862669022, 0.008320553192631811, 0.015310834045071504, 0.016711434377033055, 0.02472179009210275, 0.019322973446992173, 0.027853306594160125, 0.039801273492455505, 0.3389017530864199]
            , [0.0463281730819404, 0.006351799748675084, 0.07353459589686107, 0.07322076933346924, 0.012342018485324104, 0.04772472961068083, 0.037612289633102335, 0.01947387588401952, 0.1715641026498169, 0.028594690085609276, 0.011153068572971865, 0.14364353927843468, 0.01574164309315114, 0.06742287020587034, 0.07445895139828797, 0.07633233407460255, 0.051223049918467184, 0.021289269894618636, 0.0038910882484712653, 0.01809714513147167]
            , [0.05309229913707681, 0.010893210492568133, 0.04464381959248554, 0.04016773543662259, 0.02693706037778698, 0.3490711341866223, 0.019747839518786132, 0.04635143832989268, 0.0405523715827828, 0.06231429546242766, 0.017796168159372426, 0.039869866501857976, 0.02325300854830717, 0.030361632923203957, 0.037893914279933945, 0.04028530365400504, 0.034286292452518595, 0.04982055188480597, 0.010236883233691164, 0.022425175295210608]
            , [0.13513441344520397, 0.014802945769422001, 0.0488088734754506, 0.0425612429676818, 0.01669502288460747, 0.28593324694427213, 0.020022413195566593, 0.019943945560803852, 0.03546656796933911, 0.0325023792977006, 0.012811421005593526, 0.046956527232649675, 0.029998458620261046, 0.031426531103791185, 0.036538736886264744, 0.08947118630205102, 0.04643945590843175, 0.03175405006215029, 0.00711264140356329, 0.015619941997514004]
            , [0.06307020412671942, 0.003721885088849526, 0.11385280162859504, 0.4132182867861607, 0.005652736772196784, 0.026500056533972458, 0.015986982823259666, 0.011712510288453652, 0.05842445129783243, 0.018515899535639757, 0.008340720782200911, 0.029965157775114652, 0.01171544003459777, 0.08951865599937467, 0.03007528081408922, 0.037264478176531945, 0.030872638628595243, 0.022465651998957906, 0.0021100433552313468, 0.007016124789704061]
            , [0.1125069285908142, 0.011591134779958252, 0.0355354217242171, 0.03854667642818374, 0.013109254800417407, 0.043754311505219204, 0.021048375436951993, 0.020495458352818463, 0.03788958882860123, 0.03590318805845506, 0.012103003391231748, 0.03901208899373694, 0.2010607991649273, 0.0397126446868476, 0.03375294625720251, 0.16935702137787062, 0.08439983920041745, 0.03319985139665971, 0.004414448071628404, 0.01260700554926936]
            , [0.06574564637450209, 0.007702444400503253, 0.03519326855001049, 0.02141231097546658, 0.0051408311864122105, 0.6550820211784452, 0.008966124956594674, 0.006780859337387278, 0.018677533864961217, 0.010851629075487243, 0.0047946405365905664, 0.0366683728077165, 0.008258104697840236, 0.013284956786118615, 0.016816877054518904, 0.049369506833717734, 0.0163082796405956, 0.01158089096896639, 0.00221562156378694, 0.005150077622772049]
            , [0.015293619479647524, 0.004831441956315552, 0.0015042266391943684, 0.0026899385984054877, 0.013648943932018476, 0.002448236733529126, 0.0017045098206461447, 0.5027050694502714, 0.003011956199958171, 0.09234117426772977, 0.024721620036508598, 0.002768509605329504, 0.002212352608896427, 0.002607085695551778, 0.002720231400126019, 0.0054730232878724, 0.016490271332773705, 0.29827164267729767, 0.0009460562012588974, 0.003610097333822896]
            , [0.023679879401600643, 0.002032957854635569, 0.00508875032090151, 0.003525406103877138, 0.0011906139425411702, 0.9166611165191744, 0.0019223940794352856, 0.001493030540665824, 0.003200245393173269, 0.002377781549725913, 0.0012564801375895378, 0.006275285340918514, 0.0017269831978718175, 0.0024937745865992803, 0.003825953249473102, 0.015215827329962378, 0.0037148527865572684, 0.0026636510132747315, 0.0006334024612305519, 0.0010215995979352965]
            , [0.012335223698961256, 0.009020219715984748, 0.003960016338138632, 0.00473323766949324, 0.3848484647021417, 0.004695265184863344, 0.02991542979245285, 0.01584421479860055, 0.00526496784863259, 0.045760900519398115, 0.012022799561585768, 0.008575601336018764, 0.003363517706593166, 0.0066747646979011255, 0.006805813722281159, 0.01293883154716964, 0.0092735720752598, 0.016605450081195662, 0.02587688832054272, 0.3814848202247179]
            , [0.007926330744875712, 0.0037848579808111432, 0.0014831663770170367, 0.002195811415394662, 0.039512161693196685, 0.0020824352025729867, 0.0026741854007850084, 0.06909512370388138, 0.002920094801569989, 0.7279415366332309, 0.06743291329720877, 0.002145239580898503, 0.0027810770497166473, 0.004452893583297007, 0.0034295321016138344, 0.005822325194286909, 0.006955353224378444, 0.04018782052333184, 0.002111495456149186, 0.005065652043393022]
            , [0.06343952514510143, 0.016862302135282572, 0.026397860674885393, 0.041334116500109125, 0.01786669348745357, 0.034733779129391205, 0.05352431344534156, 0.02678817345079642, 0.07813665384900717, 0.05096052852280162, 0.017990800995417854, 0.03505886084966179, 0.021332941467597656, 0.06705627087060881, 0.2817414267946763, 0.05197570610735328, 0.046345185254200304, 0.036144656827405586, 0.010435184654811257, 0.021875023200087287]
            , [0.09314685280829471, 0.019197685851312603, 0.02804593463909115, 0.021340780055592402, 0.00981889909287454, 0.04006376319744094, 0.013674818312375913, 0.017136796135010048, 0.024113687135451152, 0.020268753271564244, 0.012026671709463945, 0.058478145837193844, 0.020786632278844044, 0.021058505769027177, 0.021588778939995546, 0.31111781314802534, 0.22795633598058607, 0.02805019195234946, 0.003093251705713648, 0.009035710198323423]
            , [0.050501190968528405, 0.012404803844636523, 0.0707541050999557, 0.03928052168882978, 0.018284861163563784, 0.051130298820922, 0.06537435342597511, 0.020216565267508917, 0.05515266634973404, 0.02953443939494682, 0.01381966341999116, 0.29002674202127665, 0.014392176806294357, 0.04229186185283688, 0.0423968998585993, 0.08275728025044324, 0.045872116263297846, 0.024502742806737525, 0.0053258621308954, 0.025980852951906018]
            , [0.07341674462377565, 0.007968900661375778, 0.1722830597506677, 0.08196805343944799, 0.011671967486420229, 0.0587807296571683, 0.02383502289959929, 0.0165941726725288, 0.044615875549866416, 0.025759110604853197, 0.009695291931433668, 0.08947188065894932, 0.029842806145592156, 0.039506623610418526, 0.03183273179096171, 0.15384591858860186, 0.08546976523152264, 0.024202269227515727, 0.004636102632680333, 0.014602969524933253]
            , [0.048194442527889306, 0.008179841037572525, 0.028991163614680928, 0.07980364765729586, 0.008480857885765199, 0.021775139674252743, 0.05057384591677822, 0.01745974051405636, 0.15686399505577858, 0.039306661519411014, 0.016542078771084295, 0.04154937760821062, 0.013254391854306057, 0.18798329161088828, 0.15534917644578297, 0.044907189433288655, 0.039856909788041066, 0.02390551562851423, 0.004380643380856766, 0.012642090466309725]
            , [0.020646770467247846, 0.005903076913928015, 0.007621579676503537, 0.018120237601162548, 0.004482105150905462, 0.012960290202772208, 0.021821917759669126, 0.009930026122512751, 0.31761995506371543, 0.01835918624033092, 0.009726767898725692, 0.024544706311200554, 0.007035781764587561, 0.047440131352559776, 0.403431390342052, 0.027388159982114843, 0.021783230216856825, 0.011892392411580827, 0.002919256577666009, 0.006373049219762998]
            , [0.011603943939346467, 0.009206974911280228, 0.003988434127126149, 0.0048363299203222215, 0.2787780087287383, 0.0047087142461952405, 0.03769372646799464, 0.012268518340644484, 0.005555505247762056, 0.03048776679946283, 0.008210464679722456, 0.009755815773500445, 0.0032152545919874043, 0.006894435891002616, 0.007217896376007081, 0.012442399099820978, 0.008990887636750051, 0.013813472970680307, 0.023319971015219303, 0.5070114926141456]
            , [0.043403076355855816, 0.003914544966216177, 0.3807350876126124, 0.20468011957207224, 0.004902780874774769, 0.03709240335585585, 0.018433787350450453, 0.007082556763288304, 0.03310699148896393, 0.011557514456531776, 0.005593542445945919, 0.08222161717297294, 0.01407459128626129, 0.03821823609932432, 0.018175098437612655, 0.04792984179729731, 0.027908696103603546, 0.0123466571038289, 0.0017216183361486361, 0.006901240733333272]
            , [0.045101914642285655, 0.014566537812800002, 0.03956108168137145, 0.03979176347428572, 0.028331405280685708, 0.027837654373257165, 0.2175869274057144, 0.01975381953714287, 0.052886816603428574, 0.03819662359314302, 0.015468391453714293, 0.09790547532800009, 0.0154802302139429, 0.0872308021280001, 0.07265736524571428, 0.05878447489371425, 0.03884300662400005, 0.025689093405714167, 0.008306211014857144, 0.056020403837714325]
            , [0.05947879489173458, 0.012918181454016301, 0.022339581723632068, 0.04217913408847496, 0.027157488220954554, 0.02401159596786972, 0.029293565088474978, 0.05473544168800927, 0.09699287910128057, 0.17261381881257298, 0.0427714218975553, 0.026854054731082655, 0.01461367615064027, 0.05926807448428406, 0.14585805236321325, 0.03627472714784637, 0.04174657735739233, 0.055164420386495924, 0.009927153682654248, 0.025801368539231657]
            , [0.03371113504686039, 0.015771988106138713, 0.008944023515463764, 0.0110415739540769, 0.2518766890815374, 0.013509259067947553, 0.023139480216729152, 0.07101467356841613, 0.012451134355201489, 0.19489844053420807, 0.05103901349109653, 0.013474123984301818, 0.009077263816307364, 0.014496934272961563, 0.014390300936738529, 0.02475303801312085, 0.023192544683692647, 0.0620165935613871, 0.027699651582942804, 0.12350213776710381]
            , [0.09106988743830788, 0.018339920585428906, 0.0262733249527615, 0.02659452679811984, 0.011637670675675664, 0.029505432484136382, 0.013644206314688614, 0.02862024628155114, 0.03029763025287896, 0.029112848752056553, 0.017681539043478273, 0.04371053424817861, 0.018795996685076373, 0.02309207230975324, 0.024626984227262057, 0.20318792770857813, 0.30448487168037597, 0.04486888634312566, 0.004039796694712103, 0.01041569845076381]
            , [0.06580398370193456, 0.01602832631191784, 0.017203625476474776, 0.02726261039431571, 0.02372430873298305, 0.0207871194530689, 0.015405745200859813, 0.14637178574158116, 0.032770572147838545, 0.08508354877955578, 0.043311252247671336, 0.02899232099761167, 0.016081894898017736, 0.02731266650394077, 0.029864281780749874, 0.06606455048483402, 0.17216211129687142, 0.14306828051827078, 0.005324602443276793, 0.017376407381657497]
            , [0.5939002880394577, 0.022110114019235527, 0.0047222039410603975, 0.006595916445129489, 0.004544397364488334, 0.0584413597916153, 0.0033705883173859447, 0.010006189315906133, 0.005334634233785475, 0.010326005010357478, 0.005945496618988938, 0.006818537443403189, 0.008477478399013569, 0.005738585290012373, 0.005775606436498125, 0.16736159210850776, 0.0429568982836005, 0.03297085327250317, 0.0012241332353884159, 0.0033791136951912236]
            , [0.17596654118673638, 0.003296651098778384, 0.1152415235499876, 0.2582581363749689, 0.007695422359012681, 0.03607010203440537, 0.01583795581226625, 0.013396826907255098, 0.05357678818947893, 0.023841831797805788, 0.007156860656694072, 0.02956657480752929, 0.02669740439217153, 0.06361735366068313, 0.03856942337571676, 0.05709326763151333, 0.04033260763899279, 0.02361466355996005, 0.0030408814960857676, 0.00712918494564941]
            , [0.020029468602258627, 0.004143346882057716, 0.007611082431367655, 0.020657437967377644, 0.0035032231741530875, 0.011484635298619941, 0.015398489366624824, 0.009239162671267134, 0.452448781932245, 0.015062612813550647, 0.00988530244341277, 0.026420613038644916, 0.006421251881806814, 0.044301874649435365, 0.28825201179422827, 0.025443503174403942, 0.022356366855708992, 0.010879360892848466, 0.0020659802123713933, 0.0043954892107904465]
            , [0.47539976622065105, 0.02394777089022972, 0.006330468705629914, 0.008003625560464377, 0.0050363714382732, 0.06343260496718, 0.004141036000504892, 0.008852736112093022, 0.006534124410502468, 0.010292831145417708, 0.006187150205503599, 0.010411227994193313, 0.009168315578136778, 0.00751436427896994, 0.006588085023731392, 0.2669293577379447, 0.05001349952284776, 0.02594251076243366, 0.0012828669399394203, 0.0039912861714212836]
            , [0.08854497543032787, 0.005475614856787931, 0.014026895845286852, 0.01985908815061483, 0.006563878050973318, 0.017509328258452903, 0.01009467453022545, 0.012315054664190465, 0.017614303909836045, 0.023721341175717225, 0.006658968733606493, 0.01204710279149595, 0.6098700681352441, 0.01884739253355528, 0.01642826741649594, 0.06024524109375, 0.02960025326075818, 0.022340946209016346, 0.002451284830174162, 0.00578532394313527]
            , [0.054864890015503855, 0.006994745214470294, 0.17116677754521922, 0.08481476560723525, 0.012096339584754572, 0.2056051312661499, 0.025837135695348838, 0.016099321817829422, 0.048354481085271316, 0.025711819708010092, 0.008938543379586564, 0.10224240437002598, 0.021554654133850076, 0.03841805111627907, 0.034725216496124034, 0.06601008733850129, 0.03612588252454779, 0.021862230060206732, 0.004969621236434113, 0.013607910089147347]
            , [0.049075876240601495, 0.011865164956961362, 0.027511972545760998, 0.031068221902255673, 0.0327575637282862, 0.03811387543686803, 0.017388001465646896, 0.3066037627689917, 0.03298851782758615, 0.08572078041223746, 0.033278061355976135, 0.025719304420274834, 0.018076179263157906, 0.021747474891107118, 0.03152337981254863, 0.03394311309307752, 0.044466439854809435, 0.12743228703396423, 0.0073140091485610435, 0.023406002587762504]
            , [0.1827990592872012, 0.004654345961056183, 0.04914171188111342, 0.07876513533298643, 0.012804822442247676, 0.03769870342091568, 0.017057398999219545, 0.022545882402965622, 0.19345181659729452, 0.03782826454604589, 0.013618089558792937, 0.03862603540582725, 0.02533560969224767, 0.06745169712799164, 0.05726138980489075, 0.06216753168314257, 0.04710806034079085, 0.03501899899843915, 0.00424335678043703, 0.012422083720343466]
            , [0.02075248481770832, 0.00907856903802082, 0.0036636425001042514, 0.0050469981388021196, 0.1553144899999998, 0.006438687621614474, 0.007409629476041662, 0.08299948294791665, 0.006032171302604257, 0.47303936354166676, 0.08282620323177094, 0.005431084184114553, 0.0053193431192708925, 0.008911532435677095, 0.007366797235937507, 0.012487613328125154, 0.014730396973958282, 0.05490816511458335, 0.009108855320833331, 0.02913448492760417]
            , [0.1352810819936288, 0.013820449881337937, 0.03543266586142821, 0.028216120886116275, 0.00967394935147331, 0.42374919750464557, 0.013404807401114943, 0.011672574823466855, 0.023727669436952526, 0.018476068935492168, 0.00871315871329971, 0.03859285398725776, 0.017692416511547637, 0.020362070172020165, 0.02451635501327316, 0.10689251208123174, 0.034714977021502495, 0.021673160597292213, 0.00421499395885319, 0.009172924981948525]
            , [0.28673664721556047, 0.004076969936983773, 0.07204991835864645, 0.13332284393818267, 0.009743761235811277, 0.042615946594990683, 0.017177030017585946, 0.01630103885904611, 0.06427775527311484, 0.032105432336797246, 0.008971689351185714, 0.02726672514122036, 0.01939989664774844, 0.06681749436184391, 0.06504215718358647, 0.054741841041833196, 0.039963529960031954, 0.026673565243804903, 0.004227867224966693, 0.008487879449240576]
            , [0.03664413336353962, 0.002043532184141805, 0.25603751599147084, 0.4698882174840093, 0.002704916078624685, 0.018914532474413694, 0.009848967683901916, 0.005097222695096187, 0.02786564491471224, 0.009105892000799726, 0.004239968246801711, 0.028042482570362477, 0.007858477143123752, 0.049736726412313415, 0.011755460209754744, 0.02634765693763324, 0.017692852324093643, 0.011423713995469043, 0.0008106143348347548, 0.003941474644456329]
            , [0.04940860250535911, 0.005000667962031094, 0.024807648748392204, 0.05694285341559485, 0.0071412495144694416, 0.023278590260182246, 0.020182803579046088, 0.01705637152867103, 0.3818881492497328, 0.025733137668810344, 0.01431891735878886, 0.04970821219185423, 0.013718630385048263, 0.07254160433869238, 0.11784463922561611, 0.04348065271650586, 0.04323001522775989, 0.022493087446409453, 0.0028636724357717063, 0.00836049101205788]
            , [0.050437220461040766, 0.014313478837961715, 0.013516641058506411, 0.02038125867942838, 0.04810811767053116, 0.018905280815314077, 0.01610239063709894, 0.07757760500674037, 0.02688570948476678, 0.26976052601779477, 0.16978055432731173, 0.01926434988514424, 0.011040322766244285, 0.03563373919412241, 0.02855694893556216, 0.03596969840118629, 0.044814399207333516, 0.0661237710595848, 0.009671001946616334, 0.02315697988568345]
            , [0.24710802426390344, 0.010113808178326054, 0.030820789326063264, 0.04036498513685937, 0.012269260239367495, 0.04470333744274807, 0.013845165482006557, 0.0229630579255726, 0.029063471330697928, 0.0332847611125954, 0.011602617037077472, 0.020814320626499513, 0.23092012922573624, 0.027077107205561578, 0.029112618419302072, 0.0830606491821156, 0.050170884370229006, 0.04754431593238821, 0.004941627499754641, 0.010219065916303102]
            , [0.07558473059885147, 0.01636347799507793, 0.030034026438884275, 0.03629374053595842, 0.03766132339349194, 0.03888955740771122, 0.02228051596636587, 0.06565538606508067, 0.04289676764834564, 0.10206025198249931, 0.17834472704402524, 0.03407604220946132, 0.020245502432594972, 0.04667422103363412, 0.039491511126879965, 0.05176755443532948, 0.0574647046322122, 0.06599991166803394, 0.010484083561936013, 0.027731966587366676]
            , [0.08554339386926287, 0.16023853190542384, 0.029825503248956883, 0.032426020553546625, 0.03789828652573017, 0.048475698066759366, 0.02508207059527121, 0.04956765299026427, 0.03453851111821979, 0.07459145123226703, 0.028122815474269824, 0.03895883742420028, 0.024977832276773276, 0.03057379828929069, 0.03903949544923505, 0.07593465085674549, 0.06141207196662031, 0.07502631456189152, 0.013201360619749646, 0.034565698801112654]
            , [0.0316691025703147, 0.0022370364701197343, 0.376611034809245, 0.3520321431356172, 0.0027813385822890585, 0.0228769457930939, 0.010983988858813718, 0.005086584214424969, 0.022706280505987223, 0.007739617811473171, 0.0040013611854636845, 0.040734048269284326, 0.009571197106934014, 0.03632206070760234, 0.010629413980785318, 0.030298431925925885, 0.018849479048175945, 0.009873658225563756, 0.0010368522981342373, 0.003959423570314733]
            , [0.012934907360605333, 0.00890946652555339, 0.0036435458044269883, 0.004623920237321326, 0.4983443715326421, 0.005166380857943423, 0.01881741294396188, 0.019235622694872466, 0.004902120879238005, 0.06158349043149337, 0.015346977544130008, 0.007195276781171198, 0.003431840712804699, 0.006092941780610747, 0.006166149345755156, 0.01251817467357802, 0.009517901785934431, 0.0200159295043428, 0.02340817818856823, 0.25814539787055224]
            , [0.0614839016803744, 0.003076779223624501, 0.06185302336103229, 0.20464484160521867, 0.007076373587634792, 0.023379642063528, 0.01664119986330119, 0.016572911681792438, 0.23658659529211598, 0.02336249904878039, 0.010144235771695986, 0.0472842180263755, 0.015252150287294371, 0.08524635004651174, 0.06745403071610889, 0.0424379079106636, 0.043140973882586454, 0.022642000293533665, 0.0021512230049631313, 0.0095691529699376]
            , [0.054895641848958315, 0.005712460964756964, 0.036976639641782404, 0.07471375595196761, 0.01383920321527786, 0.026246820101273133, 0.020535031981481475, 0.03628931763888892, 0.15650018127893517, 0.03734856200520845, 0.015582594544849504, 0.04104787997395833, 0.017063226004629648, 0.058677836304976846, 0.06687322870659729, 0.07081202905960647, 0.1876251078993056, 0.059007957245370446, 0.0054773215630786855, 0.014775211370081011]
            , [0.3191509533313768, 0.024695464771940127, 0.015312930410625189, 0.017336409152039815, 0.013012897404754926, 0.23239258115644265, 0.008625802676841762, 0.01800638591135896, 0.014342096460228965, 0.02491881641033157, 0.012155876897857357, 0.019568024407102994, 0.017375922290578195, 0.014046589946874036, 0.014931414139418876, 0.13794856659818017, 0.04663452187848547, 0.03720330113002651, 0.0037821298121514402, 0.008559326895509194]
            , [0.14426129441887908, 0.034301376673746296, 0.008593601866961675, 0.012073124587315548, 0.015664417364896772, 0.017654480673156288, 0.0068904797247787, 0.1052721224041297, 0.011246849674041291, 0.05891945623008852, 0.022632505888200583, 0.009756530832743283, 0.011838157070796454, 0.010455722055457254, 0.012705252524188866, 0.034216752964601714, 0.07128024860176993, 0.4004428008849559, 0.003024628233480823, 0.008770192886430678]
            , [0.1249766535, 0.035476801472781073, 0.021240355394082824, 0.016073625313609466, 0.010874293554733717, 0.05944123965976331, 0.01240871995029583, 0.012844803301775107, 0.017060365739053215, 0.019026879405325506, 0.009497637206213043, 0.047626558494674565, 0.01955027879408285, 0.015968040644970448, 0.017483507663017747, 0.43120315443787094, 0.094429822056213, 0.021382211792899473, 0.0032746366677514965, 0.010160432379585756]
            , [0.022351444253353073, 0.007630860280774939, 0.0034269688274219043, 0.00618582689299553, 0.04638578243695977, 0.005520441600596233, 0.005409716911177358, 0.08482452767809238, 0.008343133248286047, 0.45263388733233983, 0.2250535806259314, 0.005899926698360744, 0.00429211152846503, 0.014419777429806224, 0.009066645540089416, 0.012421772780923948, 0.01860624636363633, 0.052002536715350156, 0.004218488977347231, 0.011306331414008948]
            , [0.3211605866826634, 0.025586247462207556, 0.008723794393521292, 0.009595435566886565, 0.00642054717936421, 0.05328701765056987, 0.005866157615776864, 0.008309540357828535, 0.008117499043191395, 0.011145111770845914, 0.00666205804529094, 0.016287174535092975, 0.011397105835033002, 0.009739110850330027, 0.008302834214457044, 0.39873949130173936, 0.0615741775464907, 0.022063653300539894, 0.0017677633281343742, 0.005254684200359957]
            , [0.027506418103708317, 0.010387704980102499, 0.009832855239674365, 0.01892568591046133, 0.007021413407597259, 0.01650483503105203, 0.0324435303201688, 0.012757397824238653, 0.1526928598492618, 0.025074454504069657, 0.010326524871269265, 0.022294938748869408, 0.00857020651914377, 0.048875142276153145, 0.5147468284594507, 0.03068261925535125, 0.022431188218269588, 0.014905665854989564, 0.004810103564968331, 0.009209617016279766]
            , [0.04197440153520696, 0.0064593671465699685, 0.10429430107887591, 0.04835931809912362, 0.008674742228770023, 0.34587116288909037, 0.025980900864309462, 0.01063912354246025, 0.05087738257479601, 0.01834445364762778, 0.007118380682683601, 0.14041637533152018, 0.011514039652463046, 0.035651019528558495, 0.03315977433454215, 0.060308116421879734, 0.02340606317074642, 0.014119323074946982, 0.00302945133792688, 0.009802305599274676]
            , [0.06127730639506175, 0.017320079078086425, 0.03121780979259262, 0.031183570092901267, 0.07097373783024702, 0.04599097946604937, 0.029939770012345674, 0.04181892434567898, 0.03488489210493828, 0.08073103917592592, 0.027890411064814817, 0.0319679630462963, 0.02522927160987652, 0.03198607283333335, 0.045651985183333334, 0.05330534139506171, 0.045700854330246926, 0.050365492145061766, 0.17675636070987624, 0.06580812451851847]
            , [0.05006407769157386, 0.010924069241971385, 0.01437486366295708, 0.010092415039109653, 0.005497559622575525, 0.0180500693300477, 0.006798265262957064, 0.010831296879809167, 0.013205951940858614, 0.011704075279809212, 0.007781494085850511, 0.033005945506518294, 0.008699309375834637, 0.00997370491351355, 0.010994190294435602, 0.3035385062003181, 0.450051014626391, 0.01780299823211446, 0.001783885730683648, 0.004826309434340242]
            , [0.023629428714518785, 0.012797819422022846, 0.006057342177814055, 0.006601323008809189, 0.4488733722675369, 0.01010806106427415, 0.012253852120391526, 0.053305444486133766, 0.007381266159869525, 0.1557189797520391, 0.03457511802381728, 0.009027446316476347, 0.005799357615008209, 0.007543242395432366, 0.008765233245350688, 0.020208109122349, 0.01745835346818926, 0.04541415287765079, 0.021422473982707996, 0.09305962208548124]
            , [0.2762435683453237, 0.027613510467625897, 0.013019111417920184, 0.01640031359875737, 0.01060789780575537, 0.03628729661216476, 0.007825759278940497, 0.02876873047743627, 0.01582225891530418, 0.028510189228253754, 0.01774521880117723, 0.019867497186396372, 0.017262636966317923, 0.014019058913342073, 0.013949024640614753, 0.13600993861183777, 0.23502258992805738, 0.07464576703073904, 0.002804008293001951, 0.007575622615761911]
            , [0.02732288278750429, 0.0038109394809474704, 0.5522758613113639, 0.11683989952969441, 0.0036324806062478995, 0.028411356024716818, 0.01830775773017507, 0.005715363925849759, 0.019038911088568616, 0.008460606880192359, 0.004178635228286997, 0.09490810174047372, 0.00836752404256778, 0.020921245550635095, 0.01222681923892889, 0.03873776017851015, 0.02065834718159977, 0.009216261866117265, 0.0013570307768623543, 0.005612217794026781]
            , [0.016156532435861612, 0.004631686023942686, 0.0030706161483047695, 0.004022260228486563, 0.025003402620761925, 0.004399791013981115, 0.0031110135301992484, 0.4584085725270891, 0.004914232287312012, 0.20621774127927314, 0.056229184676686514, 0.004446163962600495, 0.003393301020307691, 0.004900203509612074, 0.005049745124396987, 0.007681469207969277, 0.01678845997623208, 0.1622823003477804, 0.0020995381620063005, 0.007193783491087]
            , [0.04884562117936124, 0.01100211877550017, 0.002815686451386537, 0.00397107611547904, 0.007678080141453124, 0.004242659314496348, 0.0020321291468234325, 0.17434841043875013, 0.0036035126865566203, 0.04238492354650752, 0.013388325566865592, 0.0032095049620919636, 0.003231132235170197, 0.0032372371832221705, 0.003868960063180202, 0.00889829773288861, 0.02573111913829409, 0.6330788013338022, 0.0010890806107756914, 0.0033433292653562777]
            , [0.13631292563004557, 0.02136334931730428, 0.030523712446823434, 0.025990016724464715, 0.010829578680940637, 0.23634780273780276, 0.014548244497718488, 0.013506504878553774, 0.023908039564759495, 0.020522515816426834, 0.010578614324675318, 0.05195178664268162, 0.017061381050895084, 0.022079928909090923, 0.024068793377676395, 0.2410755212355212, 0.06262766115128114, 0.02291067228501232, 0.003983821420182512, 0.00980912296525099]
            , [0.09507184351721715, 0.02399520244989458, 0.012508072243499577, 0.019093747055867825, 0.01438390998945889, 0.01817569868236115, 0.009669171121925462, 0.08967012554111037, 0.0186541450105411, 0.05180472908292335, 0.02598615673190443, 0.019240041412508783, 0.013214340252986657, 0.0177202902947997, 0.01886738986647927, 0.06171889593113141, 0.2300215997891778, 0.24582876071679524, 0.0036217868678847485, 0.01075410144940267]
            , [0.04029326929278642, 0.01759306267609618, 0.02165637325530422, 0.02323238039038191, 0.08969080867043855, 0.017898341257072035, 0.20274809660537463, 0.02052017933521917, 0.028564529101838772, 0.04659876905940606, 0.015507539950495046, 0.052458942482319665, 0.01071434853041019, 0.04071958410537482, 0.04089155343352189, 0.04330169854667611, 0.028482562616690237, 0.02575886535007061, 0.02014338859123057, 0.2132257148868461]
            , [0.03095235277032296, 0.005426953977245293, 0.26521615512956986, 0.052562879378771715, 0.006523611637557693, 0.05468863027085553, 0.02834126733830316, 0.009353940199858045, 0.03812193672275468, 0.011790560100816402, 0.005302914877884257, 0.3026802605608805, 0.008760496851615222, 0.02338990726340076, 0.0189276291082711, 0.07655939926517574, 0.03545458301739437, 0.011703297465033888, 0.00214366766063186, 0.01209954436918708]
            , [0.18437278083896172, 0.010996090088873096, 0.01313436475897619, 0.010911601502310686, 0.005770274291859223, 0.5783159203697116, 0.00571302667188053, 0.0070977767870601255, 0.009500992585495853, 0.010490469445431888, 0.005668014416637036, 0.015964728201564218, 0.008285252079274719, 0.008144872586206935, 0.010167901999288964, 0.07446672757909706, 0.020159793185211564, 0.014293921027728348, 0.00209820591965873, 0.004447275822964818]
            , [0.0578833807573025, 0.016333162418680127, 0.05752430998557519, 0.02360503748647675, 0.009070500886404625, 0.05490654551027768, 0.027988702891453297, 0.013156015930039712, 0.03250574494374325, 0.01597075819329255, 0.008348960118644031, 0.23444297439596146, 0.01227162533141004, 0.025785101218896517, 0.02451626747493687, 0.2685379549224665, 0.08630510851424456, 0.016807611456905916, 0.002647374849981938, 0.011392851161918485]
            , [0.7173280737704903, 0.014902471733904622, 0.0032263561158718396, 0.0040784453032786105, 0.0030887491434426345, 0.0574786130737705, 0.0019306062362146152, 0.00789778763599093, 0.003445607709761621, 0.008257701366989612, 0.004313949394187781, 0.0037742199064829396, 0.00557302633457521, 0.0034627355182563074, 0.0037152442008196868, 0.09425058640946349, 0.027951232748882254, 0.032095354890089356, 0.0009633392672131202, 0.00226591323546943]
            , [0.5058113678892215, 0.019558297811377252, 0.00665630012949104, 0.008038877813398307, 0.006992436497380267, 0.2156174191616764, 0.004381821599176616, 0.011252452815868418, 0.006720153886975923, 0.01488899502357785, 0.008393399265344301, 0.008060987485030022, 0.009744814437125777, 0.006687125339820424, 0.007478164723802409, 0.09736125169535924, 0.02864688065868262, 0.026895645838323552, 0.0021019496615643923, 0.004711647141841229]
            , [0.05421895930982749, 0.008925163816204064, 0.048719347993998505, 0.051519248451987985, 0.013988763897599395, 0.21200177044261095, 0.034623709180044995, 0.017810088213428492, 0.12360753597149292, 0.030653315247561763, 0.011909647111777943, 0.0810745941447863, 0.01795572254726179, 0.054807761890472616, 0.10503724147411861, 0.05722677226181546, 0.03251288927606902, 0.022809279683420725, 0.005725504044148546, 0.014872672028132052]
            , [0.02050773033447363, 0.01133810867388825, 0.0037027135077917425, 0.004437542606613401, 0.31400682136070013, 0.006618861648042554, 0.007850467871531742, 0.06629683980615736, 0.005297929274420472, 0.3395470532117071, 0.06142850148992779, 0.005690104484606634, 0.004705171091600284, 0.006684263484226523, 0.006523906599391907, 0.013346349399467855, 0.013616416598251621, 0.048107724325351486, 0.013916839533257319, 0.04637665506005319]
            , [0.07133574358359138, 0.01850208625116099, 0.020739901243808093, 0.020706455007352964, 0.011917174228328171, 0.01932724781037149, 0.011005550972910208, 0.044883191486068105, 0.03075164097136226, 0.03341351403250767, 0.020734688877708976, 0.03357574992956655, 0.013014670775928782, 0.017380057029411748, 0.021419457451625372, 0.1022031924806501, 0.43138756927244576, 0.06426944772445818, 0.0035105027410990645, 0.009922167684597496]
            , [0.3054108337236535, 0.033646108425058545, 0.00774182454016397, 0.010655893266588536, 0.012668691630366904, 0.024356435313427044, 0.006074702665886025, 0.07177104118266979, 0.009680817422716675, 0.04594396283372369, 0.018147127199063223, 0.008780984738875917, 0.012412506562841569, 0.008480917847384861, 0.010448264204918033, 0.04753151521077286, 0.06771734724434038, 0.28854995550351265, 0.002454674104996085, 0.007526389221701787]
            , [0.026905478285714407, 0.015163055856751468, 0.01419573852798428, 0.01482851080391389, 0.12784731571428573, 0.016243967989432416, 0.09683637790998045, 0.019717609902152607, 0.01617736571585124, 0.04185728026614493, 0.01196848240117415, 0.027773263890410918, 0.009146926132289668, 0.019525125906066542, 0.020679815595303384, 0.029445627639921763, 0.021487016724070385, 0.024506578418786687, 0.029462136871624224, 0.4162323162426611]
            , [0.3333153816946446, 0.015589118395683457, 0.009335042291766758, 0.010038683975219773, 0.007597856815747421, 0.4056138561151085, 0.005477038082334133, 0.010248385490407762, 0.008534192989608294, 0.014288211631894324, 0.007268077713828973, 0.011141702014788254, 0.009296803978816933, 0.008122651683053587, 0.009456539400879378, 0.0831406327577937, 0.023090008189448452, 0.020812288876898538, 0.0022286042785771495, 0.005404927249400501]
            , [0.046476306770286635, 0.009221915255551067, 0.024150372039563994, 0.0651390053330642, 0.013562154084376232, 0.022839712050867884, 0.08338454396851017, 0.02047644863463871, 0.05553681301735971, 0.05315835421881311, 0.028521794357690748, 0.03712229596689546, 0.018894144657650394, 0.3343081203068229, 0.05790914410779169, 0.044895880238191396, 0.03550362360920469, 0.025719667719014835, 0.005193506580540979, 0.01798620893257973]
            , [0.05600158638973468, 0.0053022146438886555, 0.060541746916050465, 0.24238131187472806, 0.008163780753371007, 0.023689739820356603, 0.03104959423096998, 0.01612853544541097, 0.06933974440626359, 0.031518421222270526, 0.015768489575902572, 0.034041236959547624, 0.012289231467159649, 0.22651401783384065, 0.04925927692127011, 0.04080126849499785, 0.03746704330578509, 0.025689199778164397, 0.003285380629839062, 0.010768185483688592]
            , [0.05474261464270059, 0.003323246300745304, 0.006263331578255246, 0.008114023909688718, 0.0038529068724243304, 0.009133678419114402, 0.005779528736080643, 0.00711988720298104, 0.008061135334063975, 0.012204888761069621, 0.003906747369136394, 0.005793675420868109, 0.7886875716790862, 0.008406611903989454, 0.007378136629986841, 0.03232264353792189, 0.017759080475668605, 0.012581944648838217, 0.001288189668741769, 0.003280160661113623]
            , [0.05663744689320393, 0.013849482841129745, 0.016135052972639043, 0.010433008285083867, 0.006154259194174762, 0.023222510030891375, 0.007235869778022937, 0.009580855080759038, 0.011194979148278876, 0.010895017445719357, 0.006749690861429847, 0.03398714133539275, 0.012876120012797893, 0.009579435243601088, 0.01148800634245365, 0.4677209964695497, 0.271018090026478, 0.014193500385701635, 0.001798704359664595, 0.005249813468225947]
            , [0.023513559791443872, 0.0045832289349376065, 0.4596612602495542, 0.05743728875846702, 0.004537998571746853, 0.03130089187923353, 0.023257038560160433, 0.0066615268146168055, 0.021706639252673778, 0.009356414824420428, 0.004007678730392129, 0.2227379826648849, 0.007211566320855661, 0.018430070133244242, 0.014011250219251349, 0.050056383762923345, 0.022758001471479515, 0.009346375589126377, 0.0015753586041443966, 0.007849482870320886]
            , [0.0310436553701212, 0.008739365760879312, 0.004024028280394755, 0.006806029277703039, 0.03252493004710631, 0.007775185012561643, 0.005589274610139083, 0.23413241161956044, 0.009634095171825889, 0.21190891895468825, 0.21973455585464363, 0.007276132944818339, 0.004554209827276785, 0.011549276156123892, 0.009745480473755098, 0.016615790008972606, 0.034604347770300595, 0.13000242739793635, 0.0037122857769851837, 0.010027594336473704]
            , [0.028819505926276037, 0.009552611238185255, 0.08338439259546312, 0.022118723637523596, 0.008614274475897951, 0.030444176691871452, 0.04844743016682421, 0.01140047548676746, 0.03614679994848771, 0.01428080616257088, 0.008337330132325144, 0.48016087759924275, 0.0078480414692816, 0.023083290025519853, 0.021711365731568993, 0.09298661516068056, 0.04174897610586014, 0.01410548989130421, 0.002282404936672977, 0.01452641279206052]
            , [0.009186475915819808, 0.003068484260280587, 0.0023540663338172466, 0.0028756970004837346, 0.0113103804721819, 0.0032049564818577916, 0.0020210011717465247, 0.634227386550556, 0.003367255585389514, 0.07797736404934691, 0.026409126763425255, 0.0030341164620223404, 0.0018424849751331046, 0.002707165061441724, 0.003040039544750822, 0.004909872475568469, 0.012996105756168441, 0.19108222455732932, 0.0009588633410256356, 0.003426919089501726]
            , [0.00924078864634753, 0.008345804902770784, 0.003924227885642249, 0.0042441110730478265, 0.15044735427909312, 0.004999398508312276, 0.0409918450811083, 0.00849779614307309, 0.00499720509773291, 0.01853094492594473, 0.005338752177329934, 0.009304917864987439, 0.0028042996816120963, 0.005561747181360183, 0.006127284933501342, 0.01022074334105788, 0.007646205757178844, 0.009745047061460912, 0.01597935455516372, 0.6730521813602031]
            , [0.009490101020483255, 0.006878153146008387, 0.0026207288545168003, 0.003504019902310862, 0.677433321953781, 0.0035846594117646957, 0.007807536829306714, 0.02087215160556731, 0.004012624968487442, 0.07379019557142857, 0.015305418234768909, 0.004287025917016789, 0.0027384189805671685, 0.0037993267127100355, 0.0037259028130252267, 0.010650860164390687, 0.00722739360451681, 0.017902720873949424, 0.012662732680042015, 0.1117067029359243]
            , [0.02673726314293265, 0.001885983003599814, 0.10468831111064053, 0.6669026447856006, 0.0030218892149285956, 0.01481895471519333, 0.006873016479089472, 0.005981599902593976, 0.02632422053732141, 0.00890301253573314, 0.004696437175224961, 0.013604077951297009, 0.004749323728957148, 0.053304319800423494, 0.011272277781365726, 0.01706878023980945, 0.013211102149285336, 0.011622713865008072, 0.0011235901885653723, 0.003210484907358417]
            , [0.031622962840236704, 0.01128310267616998, 0.02662737589833241, 0.021779341690693912, 0.030106989894566956, 0.016097787132867095, 0.40743421301775057, 0.014594997600860693, 0.027410002533620175, 0.03067588554061315, 0.011332307257127484, 0.08521427154384087, 0.012031839185583648, 0.06933053137708445, 0.040234807892953195, 0.037336587848305604, 0.02532543027972027, 0.018488778649811632, 0.006694102840774608, 0.0763786686568047]
            , [0.034282222667814055, 0.010461494676993687, 0.01227494610499133, 0.012864299091795733, 0.18948184825014364, 0.020123383402180103, 0.03189407868846816, 0.024093649569707366, 0.014458353250143392, 0.05783177806655195, 0.019027486586345378, 0.015939707438898432, 0.01020185305393002, 0.016233389082616158, 0.019714454682730902, 0.027542856242111245, 0.023417090378657517, 0.02922198710269662, 0.23049923121055685, 0.200435860235227]
            , [0.09619649019916017, 0.023864631724055188, 0.009289670311337747, 0.007245934790641798, 0.0072781930341931506, 0.03212028668206357, 0.005542893033593253, 0.006777323458908219, 0.007777463716856656, 0.013656919847630442, 0.004872851752249555, 0.023184768749850048, 0.008897604019196141, 0.006882198731253744, 0.008072387607078617, 0.6398423539292135, 0.08017369502099576, 0.01065223519436126, 0.002369523632873431, 0.0053025801067787155]
            , [0.1614319069054786, 0.2506736911499099, 0.011067357464780235, 0.012035634959662936, 0.019089888142083088, 0.03656399847682122, 0.011782630438892237, 0.027000916472004782, 0.012945228204696, 0.03442592467790482, 0.01594817608669475, 0.026390026514750135, 0.011622610038531024, 0.013662772668272104, 0.014700466246839343, 0.17947420018061427, 0.0798359665924142, 0.061006725430463565, 0.0055531485358218, 0.0147887390054184]
            , [0.05365015449592981, 0.012464085616092677, 0.050554082736380714, 0.02728066110144022, 0.011286953534752668, 0.031098451239824645, 0.024236836926737632, 0.02358800615529115, 0.036463713593613015, 0.025723659255479203, 0.013807546496556057, 0.21363930306825313, 0.012355055688165369, 0.029897085165936123, 0.025375168535378887, 0.1318194504070131, 0.22683272698810267, 0.0326066059236067, 0.004300261277395109, 0.013020178447714456]
            , [0.028947466175693486, 0.015789125661822986, 0.011334746377807167, 0.012318928854689645, 0.0898392061955085, 0.021497907424042187, 0.017248383900264203, 0.020508061684280106, 0.015380221196829587, 0.049575985990752906, 0.015444774194187586, 0.014460256036988084, 0.011697215292602411, 0.014684744210700124, 0.024060983533685545, 0.02897825175033026, 0.021242202833553478, 0.0253552387648613, 0.4828799848084546, 0.0787563006274769]
            , [0.011869381744709917, 0.0022360948252559913, 0.7657121535836175, 0.05363186260068259, 0.0023604593767917598, 0.012771024863481098, 0.009456590993856666, 0.0033737125351536446, 0.007958761862116026, 0.004386422567918172, 0.002342464885324226, 0.06734706331058019, 0.003794061728327667, 0.008370926870989816, 0.005849371149488067, 0.019900930349488012, 0.009583263035494831, 0.0048162695829350455, 0.0006445489935153533, 0.003594620702389032]
            , [0.01683096881578934, 0.0025965984203216684, 0.008239431655701741, 0.024754487726608265, 0.003257507707602303, 0.008798623559941453, 0.00943654510233921, 0.009446119649122807, 0.6201201147660811, 0.01192003771710523, 0.008773770635233939, 0.026967319766812853, 0.004895939049707573, 0.03319609121856725, 0.15172322159356713, 0.018549252667397625, 0.025540602931286634, 0.009485490275584763, 0.0015459196782894747, 0.003921945989766081]
            , [0.033273338354814254, 0.008718499074298712, 0.008524124443517897, 0.006220600498862715, 0.003961484662623249, 0.0088048043813495, 0.004314406142532225, 0.012043258992418468, 0.011281177149355483, 0.011292182150113905, 0.00790252961637608, 0.019974830266868866, 0.00625683120166794, 0.005927699231993953, 0.0069858271614859566, 0.15495318381804396, 0.667096223654283, 0.017665877934798943, 0.001205398367702797, 0.003597716228203235]
            , [0.01176323398548089, 0.005459545478221433, 0.003800370383847569, 0.007371137799455557, 0.003751057117967284, 0.006898926725045364, 0.014963781370235931, 0.005691830642468337, 0.07761830551451909, 0.011726373572595455, 0.004619918376588001, 0.00899832483393831, 0.0033293744083483894, 0.019803750711433792, 0.7789991615245014, 0.012195914784936437, 0.009561881406533544, 0.006873555291288441, 0.0022424790548094334, 0.004331066253176048]
            , [0.011634184221818167, 0.8563222963636378, 0.005579156341818194, 0.00926507754272727, 0.005594806175454478, 0.007545074343636382, 0.0051049154490908945, 0.007214724877272594, 0.007400182043636454, 0.009113986330000073, 0.0038087848490909078, 0.005578486202727238, 0.006747198001818274, 0.005785929291818204, 0.0077562888263636234, 0.018415452690909058, 0.009798710024545479, 0.008669944217272602, 0.0028397913836363704, 0.0058250150845454325]
            , [0.010699339452181988, 0.00896777699442897, 0.004876609903435546, 0.005838751707520837, 0.0365271056007428, 0.009100123690807795, 0.006345083305478172, 0.0077688958765088564, 0.006076175665738197, 0.022040652973073213, 0.006822782701949876, 0.007138424672237728, 0.004617003248839395, 0.006907507911792003, 0.010045961676880183, 0.013585719753946193, 0.009925182042711242, 0.009729561884865304, 0.782832844939647, 0.030154498310120702]
            , [0.028504452334293946, 0.007432501183477427, 0.006822820237271925, 0.008752448589817455, 0.031125616975984635, 0.010104113568683896, 0.007035970378482231, 0.07598125857444764, 0.012751158626320883, 0.19012476942363116, 0.4700413025936607, 0.009385480135446642, 0.005526328494716626, 0.019895342552353507, 0.0105095851508165, 0.01779110066282421, 0.02793272031700286, 0.04549073447646493, 0.0039611449170989296, 0.010831161358309332]
            , [0.05459176191304345, 0.4820982241545897, 0.019773562647343014, 0.01860888929468596, 0.023829648463768078, 0.0349272141835749, 0.01575098177777779, 0.02535577888888891, 0.019151882357487895, 0.034276334666666734, 0.013702705594202919, 0.020364266782608702, 0.01829586944541064, 0.015639347420289856, 0.022868275449275357, 0.07420213884057972, 0.03805591821256038, 0.03999981918840582, 0.009424016034782606, 0.019083355257004844]
            , [0.020434175356576878, 0.004068296664025346, 0.009346900451663996, 0.05177647505388273, 0.006355349827258307, 0.010495188427892231, 0.05157123225515057, 0.009217786164817734, 0.031476692671949275, 0.029682398017432624, 0.021876629465927097, 0.01797467211885896, 0.008168312600633922, 0.6359875087163238, 0.027470798687797168, 0.022383658795562596, 0.018437325641838337, 0.012133900031695774, 0.003576122733755952, 0.0075665838145800406]
            , [0.015255740617059796, 0.007034829186932854, 0.0325710698784029, 0.008082776684210508, 0.003882863658802166, 0.013302516920145203, 0.022775283290381126, 0.006445035996370238, 0.010546796328493646, 0.008035688058076182, 0.004144650019963714, 0.7664486751361157, 0.00391335022504536, 0.009391999671506321, 0.008453351640653355, 0.04246956784029039, 0.020472288675136126, 0.00817584791288574, 0.0012592649854809516, 0.007338392217785861]
            , [0.015124359605263177, 0.004246993362781953, 0.011163499516917287, 0.010731046255639087, 0.012442189821428605, 0.007264283013157867, 0.740343067669173, 0.007783700729323294, 0.009683697139097738, 0.014416616394736806, 0.0066780747650375775, 0.033725160714285704, 0.004646209274436097, 0.03785170941729323, 0.015491728686090236, 0.017125839248120306, 0.012599612631578959, 0.00967805135714285, 0.0028115717951127817, 0.026192586159774427]
            ]
# The number of clusters.
n_clusters <- 192
# The base file name of this file (for reproducibility).
fn_distributions = "udm_0192_none_rb"
