# This script is generated automatically.
# Vector of amino acid stationary distributions.
distributions <- [
              [0.0782092446755975, 0.016040562283396946, 0.05808452794366882, 0.06477593080968587, 0.03936594052026629, 0.05871153962053864, 0.030799039911906054, 0.053294672950978006, 0.0593924638369418, 0.08653480273556691, 0.02455739507407765, 0.047672516756538386, 0.040169740422630926, 0.04715752872489976, 0.0580873679348346, 0.06442032735171842, 0.05838088864804269, 0.06357446577318668, 0.014266171340123184, 0.0365048735107981]
            , [0.09117020900053716, 0.006218954535332085, 0.121779206476482, 0.16391681338560923, 0.01254920494567684, 0.047735938421971866, 0.02636296624977813, 0.02056067386353863, 0.07914936187103558, 0.034822129889415784, 0.011784407384849774, 0.060743861054755266, 0.028688040892708714, 0.0716280830283991, 0.05233444494932039, 0.06966908547573451, 0.052600203235087996, 0.029811729202193667, 0.00435387739674442, 0.014120807103706168]
            , [0.06853533226138692, 0.00913665200649242, 0.039735702217877894, 0.07557632142533516, 0.014403432963558633, 0.033634310778648965, 0.03704943036932167, 0.026210605769164716, 0.15165431179601596, 0.04637832492198271, 0.01854507994656883, 0.04993797168549905, 0.019959182915050555, 0.10233796016132052, 0.1334911519819234, 0.060792221284281814, 0.0548929450842697, 0.03485702882647721, 0.005779456174744804, 0.017092577440648838]
            , [0.06848632563462029, 0.015903683807809453, 0.02834675214264003, 0.03523407071070996, 0.05721618255471479, 0.038120766963087055, 0.021589361855080168, 0.08236933929142408, 0.03545174140794039, 0.219396282234025, 0.05524260601464859, 0.026526093775934505, 0.0226731174849954, 0.03394110756716469, 0.040438218939378795, 0.04295277078401898, 0.04529837547455056, 0.08329000472060535, 0.013395207520516463, 0.03412799062365799]
            , [0.0967421159844957, 0.018598086996220967, 0.05004129925134551, 0.0500834763708378, 0.019869584947578144, 0.05358080120524385, 0.025954390320292335, 0.030804125400628588, 0.05096754170026496, 0.04372378654801893, 0.0183617861788107, 0.0670471811430783, 0.03054890186162918, 0.045685368007241996, 0.043190666801422035, 0.16217751231051633, 0.12018663759928921, 0.045240601177641934, 0.007000895620603398, 0.020195240185706814]
            , [0.07071517528620211, 0.017335405575684904, 0.03373669360003304, 0.04360438754693975, 0.03811624206531764, 0.040696109557815, 0.021622712709118187, 0.12341428057257096, 0.04444986691053371, 0.09755600880722792, 0.03540638961160794, 0.03164047879885085, 0.02676895577505206, 0.033727356967624335, 0.042065915711183254, 0.050085083628778344, 0.0675179868921644, 0.14027285115596605, 0.01057267840731118, 0.03069542152025976]
            , [0.2588695087174687, 0.02604667153161567, 0.032838480956270164, 0.04134333678159398, 0.021363243456935972, 0.06636832139712306, 0.017320319196585193, 0.037808289444843414, 0.034253129167021695, 0.05436574485182109, 0.02029894973899939, 0.0279423406544779, 0.026808947546709684, 0.03185422640575032, 0.03586106665234807, 0.09966935656427134, 0.07082751544273172, 0.0716202377747897, 0.006884146089658125, 0.01765616626087421]
            , [0.040339886731302496, 0.00994282087631941, 0.005679559358879038, 0.008386944123601081, 0.045881349321122616, 0.010662768899678716, 0.0060868602899492134, 0.2520392852901703, 0.009762513096653172, 0.24376358216506766, 0.0603140407023208, 0.007246316998099481, 0.007343842917343264, 0.009427505732945346, 0.01014541811894036, 0.01613250409616733, 0.031247824943561833, 0.20686067806777292, 0.004676715137624573, 0.014059582503156288]
            , [0.03158353496228821, 0.009787104924910688, 0.0060171289073457646, 0.008616034230496165, 0.07780963464268228, 0.009799054912380305, 0.007601446653092359, 0.14578931242090246, 0.00982619496950684, 0.39368445220963305, 0.09248905661576377, 0.007688764477571795, 0.007094948614130313, 0.012039239596729014, 0.011856025237272645, 0.015633267846830917, 0.022556286457388983, 0.10302946506516644, 0.007191532772542884, 0.019907513948305817]
            , [0.08689176397001229, 0.012881803306421342, 0.06358782004597383, 0.0498527929119414, 0.02419006850445263, 0.2290529145163887, 0.024145080472050853, 0.0339757744447455, 0.047623920187624035, 0.05116267887291429, 0.016170982436028093, 0.059224413490048824, 0.028362700648221648, 0.03648012764148919, 0.04377919803798079, 0.07374147840968831, 0.04509854831961805, 0.042542524545705764, 0.008914512154919264, 0.02232089787039326]
            , [0.05249262605406372, 0.017716680402523777, 0.0240370541984882, 0.026714066927816943, 0.16183173745153895, 0.030792818673971066, 0.04521874673865327, 0.04755573074830128, 0.027919290992058015, 0.09209912331735153, 0.028557532320204703, 0.029367038493043403, 0.017535848594170123, 0.026522390605406454, 0.03159397840253554, 0.04310655086948832, 0.03660116454922481, 0.05286997809218463, 0.04301672060320019, 0.16445092245639362]
            , [0.11013638873786709, 0.009012698679658714, 0.045847272456932577, 0.05634526759513405, 0.017870676884649963, 0.0423666893312334, 0.020526281993861258, 0.02981049494015582, 0.046725286004853095, 0.048535974529504464, 0.0144434405350968, 0.030786274577553566, 0.24888089615607095, 0.03896931577055345, 0.040870631380857454, 0.07854348576460747, 0.0530114912692036, 0.044997421656810595, 0.006455831548177656, 0.015864175613035943]
            , [0.11210503801874983, 0.023555354446217907, 0.013714082743148552, 0.019136133199414394, 0.02518884297008155, 0.024394841609368223, 0.010166016168003509, 0.14217720242393436, 0.018474600131789948, 0.09211074028056995, 0.03168001737313436, 0.015003627713473515, 0.015953859871966534, 0.015907755095170343, 0.019280324095508828, 0.04051414034825879, 0.07485908661522316, 0.28655815883169067, 0.004832047094578111, 0.014388129965715504]
            , [0.054872699958495814, 0.003086891473078954, 0.2045138462138048, 0.3861071794471371, 0.004439549544393212, 0.02660743169818852, 0.015049364863072033, 0.008524271513782239, 0.04580387485577067, 0.014003842942605357, 0.006390175306770246, 0.03801504121650005, 0.01303883473883342, 0.06680106682082626, 0.022822027965875492, 0.03832111438973877, 0.027435992075667742, 0.016691820493909097, 0.001622500541995928, 0.005852475347805742]
            , [0.5083414252124374, 0.0252798017785661, 0.008276227999958752, 0.010971407681230415, 0.007008195391180597, 0.08665915428405246, 0.005161341915105932, 0.015358302217143793, 0.008805366638808647, 0.017099777705675945, 0.008639816665869111, 0.010245338895058083, 0.01186772831639301, 0.00862281497945716, 0.008789454196188179, 0.1547103979778478, 0.05159767135335367, 0.045475371418406, 0.0018963901597310335, 0.005194016399183217]
            , [0.022001646178511802, 0.006296601818441421, 0.0030214491477888183, 0.004537317304031639, 0.017859747123483115, 0.004808819404488997, 0.002966577932925981, 0.43903592547797315, 0.0051178060149621105, 0.11887144634829608, 0.03323754663059022, 0.0044450081954696755, 0.0037073681783496883, 0.004299581621404702, 0.004847506702618604, 0.0084880629435162, 0.02228684514226926, 0.2870536770349132, 0.001649069533374856, 0.005467993742851167]
            , [0.03347847349145018, 0.005838581606039759, 0.01556321449483359, 0.03856683223184887, 0.005961644259235552, 0.018047599708942902, 0.022472661563597285, 0.014088893555276177, 0.3648634188460138, 0.02342248410854081, 0.013039996518516925, 0.037223083833302854, 0.009935289128246146, 0.06266792890138079, 0.23600812963492168, 0.03726583806602054, 0.03345365460268854, 0.01761291985703197, 0.002924997189401953, 0.007564355253840544]
            , [0.04307820580594804, 0.009914012576041851, 0.002936851916958777, 0.004870894113457473, 0.013071859732880525, 0.005078152118872914, 0.002732900268643302, 0.27359237809987136, 0.004639072617541609, 0.08088168064287686, 0.02181992208495501, 0.0041124627528914895, 0.004406219974462874, 0.004383510534743923, 0.004698967199054348, 0.010686313427391299, 0.029478218503534166, 0.4735517961722064, 0.0014129344771020465, 0.004653642675188266]
            , [0.01451635340088063, 0.0057397523454878596, 0.002713361195597959, 0.0037349329619908514, 0.05214972376243575, 0.0038799921258012085, 0.004167167629635628, 0.10393929212942032, 0.004822855183223285, 0.6035060383467846, 0.0857346747948154, 0.004388587683785521, 0.0041031241033996114, 0.007327433587918847, 0.005645853697128653, 0.008496459138126147, 0.011613706534311603, 0.06139346729518219, 0.0032379563936170133, 0.00888927502132544]
            , [0.15529504045200387, 0.02989293134483777, 0.01984512414560257, 0.016227569456721505, 0.010101020377166287, 0.05433258730570592, 0.011113286573769728, 0.013660352524606421, 0.016863363737647165, 0.018521035085117432, 0.009847121123702597, 0.04401076237170385, 0.018674879889357926, 0.01620517665049409, 0.016222056926354436, 0.3892689781496751, 0.12352136336792963, 0.024884519595620033, 0.002880084755743091, 0.008632745396930958]
            , [0.12015666757718749, 0.010704519307647951, 0.040062030781150094, 0.027267836330397605, 0.010348994851024796, 0.47855171971484034, 0.012949273006342665, 0.014178003800178363, 0.02586858937422015, 0.021284961540126976, 0.008671578036326458, 0.043624978250668356, 0.013536233047544272, 0.019355995382397614, 0.02342695355438491, 0.070152313808775, 0.025655915474445713, 0.02068903661891288, 0.004056744282350436, 0.009457656813387779]
            , [0.046007839134329945, 0.010136814695210026, 0.11508996776850192, 0.04372188203431927, 0.013304746848984122, 0.055181945001368575, 0.04302147474476264, 0.017146965649015772, 0.05181013391541217, 0.023206486795715214, 0.01049327952910832, 0.2901998005579525, 0.013381623709706306, 0.03618011811738078, 0.03318094957005999, 0.0996542307785033, 0.053718135896936525, 0.0211694953559848, 0.004248832540814811, 0.019145275426097518]
            , [0.0372024404523099, 0.004658938560576271, 0.4336021889032667, 0.1269023731857524, 0.005920970616453816, 0.03852730404918121, 0.021153349764954133, 0.00854787537971944, 0.028727508188678138, 0.012991258975015671, 0.005530549169771012, 0.11514209570947041, 0.012725402044454437, 0.028380419777333833, 0.01790277799718607, 0.05041604113702107, 0.028215224527544835, 0.012994407792639537, 0.0022040729804569253, 0.008254798404197811]
            , [0.016294166332728288, 0.010788217608962133, 0.006711509809283853, 0.007419346003102234, 0.25933408956998183, 0.007595409063981894, 0.04978290248791209, 0.016320618642100257, 0.00838334553778617, 0.040445518228531534, 0.011112316655212739, 0.013788585366328883, 0.0050810566802083935, 0.010234541822162418, 0.010842799912193786, 0.017197948154773594, 0.012820880046127484, 0.018355618742199466, 0.029419473968506693, 0.4480716583152829]
            , [0.07377638162734773, 0.01662861428953011, 0.021558124654513643, 0.020215866192305323, 0.010143273596477466, 0.02303182584025494, 0.010923971643270273, 0.028659040541235893, 0.025244915669006576, 0.026562716930590966, 0.016012007999545108, 0.03817882464099564, 0.013658040491258752, 0.017498966966465287, 0.01989216435250533, 0.19153028718632606, 0.38852803938389546, 0.045691599049587375, 0.003325732379281198, 0.008939609174173066]
            , [0.018708187622438532, 0.011115796202894433, 0.005159832488198832, 0.006278912417528662, 0.4529767499830918, 0.007504955834787046, 0.018358087220396304, 0.03642822176080334, 0.006966018264894819, 0.11349426006681544, 0.026127286408669778, 0.009035909694664335, 0.005036218625752285, 0.008023879003990202, 0.008179462458578347, 0.017066034801717644, 0.013679803428484301, 0.032619711334618134, 0.02539364973671472, 0.17784702335659666]
            , [0.05027824063888682, 0.0045136492920700415, 0.015531149999296667, 0.009890169651380357, 0.0026694966636715903, 0.8066053106156998, 0.004340043558315312, 0.0035003403745042794, 0.008773419371586842, 0.005330614826362864, 0.0026482090979275848, 0.017182982243734515, 0.004157300533784672, 0.006199242783721033, 0.008700711822173905, 0.030814670619286604, 0.008838095704346509, 0.006373443715344068, 0.0012835914414453566, 0.0023693107148049855]
            , [0.03194352691175997, 0.009620933516930764, 0.01228360097648025, 0.02382636547222701, 0.007727096409507937, 0.01837325634411996, 0.03248071855529609, 0.013893876954795562, 0.17651560463527946, 0.027430722142035013, 0.011907922223102526, 0.02620547873611343, 0.010028422308256877, 0.054987748121267666, 0.4486729527105912, 0.034511528177898335, 0.026865205124270087, 0.017350211545788377, 0.005105833211109259, 0.010268993753544464]
            , [0.09174276701427797, 0.005602166688279396, 0.016711556966473924, 0.022574462183715838, 0.007160597817639794, 0.01953425920648836, 0.010571341309958423, 0.013364273124525448, 0.020284181629586208, 0.02445375665317226, 0.007002658910085002, 0.013448638101662788, 0.5863653037231187, 0.01970011529269846, 0.018095349212542876, 0.05953336902494127, 0.03124470620684991, 0.023777569073196884, 0.0025761123685523572, 0.006256816992047776]
            , [0.041194787842462124, 0.01366480525446009, 0.03126841593990616, 0.03206168696974436, 0.036093599585811154, 0.022872457907772578, 0.2853370156285878, 0.019515524677412535, 0.037775758508920204, 0.03937284199916529, 0.015467906058633308, 0.07594967308502851, 0.014211839170891968, 0.08465855305581622, 0.05464718698215962, 0.04714734124465302, 0.032941011273865464, 0.025334440764945378, 0.009946258638810646, 0.08053889187271784]
            , [0.023062957435367154, 0.012849459271285764, 0.009325831287487034, 0.010498036925887612, 0.07330249671216815, 0.017571707692175108, 0.013962163059289887, 0.015962669217166416, 0.012538564847638684, 0.03995858970079272, 0.012713040130989284, 0.01212652792209589, 0.009275364437435384, 0.012452864362633601, 0.01950738530368845, 0.024070234345053426, 0.017562253860737655, 0.01976494993450533, 0.5788150947948965, 0.06467979832471554]
            , [0.03370721182591677, 0.690604125183375, 0.01149912835892411, 0.013316695617603985, 0.012423982583374026, 0.018424021671393613, 0.009554087098777496, 0.014557816325183319, 0.012440029611735959, 0.01900329090122241, 0.008188347566748112, 0.011656400069926666, 0.01080645617017115, 0.009970526240097824, 0.014114227899266446, 0.04834064614180929, 0.02302212988606358, 0.02170033079168699, 0.005581945009779952, 0.011088598808801961]
            ]
# The number of clusters.
n_clusters <- 32
# The base file name of this file (for reproducibility).
fn_distributions = "udm_0032_none_rb"
