192 20
0     	0.027928362664671743 0.0647036112489734 0.0185902249215996 0.0566630072610399 0.0627253875702824 0.0398841308623413 0.0563595684203045 0.0296638566188641 0.0609489079193253 0.0591493514782993 0.0901988876460926 0.0258316406181692 0.0464028805758417 0.0419223110394529 0.0458966100429591 0.0538143246424284 0.0672482677111631 0.0562238287383916 0.0686180623286373 0.0170197424228315 0.0381354004330659
1     	0.019892496358761863 0.0668845488029107 0.0150743288820215 0.0487659236915432 0.0595412810444583 0.0381699888951992 0.0518683237079599 0.0264170019371728 0.0585430174003905 0.0535644462822788 0.1630076832904426 0.0303122355816843 0.0406020460661993 0.0347725419100630 0.0429071126621705 0.0507224774598456 0.0585731218337919 0.0519565323515840 0.0629658841569794 0.0122249463515396 0.0331265615885172
2     	0.015696801973987755 0.0778240199342475 0.0096331040947342 0.0887468417640779 0.0957284715690682 0.0164671817492413 0.0634540283921547 0.0323005237191750 0.0239392550007307 0.0833719017191188 0.0418670667870629 0.0136791926838823 0.0711301196285263 0.0370932696303810 0.0650826717309206 0.0618990916258289 0.0924843727998202 0.0656661873923795 0.0343976018674836 0.0061902856940823 0.0190448089479039
3     	0.01485519296577192 0.0713861522700553 0.0124720849542189 0.0648270286627872 0.1344429681550972 0.0331908321530788 0.0488076747520931 0.0258370404031827 0.0546868758998873 0.0620872889834333 0.0832197916394514 0.0230856647057775 0.0419094704496764 0.0332596612982008 0.0476319985179027 0.0500755341232706 0.0581366433448132 0.0533845134101301 0.0611840058957307 0.0100328673673416 0.0303419019157414
4     	0.014479380138203844 0.1301746806836876 0.0144209424423862 0.0564037076144659 0.0653601134086893 0.0326354490237645 0.0598475493650600 0.0288559804070440 0.0478602740393639 0.0432128508171349 0.1005000361160197 0.0224651992809701 0.0336910258716714 0.0373572114603620 0.0482993400779965 0.0667496727975139 0.0535474056541344 0.0519886794491499 0.0643732562738407 0.0141939354595698 0.0280626865644994
5     	0.0142738299296983 0.0657092414444651 0.0128214041405526 0.0515734098447988 0.0692483324136226 0.0334171600084060 0.0491093973178194 0.0265866401471043 0.0549751169225540 0.1282137355646214 0.0787492036800790 0.0241236922918598 0.0468990959651400 0.0316221210576674 0.0489107417411459 0.0612528076877434 0.0595382287768094 0.0544794488763212 0.0596529577730392 0.0102305608544039 0.0328867052963718
6     	0.013726872293331615 0.0819403400809716 0.0128526529451192 0.0502865460876550 0.0579349691652207 0.0330547221894480 0.0552301955227813 0.0261070685979693 0.0481453976588909 0.0518083796459096 0.0764817386369772 0.0211555235698220 0.0398628215705931 0.1268180188998140 0.0417500319690251 0.0507184264456012 0.0654918386536855 0.0557471699093889 0.0625236462084699 0.0120521457384487 0.0300383694887861
7     	0.013557491864005159 0.0686012718440917 0.0141828180140552 0.0562341332086153 0.0582556882404997 0.0371205510391723 0.1312723506246743 0.0260660370692348 0.0547129283790995 0.0536546033211869 0.0837129552882613 0.0220746634259500 0.0430049123594482 0.0377393662233212 0.0403784201106195 0.0515270412460958 0.0589008465955231 0.0517525466449766 0.0642598951743884 0.0133750479983732 0.0331739228429204
8     	0.013228435092449073 0.0714950540649592 0.0140224953564092 0.0497696516986795 0.0583246021488595 0.0323627025056023 0.0509491359930638 0.0253702846198479 0.0537481074149660 0.0535518961064426 0.0757726768500734 0.0245091504688542 0.0461912143690810 0.0337693941096439 0.0441542729298386 0.0503042569787915 0.0720947749433107 0.1335926332666403 0.0687586444464453 0.0113574469304388 0.0299016091243164
9     	0.012741466358135509 0.0636851834558925 0.0154375346453400 0.0459114297202603 0.0584660774387204 0.0351933627332779 0.0488933138048747 0.0254066276015095 0.0730888161203434 0.0554052457041961 0.0780965570641185 0.0258900321298989 0.0384144691323916 0.0341620118630384 0.0399806482017726 0.0511424254362277 0.0556309191926327 0.0607481583603379 0.1505625428680236 0.0118255704811660 0.0320590798683700
10    	0.011925440852265861 0.0721320927089805 0.0155678301553484 0.0473681476202101 0.0582013353291907 0.0336992570890664 0.0519863210460127 0.0312330870976476 0.0515103917717118 0.0567097357197810 0.0802860754127829 0.0226264879841693 0.0391062200392070 0.0329399071765054 0.0459948031572718 0.1354615856413674 0.0574631862524042 0.0570651979671549 0.0662806658181683 0.0130528087959757 0.0313148681520935
11    	0.011491403502116814 0.1477690561031783 0.0153515302235529 0.0494655963987410 0.0569689867680025 0.0281597403829265 0.0566948546184554 0.0249424170611086 0.0431284877038232 0.0517941629725165 0.0641067761024107 0.0209872087171810 0.0471059497988638 0.0387158054368187 0.0475769754160909 0.0457128977933364 0.1023364287808997 0.0656860811507754 0.0567264903922923 0.0098907730199601 0.0268797806723476
12    	0.011451704963993425 0.0701436683705702 0.0197988884774268 0.0463068708278890 0.0507398466463790 0.0383213361494607 0.0540757097804315 0.0272513875791988 0.0511052393782743 0.0485220021949923 0.0827916402149461 0.0242277227473035 0.0462203832203390 0.0342761744639445 0.0394596448281972 0.0476714727141757 0.1481930559861327 0.0625033224283513 0.0620620679013867 0.0120048598109399 0.0343247129237288
13    	0.01139083387220423 0.0679831353659104 0.0151208162993108 0.0437376743573917 0.0477251741965461 0.0665114850445288 0.0486018805784869 0.0368829128846898 0.0504920905049175 0.0478473224363045 0.0780077879462557 0.0238132044164795 0.0410843905544800 0.0284679791469062 0.0363827727174166 0.0452035154588399 0.0559421556694804 0.0496514039495083 0.0603600922279872 0.0203647853274994 0.1358194155347321
14    	0.01112088381296519 0.0705530829468177 0.0166662856747246 0.0296100818541651 0.0370262609468971 0.0412819347742728 0.0388652077823571 0.0213012865952287 0.0928022004914004 0.0356311706768645 0.1681031816755172 0.0393170952445113 0.0269064095013871 0.0271588801176983 0.0328006572441943 0.0401194093839264 0.0474887293992232 0.0556930555036855 0.1375519066497583 0.0114268270292463 0.0296963321142110
15    	0.011100593449035457 0.0737083758340619 0.0063441298882699 0.1333521646268773 0.1666643454422642 0.0109801090480013 0.0506553047063498 0.0285484588825399 0.0170636946698717 0.0785190507478343 0.0293751221449576 0.0107154312133831 0.0705241713812288 0.0285300083704203 0.0691078532305491 0.0479428467694508 0.0792883943336247 0.0558992344830327 0.0257459947715172 0.0036502626179766 0.0133850417824049
16    	0.01081123521560276 0.0735425356907384 0.0051641352576499 0.0739860458596492 0.1512918739208487 0.0098050419525908 0.0332966293427173 0.0291262890232558 0.0191203439803343 0.1404650823827006 0.0336756215454918 0.0125758106159935 0.0550655202113423 0.0186469272389229 0.0914772341713587 0.0904347205467157 0.0643036622578539 0.0549504734394125 0.0272535114541006 0.0032048425994941 0.0126137031708689
17    	0.01072478062146738 0.0646332033344294 0.0138616516215883 0.0481107973383755 0.0560064443801381 0.0369658928830977 0.0530322195716869 0.0236927378937849 0.1501273638112466 0.0561360801783953 0.0839009056050641 0.0292002211098323 0.0404069388564617 0.0310348731885893 0.0367355584815850 0.0466366228362381 0.0529573756905623 0.0499060049654719 0.0816575601479776 0.0114049281311246 0.0335926205902664
18    	0.010653323252845282 0.0695872852086783 0.0113272602437893 0.1562617880009937 0.0609168321770454 0.0345083111030143 0.0549084143582312 0.0269055225662471 0.0519538523318980 0.0541349392042067 0.0762989083024181 0.0210630225182179 0.0517526227881749 0.0342994140162305 0.0391302009166943 0.0455012713075522 0.0552919761344817 0.0514848605631004 0.0605648167605167 0.0120163752347632 0.0320923310483604
19    	0.010206053056655107 0.0709892477922752 0.0153958947129526 0.0489590040387108 0.0539188667821654 0.1148488380108874 0.0556382782364124 0.0283067074803422 0.0551617610135660 0.0501943798712521 0.0829481245606152 0.0266276090192690 0.0401784477464789 0.0340930276462456 0.0381062197528731 0.0475770190322302 0.0578578493000951 0.0515197264961548 0.0646440080290331 0.0171959301827530 0.0458390562784066
20    	0.009543528564862559 0.0670291543039379 0.0140596946865040 0.0367957238430394 0.0439560593233499 0.0391312365076724 0.0460477083216861 0.0237467454899242 0.0584377096524311 0.0399191901858015 0.2559673105010162 0.0390053794247550 0.0311089206664819 0.0260185883318543 0.0384584509743021 0.0463238246941209 0.0457030595350342 0.0441629499177297 0.0634810435246811 0.0115906021821963 0.0290566521602884
21    	0.009217118362514699 0.0570007052852076 0.0136892586490078 0.0139463255477616 0.0194038870605884 0.0560643872528041 0.0230563715827820 0.0132915101274086 0.1386679177931169 0.0201778060110824 0.2786443171316273 0.0578725623816508 0.0147985172463808 0.0157601260613556 0.0209163785452977 0.0250395915205062 0.0298343361537724 0.0402625427725051 0.1259116974518263 0.0101049502778257 0.0255568072979580
22    	0.009203003326737494 0.0666032436821928 0.0127654786620663 0.0565258797766916 0.0529445091623538 0.0364285821921603 0.0549838072503354 0.0298196881665708 0.0557589136726088 0.0556452992677784 0.0746003592974888 0.0228091167548400 0.1391643972589613 0.0297670508344834 0.0410667746971440 0.0458569482394096 0.0616590672302089 0.0552866683410006 0.0591185333582519 0.0121035827638490 0.0370920982373970
23    	0.008660456639051187 0.2300291699093406 0.0175226781132729 0.0441082205154324 0.0517591364296628 0.0308646587114190 0.0525146034812061 0.0253805165511867 0.0442095027096873 0.0444894969043496 0.0739231837017418 0.0233030546522359 0.0332361087216054 0.0294267018107365 0.0397078706234084 0.0495447812671896 0.0586858884099012 0.0523619992665784 0.0586343252001630 0.0112800469300194 0.0290180475216461
24    	0.008415207892422255 0.0640826226386414 0.0105314872779117 0.0358311259815494 0.0600222666722927 0.0158274293055876 0.0350532204822309 0.0417327655425098 0.0258300837384422 0.1454149341335573 0.0450366455210191 0.0184231420697138 0.0492388042404864 0.0223559035467030 0.0749656537154839 0.1778557729321735 0.0626779663570605 0.0534941184977461 0.0350100157511270 0.0070973251964252 0.0195187142179473
25    	0.008351690231424834 0.0326634944960914 0.0098457816099831 0.0047195470683286 0.0078283831798332 0.0638979357680118 0.0083170261429325 0.0068762148648214 0.1560463500422563 0.0091531534120219 0.3942118612930490 0.0906959826484262 0.0068170879753855 0.0067166582496303 0.0113366912037819 0.0107591444096240 0.0149461111234948 0.0236378657077964 0.1195085531692372 0.0061325321069089 0.0158896290766955
26    	0.008043806013534554 0.0184199890425536 0.0066286548435512 0.0026362004943520 0.0040781643362908 0.0458669991410397 0.0039450156702127 0.0039374191251371 0.1655280671243692 0.0049559349670215 0.5081209139065594 0.0761322709993421 0.0042570668755209 0.0041371375417854 0.0070357369458215 0.0062717845990129 0.0086070887787893 0.0147670006844704 0.1029530683636763 0.0032233350609015 0.0084981540791841
27    	0.007863839307375194 0.0599247212865957 0.0149780610112170 0.0270413595887830 0.0362958121477286 0.0337339600095345 0.0350775967559169 0.0185881992298374 0.1686896513404373 0.0377831093581604 0.1009722541155356 0.0330225792327538 0.0264410728468873 0.0242851186886147 0.0289207228816601 0.0374391883920358 0.0414866144094224 0.0531010512249018 0.1868377052159286 0.0087601691390914 0.0266210550597869
28    	0.007742979313532879 0.0704387769530537 0.0042169621566089 0.1325508319108934 0.2649866801504093 0.0067371703434365 0.0308186849099819 0.0219998015927530 0.0129781078061759 0.0904723973518687 0.0221104046337740 0.0095106901743391 0.0511489588206472 0.0181996740397674 0.0847854573336372 0.0472748290177758 0.0553175714152233 0.0430353444974931 0.0219248842144486 0.0023402883425592 0.0091524907809937
29    	0.007649467201508897 0.0394223663843761 0.0095005495022353 0.0034422917269731 0.0055132422778892 0.0517566592222607 0.0080364956708145 0.0046711189191727 0.2116524622191497 0.0067207292893536 0.3176188504436001 0.0635585511118794 0.0049614685369282 0.0056424682164996 0.0079450388471021 0.0078042084828780 0.0131090605073166 0.0261462851888466 0.1972258701117642 0.0040570173599263 0.0112152636122825
30    	0.007621237129954488 0.0155856811685377 0.0061275475795810 0.0027266149489526 0.0038890675863412 0.0502321519848363 0.0041121705242504 0.0044196602019794 0.1021837921634448 0.0052636378985994 0.5980521253617322 0.0891553886240308 0.0044627172147240 0.0044062930696840 0.0081913607667553 0.0060187582154414 0.0090876613966895 0.0123697074187986 0.0613912502500290 0.0032485525130108 0.0090758668843616
31    	0.0076115330428576594 0.0645619983553546 0.0122340125883171 0.0491740222450162 0.0458741764850487 0.0361581841284191 0.2218992012053790 0.0236841568601066 0.0551823293382012 0.0422626429590867 0.0799738584874827 0.0218054642686602 0.0405617027497682 0.0311386102583449 0.0327947979772833 0.0426540234955957 0.0474102560999072 0.0458191549976820 0.0639648004323134 0.0115627093914001 0.0312839006942513
32    	0.0075788920226228735 0.0487838378239608 0.0125523102256374 0.0082941433322041 0.0131024850076842 0.0537490755741064 0.0144070837478169 0.0087009826429969 0.2328578691349394 0.0154423168080338 0.2049818307137032 0.0578959073733847 0.0108406408551637 0.0105503678779834 0.0136951136556060 0.0145439674287459 0.0235700264779367 0.0434393604307836 0.1854114501571780 0.0063193711125859 0.0208618641442543
33    	0.007578009832886799 0.0683999378079161 0.0051491316631432 0.2323388339930152 0.1872594356344587 0.0085076750823049 0.0500586546025611 0.0247503718610012 0.0124830439916183 0.0528190949365541 0.0209274257010478 0.0084134059052386 0.0767624977823049 0.0248895910793946 0.0531505816577416 0.0322134882200233 0.0653627451618161 0.0426859806146682 0.0201956660771826 0.0031273388496159 0.0105050990626309
34    	0.007557719468957067 0.0696631792225983 0.0158590993068752 0.0102541067589587 0.0156635742753588 0.0256605178914440 0.0162254651633010 0.0083989336969768 0.2257670328002803 0.0164224036267069 0.1000816446877553 0.0374470957287265 0.0133639917094665 0.0132430779339325 0.0139139330372359 0.0155994276382633 0.0319587388642465 0.0650620509139722 0.2884047594257035 0.0039261104451383 0.0130848507496207
35    	0.00755330852027669 0.0278318170025690 0.0076671549906119 0.0026000860636851 0.0044122525613033 0.0240612726853106 0.0047094352861980 0.0033004376288766 0.3709209671882284 0.0052078572655303 0.1609809092503507 0.0426398243118870 0.0044966237861981 0.0040360152541104 0.0049619423550910 0.0049377405390122 0.0097263155812704 0.0263768767099486 0.2824258818309194 0.0020738881555348 0.0066326881651097
36    	0.00749331961822357 0.0847234411149046 0.0087375891964092 0.0551593381775371 0.0939515522474688 0.0149398112638333 0.0383541170508594 0.0411600582199199 0.0246852472493524 0.0755527753599011 0.0457407613491877 0.0174633707865552 0.0591340166034848 0.0240397775295503 0.1521257978337651 0.0692781777797269 0.0749250242500589 0.0623124819684483 0.0346054959995291 0.0053523929592653 0.0177587666652931
37    	0.00749331961822357 0.0705980289545561 0.0158411938881563 0.0465504644972922 0.0521329329538498 0.0443854723463621 0.0450541642759595 0.1249491952437011 0.0400966411255003 0.0504185459818696 0.0680022611796562 0.0222715873604897 0.0507204379044031 0.0276926392747822 0.0507071412361667 0.0557221946703555 0.0621623662514716 0.0515906189074641 0.0517579689015776 0.0146512560653402 0.0546948879974099
38    	0.007342465173354694 0.0512394934711042 0.0072070167735672 0.0301489198629100 0.0656013542724979 0.0080440124607714 0.0260175054149946 0.0310168596769194 0.0178712011552325 0.2441249806560138 0.0304020282746603 0.0155306393027755 0.0516355385606152 0.0153080885264928 0.0857516401730146 0.1777976637630658 0.0575880426925387 0.0475740058464496 0.0228929282446233 0.0035144644952061 0.0107336136347470
39    	0.007273654373940821 0.0584368578218663 0.0169796880257250 0.0245579090021842 0.0295514465305182 0.1176711961412451 0.0348716026647252 0.0292865191310520 0.0662273949557093 0.0301132278507462 0.1904699726853534 0.0441407458560854 0.0262608154300450 0.0218825090900376 0.0289460067952919 0.0354165494857420 0.0424673275197184 0.0404122906006553 0.0662842738272054 0.0236950076070866 0.0723286654981190
40    	0.0072224873692484535 0.1591979162452671 0.0054219974324051 0.0766429481885917 0.1550286081226336 0.0120450512113105 0.0385621497202882 0.0215059017210211 0.0221664254237206 0.0791119065775008 0.0413870624734334 0.0118117067030658 0.0398899978551362 0.0227681239672652 0.0795914211982413 0.0639756688164163 0.0674858760095273 0.0541204298399902 0.0332616802875291 0.0042171027884207 0.0118080220997923
41    	0.007158969708251033 0.0595491040073936 0.0034925708213802 0.2360951116451017 0.3143671417128771 0.0045533148929144 0.0331091169981515 0.0181929932826864 0.0081207195758471 0.0453132077979051 0.0139226712879850 0.0063133097842268 0.0502660282378312 0.0165378599970425 0.0626619252815773 0.0243787936635860 0.0475545209919901 0.0314590611201479 0.0162035299105361 0.0016146665260259 0.0062943470910660
42    	0.007045167232297319 0.0558867491026283 0.0127771335795995 0.0302425560546934 0.0374261403533167 0.0399736619023780 0.0376578293694618 0.0183717253165207 0.1688159387359201 0.0407053676065082 0.1935867924906131 0.0416048301177722 0.0270319325419274 0.0198838926841052 0.0292407638554443 0.0366446375406759 0.0384482374680852 0.0426764756783479 0.0908563093967459 0.0089005206336671 0.0292684996095119
43    	0.006985178330244199 0.1456970684642587 0.0139111311786183 0.0531551309948219 0.0595409055405405 0.0125688751500379 0.0657233467706492 0.0224969519979793 0.0199979411864106 0.0484839155051781 0.0310522645175551 0.0141781031507956 0.0629758784049002 0.0327559512128063 0.0502882023857035 0.0382728053182622 0.1821557340237432 0.0932179475145239 0.0349803151010357 0.0046146496487497 0.0139328750625158
44    	0.006894312787428443 0.0851680429916827 0.0102603730445298 0.0378528859708253 0.0447172834116443 0.0262723870095969 0.0455075169891235 0.0230062672487524 0.0467982163570058 0.0442704118226487 0.0741008472360845 0.0203965958426103 0.0292928774689699 0.2265064825335888 0.0384612365246321 0.0476322545109405 0.0535216360063980 0.0503243872040947 0.0643249374152272 0.0092598708400512 0.0223254903196417
45    	0.006874022423498711 0.0767344922956499 0.0146321324171693 0.0421126877268061 0.0479626363437701 0.0198734693504427 0.0430175866088797 0.0236100330903375 0.0317645861850380 0.0498620932258437 0.0426412951302452 0.0189043420146285 0.0573369671949185 0.0263191249613756 0.0415168547324522 0.0420410458578212 0.1742406597202620 0.1753114340562046 0.0453631053175928 0.0068508982525343 0.0199045604045938
46    	0.006866964905610109 0.0434461263788229 0.0100702743274865 0.0032313363647264 0.0055199503032255 0.0318952490841686 0.0074533900192751 0.0043175628066435 0.2481517248779230 0.0059190369433435 0.2100287302749936 0.0472305430840401 0.0048115931949369 0.0060404231583141 0.0066195831706502 0.0068262936886919 0.0128386773031355 0.0300994029281675 0.3044675842970960 0.0030575099257903 0.0079750068855050
47    	0.0068184444701259676 0.0980209976801656 0.0075238216162246 0.0396980505786001 0.0493617319094320 0.0132308543182818 0.0355460627988098 0.0185500388832967 0.0229353631240780 0.0455791948198991 0.0391700124362787 0.0116277392645879 0.0271439900916030 0.3379725086039579 0.0375402125316341 0.0376618872806314 0.0756768430159141 0.0493181796674861 0.0366134260667616 0.0048479056387631 0.0119811710864276
48    	0.006816680090653817 0.0394951213396325 0.0089138275412633 0.0029359272351023 0.0051824445969455 0.0179215524431789 0.0053307654620760 0.0030904287073518 0.3164520006471653 0.0053204483459745 0.1138941384286824 0.0300526473679783 0.0044742728831220 0.0050808309368366 0.0050416438466217 0.0050515334627232 0.0114693236730519 0.0317205717592543 0.3808670478902420 0.0018548375044137 0.0058506341318923
49    	0.006810504762501291 0.0930918225000000 0.0125443138722798 0.0701724288769430 0.0602677646658031 0.0184601529980569 0.1619216836917097 0.0273361843186529 0.0230541513963731 0.0524344490453368 0.0368442943639897 0.0140562987664508 0.0713616549443005 0.0347162573222798 0.0460853745336788 0.0461237286930052 0.1098218762823836 0.0604903205116580 0.0327203503445595 0.0077814195152850 0.0207154708765544
50    	0.0067734527935861275 0.0503543761669706 0.0168786048001563 0.0229286877598333 0.0253340538343321 0.1484285818963270 0.0299823563493097 0.0494272891217766 0.0393424679213336 0.0276001729210731 0.0762936139111748 0.0231734300026048 0.0301106020565251 0.0160194994088305 0.0264389459116958 0.0314801175734566 0.0421789152018755 0.0353300785451941 0.0475117621398803 0.0370388304729096 0.2241476202135967
51    	0.006768159655169676 0.1584298527180286 0.0201671046800939 0.0359494977841220 0.0419873207515317 0.0318388508156694 0.0463388292712815 0.0216264454382740 0.0619589300756094 0.0397450344728197 0.0742575806205188 0.0257313525446487 0.0298617372446878 0.0334123691204537 0.0323560887676965 0.0410706041265806 0.0539179708030244 0.0613346013179507 0.1522485968191890 0.0105254048590797 0.0272418266286012
52    	0.006415283760739557 0.0231147469807427 0.0065505403364512 0.0021389971986245 0.0034191131414721 0.0349753276587345 0.0039401376672629 0.0027947831292160 0.3263210856946351 0.0042338315456536 0.2777706006877577 0.0547461665378267 0.0034837776378268 0.0034891774222421 0.0044446282788170 0.0044027465025723 0.0074898917352132 0.0184945281994497 0.2086826405639610 0.0024011502954746 0.0071061396939477
53    	0.006317360700035199 0.0785064583044935 0.0170359785228719 0.0123514174935668 0.0151934654021911 0.0433064735876361 0.0276193788025399 0.0101411897203042 0.1323487831077307 0.0143928271550375 0.2143698805470275 0.0423663538787329 0.0115380920653084 0.0146268989799051 0.0149309986868546 0.0192518935032096 0.0283809942171365 0.0450336371978789 0.2343627778397990 0.0073209670054703 0.0169215270969857
54    	0.006173563773054926 0.2464323445270074 0.0195014976220349 0.0357067074785653 0.0416545570803087 0.0185891548275222 0.0668384804086882 0.0191454275230066 0.0273497279872822 0.0366334395948843 0.0402932967304943 0.0168015406591883 0.0378889310558731 0.0290671036537582 0.0357925607247785 0.0341507282119177 0.1582322905973136 0.0652562238625322 0.0467364209588454 0.0060452709237639 0.0178842923585310
55    	0.006055350348420837 0.0427981617220280 0.0093111141738199 0.0183094473240093 0.0375846458655303 0.0087384724067599 0.0224644082562645 0.0370927664962121 0.0168956376228148 0.1987738143793702 0.0320700689656178 0.0152274700992133 0.0374642841002331 0.0128906534204546 0.0763282912616550 0.3102976337412588 0.0458198509935897 0.0381854094157926 0.0223153748674241 0.0053974448146707 0.0120350529098193
56    	0.0059777176516462105 0.0706534991015049 0.0127084190298023 0.0365486027314842 0.0557494350811449 0.0290538671372086 0.0380410791118325 0.0348249499706403 0.0510640940852759 0.0541207891265860 0.1105435895839481 0.0370723466347005 0.0408471177370906 0.0249224016068162 0.1386994221009150 0.0562725359781647 0.0551766213322514 0.0564248437887282 0.0605990750988493 0.0098115152038950 0.0268657837531720
57    	0.005967131374813307 0.0787545784757540 0.0117775515190716 0.0379737104937906 0.0556751143923714 0.0131421418276169 0.0431292630248375 0.0334468410801301 0.0216229223463928 0.1214419859343580 0.0349196035792432 0.0161491194458900 0.0650766963438794 0.0236574845696334 0.0683405380603192 0.1047775997974570 0.1362032739946776 0.0819721043879361 0.0314374571067415 0.0047795202825547 0.0157224854266706
58    	0.005928315026425993 0.0181578873403275 0.0058297383040178 0.0025802086746726 0.0042377863362798 0.0374901890211310 0.0042848720495536 0.0032698543633185 0.2690977872023814 0.0048637168241072 0.4029428547619050 0.0642054206190477 0.0038223175696429 0.0034037413169643 0.0054308210669642 0.0051053464517859 0.0070212706418156 0.0144795589065476 0.1333684573662202 0.0027049641166667 0.0077032020380953
59    	0.005862150796220347 0.1005904823897668 0.0050859661501881 0.0923589141279157 0.1272024963431151 0.0122683028457486 0.0407435557938299 0.0198298041348382 0.0195464284607976 0.0711492268352145 0.0327835355575618 0.0098762144383747 0.0370573591075997 0.1835590291647857 0.0466325598765989 0.0425501778148984 0.0677308727524455 0.0453923231422122 0.0295907610609481 0.0042615229211286 0.0117904592066215
60    	0.005795986566014699 0.1584593890715374 0.0088059483987823 0.0542821991124810 0.0831960173272451 0.0142035011098935 0.0482180201856926 0.0313558463514460 0.0206808067406394 0.0642244035509894 0.0509656157321158 0.0136186779815829 0.0307520148219178 0.0230187950450533 0.0748295614170472 0.1532565461035001 0.0605026806742770 0.0540348390350076 0.0350603270776256 0.0069719862988432 0.0135628343153729
61    	0.005722764817920449 0.0535076130584244 0.0069137181216587 0.1726274591336515 0.0829798215028519 0.0122051043050717 0.0666485342762448 0.0369286094402651 0.0157352831493757 0.0645566524495144 0.0234837437567442 0.0091203615088639 0.1741130930476333 0.0186869759930630 0.0464237678911670 0.0375448804411900 0.0831307147001696 0.0505417621288731 0.0216157117188222 0.0046428578212425 0.0185933307051025
62    	0.005707767592407169 0.0726854611298300 0.0128201384830757 0.0650386911112829 0.0517771230015456 0.0149836186015455 0.0605180783044822 0.0406718288296754 0.0200704476205565 0.0560928293020093 0.0306974333848533 0.0134487815961360 0.1553017614374040 0.0207935069763523 0.0566152673570325 0.0445452882086553 0.1518160282225655 0.0784231017975271 0.0276070273848535 0.0052108470893354 0.0208827438499227
63    	0.005605433583022435 0.0339930081460498 0.0068485365155807 0.0154390646194523 0.0369740592285175 0.0063190355506768 0.0189979439918163 0.0265991172813975 0.0146905817836008 0.3176724900849850 0.0260179536779981 0.0139305873923513 0.0372373012401637 0.0098323572496066 0.0702630369231979 0.2601769350015731 0.0409993010040919 0.0339274703493861 0.0187355354499525 0.0031452043243311 0.0082004699126534
64    	0.005473105122611141 0.0192122006824628 0.0056262391911831 0.0016046469503547 0.0026757205625403 0.0105756601157318 0.0026064367698258 0.0017564669157641 0.4211846244358478 0.0030029149846873 0.0700099351584461 0.0176119505568988 0.0027594307823985 0.0026088670628950 0.0026004112857833 0.0027636036755319 0.0054596631073502 0.0172198634950032 0.4067550564152159 0.0009084902055932 0.0030578249176338
65    	0.005464283225250387 0.0632967968259606 0.0171832966364223 0.0333809959032935 0.0451240284581853 0.0281963526758153 0.0409430412349047 0.0205502275085567 0.0848611234727155 0.0430545501423958 0.0713542242508879 0.0234289466194705 0.0282429806637068 0.0264910194359057 0.0312322187537940 0.0415034136648370 0.0414118510558605 0.0537143728333872 0.2705825986438484 0.0087259182831773 0.0267220504559251
66    	0.0053681245440181805 0.1630265277732127 0.0064480769614791 0.1414229951191456 0.1050005238718159 0.0128955122101890 0.0723561123697617 0.0264644239255546 0.0177943212185703 0.0409736003516845 0.0369136137781431 0.0101360864391125 0.0425286241216105 0.0403568776144618 0.0554741023385374 0.0611200482251438 0.0694513384897288 0.0501129699441249 0.0299015326218570 0.0056157605196713 0.0120069567534923
67    	0.005352245128768825 0.2177187628152301 0.0301985316017801 0.0191358265587604 0.0214605776909511 0.0119820229101698 0.0601319177303445 0.0122199196901269 0.0209667899587938 0.0195379645358497 0.0258655576100214 0.0143350742675128 0.0375597199732982 0.0239078244087687 0.0220961128994560 0.0180940342312511 0.2669564829404987 0.1216089721625186 0.0434264918361627 0.0030604033469589 0.0097370121414208
68    	0.005309017831701135 0.2007400016616815 0.0189970769094383 0.0369547029222333 0.0388118779754072 0.0296685809903623 0.1683354632269856 0.0204309047008973 0.0374810097676969 0.0346558894340312 0.0606704001163176 0.0203677088590894 0.0314710460073113 0.0302066795724493 0.0301914559780658 0.0376536261851113 0.0697561024592888 0.0486495423529411 0.0515898490162846 0.0097609880576604 0.0236071035739449
69    	0.00530813564196506 0.0672541110649610 0.0188741743593620 0.0286063658983220 0.0307531405053997 0.2040179303871078 0.0404193757700615 0.0346495771581658 0.0451922449426815 0.0291130475472670 0.0781835588802126 0.0292574648795481 0.0312824241397242 0.0216543029092873 0.0272604567037714 0.0331589575324805 0.0526211047350058 0.0431316893271308 0.0551416157268649 0.0308875318225619 0.0985409311380628
70    	0.005291374036979629 0.0717151538973162 0.0084591359123187 0.0616061817209535 0.2246219258209706 0.0230192057476247 0.0377927031055176 0.0226204342940490 0.0447665010818470 0.0608226014919153 0.0628254260226704 0.0201652081258543 0.0318726810201700 0.0248580160785131 0.0549139372612102 0.0481567052208701 0.0485790205350892 0.0576592628688115 0.0656571941706951 0.0071815756116186 0.0227071249174862
71    	0.005273730242258123 0.3570077724991638 0.0345300599618601 0.0136191279729006 0.0174532904307461 0.0102701482186351 0.0673561035463366 0.0083571767880562 0.0195104106033793 0.0145546940217464 0.0223761318952828 0.0121674524096688 0.0203461621226163 0.0189075571635999 0.0155588028405822 0.0134998374459686 0.2133973548009370 0.0824280185530278 0.0481959209100033 0.0025192861417197 0.0079446977213115
72    	0.005128168935805699 0.0278999573662480 0.0148817276072596 0.0096861262255290 0.0116479335934974 0.3200864345432650 0.0117216986734904 0.0350217965043867 0.0382619466230861 0.0127478738026837 0.0949339885016343 0.0256322809547566 0.0165950892224326 0.0087172235754344 0.0147559019356615 0.0153280569351453 0.0258818448752795 0.0207165538431102 0.0384982148219508 0.0348578370982281 0.2221275086530188
73    	0.0051272867460696245 0.1157193357656573 0.0068793842430489 0.0241127849483826 0.0316697185839643 0.0092552415591880 0.0268813573785272 0.0134643676376463 0.0173889964189609 0.0275370061486579 0.0310663610323466 0.0088698049387474 0.0183804542721954 0.4619846206125273 0.0260734433714728 0.0246325544612871 0.0743265912147282 0.0396926543909154 0.0308309834359946 0.0032433968318995 0.0079909437747764
74    	0.005083177259265859 0.0575840517858382 0.0103722096539396 0.0331665981773690 0.0542256281999306 0.0228510441235682 0.0329223785046860 0.0256637276891704 0.0518214149562652 0.2177436461298158 0.0720113549479348 0.0274432737913919 0.0363189064022909 0.0237300200522388 0.0549134829399514 0.0872524293543908 0.0459061689621660 0.0523615981100312 0.0636192950347102 0.0070637531629642 0.0230290123462339
75    	0.005074355361905107 0.1682325071453407 0.0295872727952017 0.0179863539275035 0.0243378814226356 0.0212340443958623 0.0379341114273296 0.0135420897430459 0.0608669759631433 0.0222665941776772 0.0598620376234354 0.0309521132840751 0.0291923712470445 0.0236343728031989 0.0236260778073714 0.0223474868092838 0.1296167854659249 0.1539952170723227 0.1113179096992351 0.0051324533143254 0.0143353460469401
76    	0.005038185582726019 0.0274879422658026 0.0065335534391875 0.0015115991990894 0.0026710763155312 0.0088801152379619 0.0026332726956749 0.0016567766382420 0.3113366028716513 0.0026219442134476 0.0624599157888285 0.0161770683025740 0.0026070653957276 0.0025247533914552 0.0025670199404658 0.0026446256179302 0.0060307272132729 0.0188508743235861 0.5172404412537195 0.0007745514831553 0.0027900654944845
77    	0.004927029675980531 0.0461348365059161 0.0148742571866260 0.0134768411335604 0.0169716266864468 0.1377488247400502 0.0217455060141629 0.0192683566505916 0.1527741145625672 0.0181206293741485 0.1484795269415562 0.0437407706704912 0.0169171492291143 0.0134435724514162 0.0154381806109718 0.0185133843650053 0.0270589269290070 0.0360372155306562 0.1383394843492291 0.0205131695778057 0.0804036238945858
78    	0.00492173653756408 0.1750819747132615 0.0300856350136201 0.0091452304541757 0.0129730224860216 0.0276808426277778 0.0308431019390681 0.0077866480458781 0.1290773699946237 0.0122695015259856 0.0953480707258064 0.0366910230627240 0.0126527140125448 0.0153873625971326 0.0125124339636202 0.0134192414851254 0.0569679507831541 0.0779575150465949 0.2282299264157712 0.0045676450324373 0.0113227993077060
79    	0.004882037999440691 0.0655659443623554 0.0143679336501084 0.0426156547333815 0.0495914198663295 0.0246180418202673 0.0408543771387284 0.0231290732510838 0.0451286413258670 0.0419501983778902 0.0604535490155348 0.0249309714017341 0.0409484755599711 0.0246225342615607 0.0376617999349711 0.0455450453161127 0.0760372321748555 0.2467845162572249 0.0625732509682081 0.0090174618609104 0.0236038809082370
80    	0.004859983256038809 0.0540544236375181 0.0133177511384253 0.0212737109579101 0.0241146202884616 0.0457626499713353 0.0276419188748187 0.0175093322543541 0.0658183604354137 0.0256460130275761 0.3906526113933234 0.0514398289644411 0.0211627863200290 0.0165955694297895 0.0263919942779390 0.0319669193124093 0.0308203301959361 0.0331418618196661 0.0645913732129899 0.0115567663416183 0.0265411834667997
81    	0.004834399753692625 0.3560283229927011 0.0247310963350365 0.0275700067156935 0.0323839823354016 0.0228850544804745 0.0712696950875912 0.0176576963111314 0.0352040260127737 0.0305920935713504 0.0579549187481751 0.0202530082930657 0.0232936004864963 0.0207162860994526 0.0254483322651460 0.0322897114120438 0.0735158958978102 0.0470653084562044 0.0542015795985401 0.0071183158269160 0.0198210640702555
82    	0.004824695666595797 0.0379015647841200 0.0133771289443469 0.0064965214121844 0.0084965826642883 0.1634972092572270 0.0140110861287963 0.0109950343097329 0.1229030227881450 0.0091580782261250 0.3021518443102820 0.0644018987760704 0.0092012300497622 0.0082601002983992 0.0109586601112331 0.0115564945455545 0.0207596729323088 0.0251975543230881 0.0955834046249543 0.0158070627929016 0.0492858456855104
83    	0.004809698441082517 0.0542248907410126 0.0067307722366838 0.3147681318782094 0.0873491251375642 0.0110423174834923 0.0541682160895084 0.0299960108934336 0.0151543813439107 0.0409739802384446 0.0235091685691489 0.0085638390284299 0.1176537197157005 0.0209538618789435 0.0346047294427733 0.0285276441524212 0.0689751969314013 0.0432024471019809 0.0212568006144533 0.0044093176482025 0.0139354423719737
84    	0.004802640923193915 0.0904331766972814 0.0248758146644012 0.0397322545721896 0.0352962470303086 0.0216340114011756 0.0552805545775166 0.0241052939048494 0.0243236992332842 0.0392244785525349 0.0380769658247612 0.0160521522865540 0.0635084427847171 0.0273714089474651 0.0336989179757531 0.0369585718332109 0.2797093378030864 0.0902652637086700 0.0333446278820719 0.0065946112014879 0.0195141565137767
85    	0.004767353333750903 0.0587819634659512 0.0050365722159512 0.0159879307180976 0.0107972606935603 0.0029341140632865 0.7851209100666160 0.0045330903351221 0.0039262865210953 0.0094633466713546 0.0055896454863064 0.0029288610705033 0.0180569560397854 0.0046074799648408 0.0064893539091413 0.0097154571060325 0.0349364699407846 0.0098397401896743 0.0072335366702441 0.0014534936415063 0.0025675301215766
86    	0.004703835672753481 0.0504146588447112 0.0075784117998875 0.0546617825637659 0.0348358403038260 0.0116153455588898 0.5106171322205546 0.0160185708794074 0.0153530825536386 0.0348098110896474 0.0235535925660168 0.0091086315438860 0.0586127120418230 0.0136370286626032 0.0240729998255813 0.0297600212398725 0.0471541550018755 0.0229899062659413 0.0193690975243808 0.0045367257004126 0.0113004941067142
87    	0.004656197427005415 0.0659995176904130 0.0155342451236832 0.0062175863031452 0.0093575146330049 0.0180005783999621 0.0105086647343693 0.0049135085009473 0.2021647110515351 0.0083891487468738 0.0908522516635089 0.0277201576125426 0.0071764731108374 0.0080755989884425 0.0075197223025767 0.0090504298453961 0.0190515678590377 0.0454548116294051 0.4339125022735890 0.0022748818916825 0.0078261183164077
88    	0.0046253207862427806 0.1913065551678108 0.0260456355701373 0.0171965907362700 0.0210756390961099 0.0419093124355454 0.0505006452555301 0.0134325087505720 0.0746870642353165 0.0191638143215675 0.1916508082570557 0.0442676257227308 0.0169760916294812 0.0159105406109840 0.0202500325556827 0.0257573252188597 0.0486098328775744 0.0519961539511823 0.0987774345385202 0.0102663237894546 0.0202200670049580
89    	0.004542394951051703 0.3033627297087377 0.0423322390464077 0.0113613235103302 0.0154892867813592 0.0182616418897087 0.0447611529029127 0.0088029539656310 0.0608911347883495 0.0134489774724271 0.0554425536504854 0.0242482536601942 0.0139007810170874 0.0155519518332040 0.0136782586398058 0.0148128394304853 0.0840033002174757 0.0882033035184467 0.1562218771067961 0.0040909648693204 0.0111344690615535
90    	0.004507107361608691 0.4816637940888620 0.0327632973243296 0.0118391165396359 0.0161086174131924 0.0096877204325700 0.0497293542836171 0.0070339965674301 0.0282534657034643 0.0126672970939520 0.0284130091285967 0.0125855512468194 0.0117279212348796 0.0149378719391271 0.0108809590688980 0.0118954341213544 0.0929127516267372 0.0710553757623801 0.0862474087159914 0.0025165637594441 0.0070804954449011
91    	0.004501814223192239 0.0248959205878896 0.0134973938187341 0.0103630148075642 0.0115450917309424 0.2463164516950816 0.0112919469208307 0.0565598912524005 0.0251446576288457 0.0131497052475016 0.0607558894277876 0.0170430760828924 0.0184930386266902 0.0083205531926318 0.0153108340450715 0.0167114343770331 0.0247217900921027 0.0193229734469922 0.0278533065941601 0.0398012734924555 0.3389017530864199
92    	0.004328022845185405 0.0463281730819404 0.0063517997486751 0.0735345958968611 0.0732207693334692 0.0123420184853241 0.0477247296106808 0.0376122896331023 0.0194738758840195 0.1715641026498169 0.0285946900856093 0.0111530685729719 0.1436435392784347 0.0157416430931511 0.0674228702058703 0.0744589513982880 0.0763323340746025 0.0512230499184672 0.0212892698946186 0.0038910882484713 0.0180971451314717
93    	0.004273327081548737 0.0530922991370768 0.0108932104925681 0.0446438195924855 0.0401677354366226 0.0269370603777870 0.3490711341866223 0.0197478395187861 0.0463514383298927 0.0405523715827828 0.0623142954624277 0.0177961681593724 0.0398698665018580 0.0232530085483072 0.0303616329232040 0.0378939142799339 0.0402853036540050 0.0342862924525186 0.0498205518848060 0.0102368832336912 0.0224251752952106
94    	0.004258329856035457 0.1351344134452040 0.0148029457694220 0.0488088734754506 0.0425612429676818 0.0166950228846075 0.2859332469442721 0.0200224131955666 0.0199439455608039 0.0354665679693391 0.0325023792977006 0.0128114210055935 0.0469565272326497 0.0299984586202610 0.0314265311037912 0.0365387368862647 0.0894711863020510 0.0464394559084318 0.0317540500621503 0.0071126414035633 0.0156199419975140
95    	0.004232746353689273 0.0630702041267194 0.0037218850888495 0.1138528016285950 0.4132182867861607 0.0056527367721968 0.0265000565339725 0.0159869828232597 0.0117125102884537 0.0584244512978324 0.0185158995356398 0.0083407207822009 0.0299651577751147 0.0117154400345978 0.0895186559993747 0.0300752808140892 0.0372644781765319 0.0308726386285952 0.0224656519989579 0.0021100433552313 0.0070161247897041
96    	0.004225688835800671 0.1125069285908142 0.0115911347799583 0.0355354217242171 0.0385466764281837 0.0131092548004174 0.0437543115052192 0.0210483754369520 0.0204954583528185 0.0378895888286012 0.0359031880584551 0.0121030033912317 0.0390120889937369 0.2010607991649273 0.0397126446868476 0.0337529462572025 0.1693570213778706 0.0843998392004175 0.0331998513966597 0.0044144480716284 0.0126070055492694
97    	0.00420716285134309 0.0657456463745021 0.0077024444005033 0.0351932685500105 0.0214123109754666 0.0051408311864122 0.6550820211784452 0.0089661249565947 0.0067808593373873 0.0186775338649612 0.0108516290754872 0.0047946405365906 0.0366683728077165 0.0082581046978402 0.0132849567861186 0.0168168770545189 0.0493695068337177 0.0163082796405956 0.0115808909689664 0.0022156215637869 0.0051500776227720
98    	0.004203634092398789 0.0152936194796475 0.0048314419563156 0.0015042266391944 0.0026899385984055 0.0136489439320185 0.0024482367335291 0.0017045098206461 0.5027050694502714 0.0030119561999582 0.0923411742677298 0.0247216200365086 0.0027685096053295 0.0022123526088964 0.0026070856955518 0.0027202314001260 0.0054730232878724 0.0164902713327737 0.2982716426772977 0.0009460562012589 0.0036100973338229
99    	0.004186872487413358 0.0236798794016006 0.0020329578546356 0.0050887503209015 0.0035254061038771 0.0011906139425412 0.9166611165191744 0.0019223940794353 0.0014930305406658 0.0032002453931733 0.0023777815497259 0.0012564801375895 0.0062752853409185 0.0017269831978718 0.0024937745865993 0.0038259532494731 0.0152158273299624 0.0037148527865573 0.0026636510132747 0.0006334024612306 0.0010215995979353
100   	0.004160406795331099 0.0123352236989613 0.0090202197159847 0.0039600163381386 0.0047332376694932 0.3848484647021417 0.0046952651848633 0.0299154297924529 0.0158442147986005 0.0052649678486326 0.0457609005193981 0.0120227995615858 0.0085756013360188 0.0033635177065932 0.0066747646979011 0.0068058137222812 0.0129388315471696 0.0092735720752598 0.0166054500811957 0.0258768883205427 0.3814848202247179
101   	0.004045722129641311 0.0079263307448757 0.0037848579808111 0.0014831663770170 0.0021958114153947 0.0395121616931967 0.0020824352025730 0.0026741854007850 0.0690951237038814 0.0029200948015700 0.7279415366332309 0.0674329132972088 0.0021452395808985 0.0027810770497166 0.0044528935832970 0.0034295321016138 0.0058223251942869 0.0069553532243784 0.0401878205233318 0.0021114954561492 0.0050656520433930
102   	0.004043075560433085 0.0634395251451014 0.0168623021352826 0.0263978606748854 0.0413341165001091 0.0178666934874536 0.0347337791293912 0.0535243134453416 0.0267881734507964 0.0781366538490072 0.0509605285228016 0.0179908009954179 0.0350588608496618 0.0213329414675977 0.0670562708706088 0.2817414267946763 0.0519757061073533 0.0463451852542003 0.0361446568274056 0.0104351846548113 0.0218750232000873
103   	0.00399896607362932 0.0931468528082947 0.0191976858513126 0.0280459346390911 0.0213407800555924 0.0098188990928745 0.0400637631974409 0.0136748183123759 0.0171367961350100 0.0241136871354512 0.0202687532715642 0.0120266717094639 0.0584781458371938 0.0207866322788440 0.0210585057690272 0.0215887789399955 0.3111178131480253 0.2279563359805861 0.0280501919523495 0.0030932517057136 0.0090357101983234
104   	0.003980440089171739 0.0505011909685284 0.0124048038446365 0.0707541050999557 0.0392805216888298 0.0182848611635638 0.0511302988209220 0.0653743534259751 0.0202165652675089 0.0551526663497340 0.0295344393949468 0.0138196634199912 0.2900267420212767 0.0143921768062944 0.0422918618528369 0.0423968998585993 0.0827572802504432 0.0458721162632978 0.0245027428067375 0.0053258621308954 0.0259808529519060
105   	0.003962796294450233 0.0734167446237756 0.0079689006613758 0.1722830597506677 0.0819680534394480 0.0116719674864202 0.0587807296571683 0.0238350228995993 0.0165941726725288 0.0446158755498664 0.0257591106048532 0.0096952919314337 0.0894718806589493 0.0298428061455922 0.0395066236104185 0.0318327317909617 0.1538459185886019 0.0854697652315226 0.0242022692275157 0.0046361026326803 0.0146029695249333
106   	0.003953974397089479 0.0481944425278893 0.0081798410375725 0.0289911636146809 0.0798036476572959 0.0084808578857652 0.0217751396742527 0.0505738459167782 0.0174597405140564 0.1568639950557786 0.0393066615194110 0.0165420787710843 0.0415493776082106 0.0132543918543061 0.1879832916108883 0.1553491764457830 0.0449071894332887 0.0398569097880411 0.0239055156285142 0.0043806433808568 0.0126420904663097
107   	0.003946034689464802 0.0206467704672478 0.0059030769139280 0.0076215796765035 0.0181202376011625 0.0044821051509055 0.0129602902027722 0.0218219177596691 0.0099300261225128 0.3176199550637154 0.0183591862403309 0.0097267678987257 0.0245447063112006 0.0070357817645876 0.0474401313525598 0.4034313903420520 0.0273881599821148 0.0217832302168568 0.0118923924115808 0.0029192565776660 0.0063730492197630
108   	0.003941623740784425 0.0116039439393465 0.0092069749112802 0.0039884341271261 0.0048363299203222 0.2787780087287383 0.0047087142461952 0.0376937264679946 0.0122685183406445 0.0055555052477621 0.0304877667994628 0.0082104646797225 0.0097558157735004 0.0032152545919874 0.0068944358910026 0.0072178963760071 0.0124423990998210 0.0089908876367501 0.0138134729706803 0.0233199710152193 0.5070114926141456
109   	0.003916922428174317 0.0434030763558558 0.0039145449662162 0.3807350876126124 0.2046801195720722 0.0049027808747748 0.0370924033558558 0.0184337873504505 0.0070825567632883 0.0331069914889639 0.0115575144565318 0.0055935424459459 0.0822216171729729 0.0140745912862613 0.0382182360993243 0.0181750984376127 0.0479298417972973 0.0279086961036035 0.0123466571038289 0.0017216183361486 0.0069012407333333
110   	0.0038595800953294228 0.0451019146422857 0.0145665378128000 0.0395610816813715 0.0397917634742857 0.0283314052806857 0.0278376543732572 0.2175869274057144 0.0197538195371429 0.0528868166034286 0.0381966235931430 0.0154683914537143 0.0979054753280001 0.0154802302139429 0.0872308021280001 0.0726573652457143 0.0587844748937143 0.0388430066240001 0.0256890934057142 0.0083062110148571 0.0560204038377143
111   	0.0037890049164433994 0.0594787948917346 0.0129181814540163 0.0223395817236321 0.0421791340884750 0.0271574882209546 0.0240115959678697 0.0292935650884750 0.0547354416880093 0.0969928791012806 0.1726138188125730 0.0427714218975553 0.0268540547310827 0.0146136761506403 0.0592680744842841 0.1458580523632133 0.0362747271478464 0.0417465773573923 0.0551644203864959 0.0099271536826542 0.0258013685392317
112   	0.0037669501730415167 0.0337111350468604 0.0157719881061387 0.0089440235154638 0.0110415739540769 0.2518766890815374 0.0135092590679476 0.0231394802167292 0.0710146735684161 0.0124511343552015 0.1948984405342081 0.0510390134910965 0.0134741239843018 0.0090772638163074 0.0144969342729616 0.0143903009367385 0.0247530380131208 0.0231925446836926 0.0620165935613871 0.0276996515829428 0.1235021377671038
113   	0.0037537173270003874 0.0910698874383079 0.0183399205854289 0.0262733249527615 0.0265945267981198 0.0116376706756757 0.0295054324841364 0.0136442063146886 0.0286202462815511 0.0302976302528790 0.0291128487520566 0.0176815390434783 0.0437105342481786 0.0187959966850764 0.0230920723097532 0.0246269842272621 0.2031879277085781 0.3044848716803760 0.0448688863431257 0.0040397966947121 0.0104156984507638
114   	0.0036946106146833425 0.0658039837019346 0.0160283263119178 0.0172036254764748 0.0272626103943157 0.0237243087329830 0.0207871194530689 0.0154057452008598 0.1463717857415812 0.0327705721478385 0.0850835487795558 0.0433112522476713 0.0289923209976117 0.0160818948980177 0.0273126665039408 0.0298642817807499 0.0660645504848340 0.1721621112968714 0.1430682805182708 0.0053246024432768 0.0173764073816575
115   	0.003577279379785328 0.5939002880394577 0.0221101140192355 0.0047222039410604 0.0065959164451295 0.0045443973644883 0.0584413597916153 0.0033705883173859 0.0100061893159061 0.0053346342337855 0.0103260050103575 0.0059454966189889 0.0068185374434032 0.0084774783990136 0.0057385852900124 0.0057756064364981 0.1673615921085078 0.0429568982836005 0.0329708532725032 0.0012241332353884 0.0033791136951912
116   	0.0035384630313980148 0.1759665411867364 0.0032966510987784 0.1152415235499876 0.2582581363749689 0.0076954223590127 0.0360701020344054 0.0158379558122663 0.0133968269072551 0.0535767881894789 0.0238418317978058 0.0071568606566941 0.0295665748075293 0.0266974043921715 0.0636173536606831 0.0385694233757168 0.0570932676315133 0.0403326076389928 0.0236146635599601 0.0030408814960858 0.0071291849456494
117   	0.0035155260982600574 0.0200294686022586 0.0041433468820577 0.0076110824313677 0.0206574379673776 0.0035032231741531 0.0114846352986199 0.0153984893666248 0.0092391626712671 0.4524487819322450 0.0150626128135506 0.0098853024434128 0.0264206130386449 0.0064212518818068 0.0443018746494354 0.2882520117942283 0.0254435031744039 0.0223563668557090 0.0108793608928485 0.0020659802123714 0.0043954892107904
118   	0.00349435354459425 0.4753997662206511 0.0239477708902297 0.0063304687056299 0.0080036255604644 0.0050363714382732 0.0634326049671800 0.0041410360005049 0.0088527361120930 0.0065341244105025 0.0102928311454177 0.0061871502055036 0.0104112279941933 0.0091683155781368 0.0075143642789699 0.0065880850237314 0.2669293577379447 0.0500134995228478 0.0259425107624337 0.0012828669399394 0.0039912861714213
119   	0.0034440687296379583 0.0885449754303279 0.0054756148567879 0.0140268958452869 0.0198590881506148 0.0065638780509733 0.0175093282584529 0.0100946745302255 0.0123150546641905 0.0176143039098360 0.0237213411757172 0.0066589687336065 0.0120471027914959 0.6098700681352441 0.0188473925335553 0.0164282674164959 0.0602452410937500 0.0296002532607582 0.0223409462090163 0.0024512848301742 0.0057853239431353
120   	0.003414074278611398 0.0548648900155039 0.0069947452144703 0.1711667775452192 0.0848147656072352 0.0120963395847546 0.2056051312661499 0.0258371356953488 0.0160993218178294 0.0483544810852713 0.0257118197080101 0.0089385433795866 0.1022424043700260 0.0215546541338501 0.0384180511162791 0.0347252164961240 0.0660100873385013 0.0361258825245478 0.0218622300602067 0.0049696212364341 0.0136079100891473
121   	0.0034017236223063438 0.0490758762406015 0.0118651649569614 0.0275119725457610 0.0310682219022557 0.0327575637282862 0.0381138754368680 0.0173880014656469 0.3066037627689917 0.0329885178275861 0.0857207804122375 0.0332780613559761 0.0257193044202748 0.0180761792631579 0.0217474748911071 0.0315233798125486 0.0339431130930775 0.0444664398548094 0.1274322870339642 0.0073140091485610 0.0234060025877625
122   	0.0033911373454734405 0.1827990592872012 0.0046543459610562 0.0491417118811134 0.0787651353329864 0.0128048224422477 0.0376987034209157 0.0170573989992195 0.0225458824029656 0.1934518165972945 0.0378282645460459 0.0136180895587929 0.0386260354058272 0.0253356096922477 0.0674516971279916 0.0572613898048907 0.0621675316831426 0.0471080603407908 0.0350189989984392 0.0042433567804370 0.0124220837203435
123   	0.0033876085865291393 0.0207524848177083 0.0090785690380208 0.0036636425001043 0.0050469981388021 0.1553144899999998 0.0064386876216145 0.0074096294760417 0.0829994829479166 0.0060321713026043 0.4730393635416668 0.0828262032317709 0.0054310841841146 0.0053193431192709 0.0089115324356771 0.0073667972359375 0.0124876133281252 0.0147303969739583 0.0549081651145834 0.0091088553208333 0.0291344849276042
124   	0.0033232087357956425 0.1352810819936288 0.0138204498813379 0.0354326658614282 0.0282161208861163 0.0096739493514733 0.4237491975046456 0.0134048074011149 0.0116725748234669 0.0237276694369525 0.0184760689354922 0.0087131587132997 0.0385928539872578 0.0176924165115476 0.0203620701720202 0.0245163550132732 0.1068925120812317 0.0347149770215025 0.0216731605972922 0.0042149939588532 0.0091729249819485
125   	0.0033108580794905884 0.2867366472155605 0.0040769699369838 0.0720499183586465 0.1333228439381827 0.0097437612358113 0.0426159465949907 0.0171770300175859 0.0163010388590461 0.0642777552731148 0.0321054323367972 0.0089716893511857 0.0272667251412204 0.0193998966477484 0.0668174943618439 0.0650421571835865 0.0547418410418332 0.0399635299600320 0.0266735652438049 0.0042278672249667 0.0084878794492406
126   	0.003309975889754513 0.0366441333635396 0.0020435321841418 0.2560375159914708 0.4698882174840093 0.0027049160786247 0.0189145324744137 0.0098489676839019 0.0050972226950962 0.0278656449147122 0.0091058920007997 0.0042399682468017 0.0280424825703625 0.0078584771431238 0.0497367264123134 0.0117554602097547 0.0263476569376332 0.0176928523240936 0.0114237139954690 0.0008106143348348 0.0039414746444563
127   	0.0032923320950330073 0.0494086025053591 0.0050006679620311 0.0248076487483922 0.0569428534155949 0.0071412495144694 0.0232785902601822 0.0201828035790461 0.0170563715286710 0.3818881492497328 0.0257331376688103 0.0143189173587889 0.0497082121918542 0.0137186303850483 0.0725416043386924 0.1178446392256161 0.0434806527165059 0.0432300152277599 0.0224930874464095 0.0028636724357717 0.0083604910120579
128   	0.0032738061105754258 0.0504372204610408 0.0143134788379617 0.0135166410585064 0.0203812586794284 0.0481081176705312 0.0189052808153141 0.0161023906370989 0.0775776050067404 0.0268857094847668 0.2697605260177948 0.1697805543273117 0.0192643498851442 0.0110403227662443 0.0356337391941224 0.0285569489355622 0.0359696984011863 0.0448143992073335 0.0661237710595848 0.0096710019466163 0.0231569798856835
129   	0.0032358719519241883 0.2471080242639034 0.0101138081783261 0.0308207893260633 0.0403649851368594 0.0122692602393675 0.0447033374427481 0.0138451654820066 0.0229630579255726 0.0290634713306979 0.0332847611125954 0.0116026170370775 0.0208143206264995 0.2309201292257362 0.0270771072055616 0.0291126184193021 0.0830606491821156 0.0501708843702290 0.0475443159323882 0.0049416274997546 0.0102190659163031
130   	0.0032261678648273597 0.0755847305988515 0.0163634779950779 0.0300340264388843 0.0362937405359584 0.0376613233934919 0.0388895574077112 0.0222805159663659 0.0656553860650807 0.0428967676483456 0.1020602519824993 0.1783447270440252 0.0340760422094613 0.0202455024325950 0.0466742210336341 0.0394915111268800 0.0517675544353295 0.0574647046322122 0.0659999116680339 0.0104840835619360 0.0277319665873667
131   	0.0031714721011906915 0.0855433938692629 0.1602385319054238 0.0298255032489569 0.0324260205535466 0.0378982865257302 0.0484756980667594 0.0250820705952712 0.0495676529902643 0.0345385111182198 0.0745914512322670 0.0281228154742698 0.0389588374242003 0.0249778322767733 0.0305737982892907 0.0390394954492351 0.0759346508567455 0.0614120719666203 0.0750263145618915 0.0132013606197496 0.0345656988011127
132   	0.0031679433422463904 0.0316691025703147 0.0022370364701197 0.3766110348092450 0.3520321431356172 0.0027813385822891 0.0228769457930939 0.0109839888588137 0.0050865842144250 0.0227062805059872 0.0077396178114732 0.0040013611854637 0.0407340482692843 0.0095711971069340 0.0363220607076023 0.0106294139807853 0.0302984319259259 0.0188494790481759 0.0098736582255638 0.0010368522981342 0.0039594235703147
133   	0.0031485351680527337 0.0129349073606053 0.0089094665255534 0.0036435458044270 0.0046239202373213 0.4983443715326421 0.0051663808579434 0.0188174129439619 0.0192356226948725 0.0049021208792380 0.0615834904314934 0.0153469775441300 0.0071952767811712 0.0034318407128047 0.0060929417806107 0.0061661493457552 0.0125181746735780 0.0095179017859344 0.0200159295043428 0.0234081781885682 0.2581453978705522
134   	0.003110601009401496 0.0614839016803744 0.0030767792236245 0.0618530233610323 0.2046448416052187 0.0070763735876348 0.0233796420635280 0.0166411998633012 0.0165729116817924 0.2365865952921160 0.0233624990487804 0.0101442357716960 0.0472842180263755 0.0152521502872944 0.0852463500465117 0.0674540307161089 0.0424379079106636 0.0431409738825865 0.0226420002935337 0.0021512230049631 0.0095691529699376
135   	0.0030488477278762254 0.0548956418489583 0.0057124609647570 0.0369766396417824 0.0747137559519676 0.0138392032152779 0.0262468201012731 0.0205350319814815 0.0362893176388889 0.1565001812789352 0.0373485620052084 0.0155825945448495 0.0410478799739583 0.0170632260046296 0.0586778363049768 0.0668732287065973 0.0708120290596065 0.1876251078993056 0.0590079572453704 0.0054773215630787 0.0147752113700810
136   	0.0030056204308085356 0.3191509533313768 0.0246954647719401 0.0153129304106252 0.0173364091520398 0.0130128974047549 0.2323925811564427 0.0086258026768418 0.0180063859113590 0.0143420964602290 0.0249188164103316 0.0121558768978574 0.0195680244071030 0.0173759222905782 0.0140465899468740 0.0149314141394189 0.1379485665981802 0.0466345218784855 0.0372033011300265 0.0037821298121514 0.0085593268955092
137   	0.0029915053950313308 0.1442612944188791 0.0343013766737463 0.0085936018669617 0.0120731245873155 0.0156644173648968 0.0176544806731563 0.0068904797247787 0.1052721224041297 0.0112468496740413 0.0589194562300885 0.0226325058882006 0.0097565308327433 0.0118381570707965 0.0104557220554573 0.0127052525241889 0.0342167529646017 0.0712802486017699 0.4004428008849559 0.0030246282334808 0.0087701928864307
138   	0.0029818013079345026 0.1249766535000000 0.0354768014727811 0.0212403553940828 0.0160736253136095 0.0108742935547337 0.0594412396597633 0.0124087199502958 0.0128448033017751 0.0170603657390532 0.0190268794053255 0.0094976372062130 0.0476265584946746 0.0195502787940828 0.0159680406449704 0.0174835076630177 0.4312031544378709 0.0944298220562130 0.0213822117928995 0.0032746366677515 0.0101604323795858
139   	0.0029597465645326204 0.0223514442533531 0.0076308602807749 0.0034269688274219 0.0061858268929955 0.0463857824369598 0.0055204416005962 0.0054097169111774 0.0848245276780924 0.0083431332482860 0.4526338873323398 0.2250535806259314 0.0058999266983607 0.0042921115284650 0.0144197774298062 0.0090666455400894 0.0124217727809239 0.0186062463636363 0.0520025367153502 0.0042184889773472 0.0113063314140089
140   	0.0029412205800750393 0.3211605866826634 0.0255862474622076 0.0087237943935213 0.0095954355668866 0.0064205471793642 0.0532870176505699 0.0058661576157769 0.0083095403578285 0.0081174990431914 0.0111451117708459 0.0066620580452909 0.0162871745350930 0.0113971058350330 0.0097391108503300 0.0083028342144570 0.3987394913017394 0.0615741775464907 0.0220636533005399 0.0017677633281344 0.0052546842003600
141   	0.0029262233545617592 0.0275064181037083 0.0103877049801025 0.0098328552396744 0.0189256859104613 0.0070214134075973 0.0165048350310520 0.0324435303201688 0.0127573978242387 0.1526928598492618 0.0250744545040697 0.0103265248712693 0.0222949387488694 0.0085702065191438 0.0488751422761531 0.5147468284594507 0.0306826192553512 0.0224311882182696 0.0149056658549896 0.0048101035649683 0.0092096170162798
142   	0.0029191658366731566 0.0419744015352070 0.0064593671465700 0.1042943010788759 0.0483593180991236 0.0086747422287700 0.3458711628890904 0.0259809008643095 0.0106391235424603 0.0508773825747960 0.0183444536476278 0.0071183806826836 0.1404163753315202 0.0115140396524630 0.0356510195285585 0.0331597743345421 0.0603081164218797 0.0234060631707464 0.0141193230749470 0.0030294513379269 0.0098023055992747
143   	0.0028582947448839613 0.0612773063950618 0.0173200790780864 0.0312178097925926 0.0311835700929013 0.0709737378302470 0.0459909794660494 0.0299397700123457 0.0418189243456790 0.0348848921049383 0.0807310391759259 0.0278904110648148 0.0319679630462963 0.0252292716098765 0.0319860728333334 0.0456519851833333 0.0533053413950617 0.0457008543302469 0.0503654921450618 0.1767563607098762 0.0658081245185185
144   	0.002774486719956808 0.0500640776915739 0.0109240692419714 0.0143748636629571 0.0100924150391097 0.0054975596225755 0.0180500693300477 0.0067982652629571 0.0108312968798092 0.0132059519408586 0.0117040752798092 0.0077814940858505 0.0330059455065183 0.0086993093758346 0.0099737049135135 0.0109941902944356 0.3035385062003181 0.4500510146263910 0.0178029982321145 0.0017838857306836 0.0048263094343402
145   	0.0027039115410707843 0.0236294287145188 0.0127978194220228 0.0060573421778141 0.0066013230088092 0.4488733722675369 0.0101080610642742 0.0122538521203915 0.0533054444861338 0.0073812661598695 0.1557189797520391 0.0345751180238173 0.0090274463164763 0.0057993576150082 0.0075432423954324 0.0087652332453507 0.0202081091223490 0.0174583534681893 0.0454141528776508 0.0214224739827080 0.0930596220854812
146   	0.0026977362129182573 0.2762435683453237 0.0276135104676259 0.0130191114179202 0.0164003135987574 0.0106078978057554 0.0362872966121648 0.0078257592789405 0.0287687304774363 0.0158222589153042 0.0285101892282538 0.0177452188011772 0.0198674971863964 0.0172626369663179 0.0140190589133421 0.0139490246406148 0.1360099386118378 0.2350225899280574 0.0746457670307390 0.0028040082930020 0.0075756226157619
147   	0.0025698187011873393 0.0273228827875043 0.0038109394809475 0.5522758613113639 0.1168398995296944 0.0036324806062479 0.0284113560247168 0.0183077577301751 0.0057153639258498 0.0190389110885686 0.0084606068801924 0.0041786352282870 0.0949081017404737 0.0083675240425678 0.0209212455506351 0.0122268192389289 0.0387377601785101 0.0206583471815998 0.0092162618661173 0.0013570307768624 0.0056122177940268
148   	0.002524827024647499 0.0161565324358616 0.0046316860239427 0.0030706161483048 0.0040222602284866 0.0250034026207619 0.0043997910139811 0.0031110135301992 0.4584085725270891 0.0049142322873120 0.2062177412792731 0.0562291846766865 0.0044461639626005 0.0033933010203077 0.0049002035096121 0.0050497451243970 0.0076814692079693 0.0167884599762321 0.1622823003477804 0.0020995381620063 0.0071937834910870
149   	0.0025133585580785203 0.0488456211793612 0.0110021187755002 0.0028156864513865 0.0039710761154790 0.0076780801414531 0.0042426593144963 0.0020321291468234 0.1743484104387501 0.0036035126865566 0.0423849235465075 0.0133883255668656 0.0032095049620920 0.0032311322351702 0.0032372371832222 0.0038689600631802 0.0088982977328886 0.0257311191382941 0.6330788013338022 0.0010890806107757 0.0033433292653563
150   	0.0025133585580785203 0.1363129256300456 0.0213633493173043 0.0305237124468234 0.0259900167244647 0.0108295786809406 0.2363478027378028 0.0145482444977185 0.0135065048785538 0.0239080395647595 0.0205225158164268 0.0105786143246753 0.0519517866426816 0.0170613810508951 0.0220799289090909 0.0240687933776764 0.2410755212355212 0.0626276611512811 0.0229106722850123 0.0039838214201825 0.0098091229652510
151   	0.0025124763683424447 0.0950718435172171 0.0239952024498946 0.0125080722434996 0.0190937470558678 0.0143839099894589 0.0181756986823612 0.0096691711219255 0.0896701255411104 0.0186541450105411 0.0518047290829233 0.0259861567319044 0.0192400414125088 0.0132143402529867 0.0177202902947997 0.0188673898664793 0.0617188959311314 0.2300215997891778 0.2458287607167952 0.0036217868678847 0.0107541014494027
152   	0.002494832573620939 0.0402932692927864 0.0175930626760962 0.0216563732553042 0.0232323803903819 0.0896908086704385 0.0178983412570720 0.2027480966053746 0.0205201793352192 0.0285645291018388 0.0465987690594061 0.0155075399504950 0.0524589424823197 0.0107143485304102 0.0407195841053748 0.0408915534335219 0.0433016985466761 0.0284825626166902 0.0257588653500706 0.0201433885912306 0.2132257148868461
153   	0.0024851284865241106 0.0309523527703230 0.0054269539772453 0.2652161551295699 0.0525628793787717 0.0065236116375577 0.0546886302708555 0.0283412673383032 0.0093539401998580 0.0381219367227547 0.0117905601008164 0.0053029148778843 0.3026802605608805 0.0087604968516152 0.0233899072634008 0.0189276291082711 0.0765593992651757 0.0354545830173944 0.0117032974650339 0.0021436676606319 0.0120995443691871
154   	0.0024815997275798095 0.1843727808389617 0.0109960900888731 0.0131343647589762 0.0109116015023107 0.0057702742918592 0.5783159203697116 0.0057130266718805 0.0070977767870601 0.0095009925854959 0.0104904694454319 0.0056680144166370 0.0159647282015642 0.0082852520792747 0.0081448725862069 0.0101679019992890 0.0744667275790971 0.0201597931852116 0.0142939210277283 0.0020982059196587 0.0044472758229648
155   	0.0024463121381367975 0.0578833807573025 0.0163331624186801 0.0575243099855752 0.0236050374864768 0.0090705008864046 0.0549065455102777 0.0279887028914533 0.0131560159300397 0.0325057449437433 0.0159707581932926 0.0083489601186440 0.2344429743959615 0.0122716253314100 0.0257851012188965 0.0245162674749369 0.2685379549224665 0.0863051085142446 0.0168076114569059 0.0026473748499819 0.0113928511619185
156   	0.0023677972516260963 0.7173280737704903 0.0149024717339046 0.0032263561158718 0.0040784453032786 0.0030887491434426 0.0574786130737705 0.0019306062362146 0.0078977876359909 0.0034456077097616 0.0082577013669896 0.0043139493941878 0.0037742199064829 0.0055730263345752 0.0034627355182563 0.0037152442008197 0.0942505864094635 0.0279512327488823 0.0320953548900894 0.0009633392672131 0.0022659132354694
157   	0.0023572109747931926 0.5058113678892215 0.0195582978113773 0.0066563001294910 0.0080388778133983 0.0069924364973803 0.2156174191616764 0.0043818215991766 0.0112524528158684 0.0067201538869759 0.0148889950235779 0.0083933992653443 0.0080609874850300 0.0097448144371258 0.0066871253398204 0.0074781647238024 0.0973612516953592 0.0286468806586826 0.0268956458383236 0.0021019496615644 0.0047116471418412
158   	0.0023519178363767407 0.0542189593098275 0.0089251638162041 0.0487193479939985 0.0515192484519880 0.0139887638975994 0.2120017704426110 0.0346237091800450 0.0178100882134285 0.1236075359714929 0.0306533152475618 0.0119096471117779 0.0810745941447863 0.0179557225472618 0.0548077618904726 0.1050372414741186 0.0572267722618155 0.0325128892760690 0.0228092796834207 0.0057255040441485 0.0148726720281321
159   	0.002319276816141955 0.0205077303344736 0.0113381086738883 0.0037027135077917 0.0044375426066134 0.3140068213607001 0.0066188616480426 0.0078504678715317 0.0662968398061574 0.0052979292744205 0.3395470532117071 0.0614285014899278 0.0056901044846066 0.0047051710916003 0.0066842634842265 0.0065239065993919 0.0133463493994679 0.0136164165982516 0.0481077243253515 0.0139168395332573 0.0463766550600532
160   	0.0022795782780185665 0.0713357435835914 0.0185020862511610 0.0207399012438081 0.0207064550073530 0.0119171742283282 0.0193272478103715 0.0110055509729102 0.0448831914860681 0.0307516409713623 0.0334135140325077 0.0207346888777090 0.0335757499295666 0.0130146707759288 0.0173800570294117 0.0214194574516254 0.1022031924806501 0.4313875692724458 0.0642694477244582 0.0035105027410991 0.0099221676845975
161   	0.00226017010382491 0.3054108337236535 0.0336461084250585 0.0077418245401640 0.0106558932665885 0.0126686916303669 0.0243564353134270 0.0060747026658860 0.0717710411826698 0.0096808174227167 0.0459439628337237 0.0181471271990632 0.0087809847388759 0.0124125065628416 0.0084809178473849 0.0104482642049180 0.0475315152107729 0.0677173472443404 0.2885499555035126 0.0024546741049961 0.0075263892217018
162   	0.002253994775672383 0.0269054782857144 0.0151630558567515 0.0141957385279843 0.0148285108039139 0.1278473157142857 0.0162439679894324 0.0968363779099805 0.0197176099021526 0.0161773657158512 0.0418572802661449 0.0119684824011742 0.0277732638904109 0.0091469261322897 0.0195251259060665 0.0206798155953034 0.0294456276399218 0.0214870167240704 0.0245065784187867 0.0294621368716242 0.4162323162426611
163   	0.0022072387196603923 0.3333153816946446 0.0155891183956835 0.0093350422917668 0.0100386839752198 0.0075978568157474 0.4056138561151085 0.0054770380823341 0.0102483854904078 0.0085341929896083 0.0142882116318943 0.0072680777138290 0.0111417020147883 0.0092968039788169 0.0081226516830536 0.0094565394008794 0.0831406327577937 0.0230900081894485 0.0208122888768985 0.0022286042785771 0.0054049272494005
164   	0.0021851839762585096 0.0464763067702866 0.0092219152555511 0.0241503720395640 0.0651390053330642 0.0135621540843762 0.0228397120508679 0.0833845439685102 0.0204764486346387 0.0555368130173597 0.0531583542188131 0.0285217943576907 0.0371222959668955 0.0188941446576504 0.3343081203068229 0.0579091441077917 0.0448958802381914 0.0355036236092047 0.0257196677190148 0.0051935065805410 0.0179862089325797
165   	0.002028154203237107 0.0560015863897347 0.0053022146438887 0.0605417469160505 0.2423813118747281 0.0081637807533710 0.0236897398203566 0.0310495942309700 0.0161285354454110 0.0693397444062636 0.0315184212222705 0.0157684895759026 0.0340412369595476 0.0122892314671596 0.2265140178338406 0.0492592769212701 0.0408012684949978 0.0374670433057851 0.0256891997781644 0.0032853806298391 0.0107681854836886
166   	0.0020122747879877515 0.0547426146427006 0.0033232463007453 0.0062633315782552 0.0081140239096887 0.0038529068724243 0.0091336784191144 0.0057795287360806 0.0071198872029810 0.0080611353340640 0.0122048887610696 0.0039067473691364 0.0057936754208681 0.7886875716790862 0.0084066119039895 0.0073781366299868 0.0323226435379219 0.0177590804756686 0.0125819446488382 0.0012881896687418 0.0032801606611136
167   	0.0019990419419466223 0.0566374468932039 0.0138494828411297 0.0161350529726390 0.0104330082850839 0.0061542591941748 0.0232225100308914 0.0072358697780229 0.0095808550807590 0.0111949791482789 0.0108950174457194 0.0067496908614298 0.0339871413353927 0.0128761200127979 0.0095794352436011 0.0114880063424537 0.4677209964695497 0.2710180900264780 0.0141935003857016 0.0017987043596646 0.0052498134682259
168   	0.0019796337677529655 0.0235135597914439 0.0045832289349376 0.4596612602495542 0.0574372887584670 0.0045379985717469 0.0313008918792335 0.0232570385601604 0.0066615268146168 0.0217066392526738 0.0093564148244204 0.0040076787303921 0.2227379826648849 0.0072115663208557 0.0184300701332442 0.0140112502192513 0.0500563837629233 0.0227580014714795 0.0093463755891264 0.0015753586041444 0.0078494828703209
169   	0.0019664009217118363 0.0310436553701212 0.0087393657608793 0.0040240282803948 0.0068060292777030 0.0325249300471063 0.0077751850125616 0.0055892746101391 0.2341324116195604 0.0096340951718259 0.2119089189546882 0.2197345558546436 0.0072761329448183 0.0045542098272768 0.0115492761561239 0.0097454804737551 0.0166157900089726 0.0346043477703006 0.1300024273979364 0.0037122857769852 0.0100275943364737
170   	0.0018667134815353278 0.0288195059262760 0.0095526112381853 0.0833843925954631 0.0221187236375236 0.0086142744758980 0.0304441766918715 0.0484474301668242 0.0114004754867675 0.0361467999484877 0.0142808061625709 0.0083373301323251 0.4801608775992428 0.0078480414692816 0.0230832900255199 0.0217113657315690 0.0929866151606806 0.0417489761058601 0.0141054898913042 0.0022824049366730 0.0145264127920605
171   	0.0018234861844676382 0.0091864759158198 0.0030684842602806 0.0023540663338172 0.0028756970004837 0.0113103804721819 0.0032049564818578 0.0020210011717465 0.6342273865505560 0.0033672555853895 0.0779773640493469 0.0264091267634253 0.0030341164620223 0.0018424849751331 0.0027071650614417 0.0030400395447508 0.0049098724755685 0.0129961057561684 0.1910822245573293 0.0009588633410256 0.0034269190895017
172   	0.0017511466261094638 0.0092407886463475 0.0083458049027708 0.0039242278856422 0.0042441110730478 0.1504473542790931 0.0049993985083123 0.0409918450811083 0.0084977961430731 0.0049972050977329 0.0185309449259447 0.0053387521773299 0.0093049178649874 0.0028042996816121 0.0055617471813602 0.0061272849335013 0.0102207433410579 0.0076462057571788 0.0097450470614609 0.0159793545551637 0.6730521813602031
173   	0.0016805714472234402 0.0094901010204833 0.0068781531460084 0.0026207288545168 0.0035040199023109 0.6774333219537810 0.0035846594117647 0.0078075368293067 0.0208721516055673 0.0040126249684874 0.0737901955714286 0.0153054182347689 0.0042870259170168 0.0027384189805672 0.0037993267127100 0.0037259028130252 0.0106508601643907 0.0072273936045168 0.0179027208739494 0.0126627326800420 0.1117067029359243
174   	0.0016664564114462353 0.0267372631429326 0.0018859830035998 0.1046883111106405 0.6669026447856006 0.0030218892149286 0.0148189547151933 0.0068730164790895 0.0059815999025940 0.0263242205373214 0.0089030125357331 0.0046964371752250 0.0136040779512970 0.0047493237289571 0.0533043198004235 0.0112722777813657 0.0170687802398094 0.0132111021492853 0.0116227138650081 0.0011235901885654 0.0032104849073584
175   	0.0016399907193639764 0.0316229628402367 0.0112831026761700 0.0266273758983324 0.0217793416906939 0.0301069898945670 0.0160977871328671 0.4074342130177506 0.0145949976008607 0.0274100025336202 0.0306758855406132 0.0113323072571275 0.0852142715438409 0.0120318391855836 0.0693305313770844 0.0402348078929532 0.0373365878483056 0.0253254302797203 0.0184887786498116 0.0066941028407746 0.0763786686568047
176   	0.0015376567099792422 0.0342822226678141 0.0104614946769937 0.0122749461049913 0.0128642990917957 0.1894818482501436 0.0201233834021801 0.0318940786884682 0.0240936495697074 0.0144583532501434 0.0578317780665520 0.0190274865863454 0.0159397074388984 0.0102018530539300 0.0162333890826162 0.0197144546827309 0.0275428562421112 0.0234170903786575 0.0292219871026966 0.2304992312105568 0.2004358602352270
177   	0.0014706102900375196 0.0961964901991602 0.0238646317240552 0.0092896703113377 0.0072459347906418 0.0072781930341932 0.0321202866820636 0.0055428930335933 0.0067773234589082 0.0077774637168567 0.0136569198476304 0.0048728517522496 0.0231847687498500 0.0088976040191961 0.0068821987312537 0.0080723876070786 0.6398423539292135 0.0801736950209958 0.0106522351943613 0.0023695236328734 0.0053025801067787
178   	0.0014653171516210677 0.1614319069054786 0.2506736911499099 0.0110673574647802 0.0120356349596629 0.0190898881420831 0.0365639984768212 0.0117826304388922 0.0270009164720048 0.0129452282046960 0.0344259246779048 0.0159481760866948 0.0263900265147501 0.0116226100385310 0.0136627726682721 0.0147004662468393 0.1794742001806143 0.0798359665924142 0.0610067254304636 0.0055531485358218 0.0147887390054184
179   	0.0014088570085122488 0.0536501544959298 0.0124640856160927 0.0505540827363807 0.0272806611014402 0.0112869535347527 0.0310984512398246 0.0242368369267376 0.0235880061552911 0.0364637135936130 0.0257236592554792 0.0138075464965561 0.2136393030682531 0.0123550556881654 0.0298970851659361 0.0253751685353789 0.1318194504070131 0.2268327269881027 0.0326066059236067 0.0043002612773951 0.0130201784477145
180   	0.0013356352604179992 0.0289474661756935 0.0157891256618230 0.0113347463778072 0.0123189288546896 0.0898392061955085 0.0214979074240422 0.0172483839002642 0.0205080616842801 0.0153802211968296 0.0495759859907529 0.0154447741941876 0.0144602560369881 0.0116972152926024 0.0146847442107001 0.0240609835336855 0.0289782517503303 0.0212422028335535 0.0253552387648613 0.4828799848084546 0.0787563006274769
181   	0.0012924079633503097 0.0118693817447099 0.0022360948252560 0.7657121535836175 0.0536318626006826 0.0023604593767918 0.0127710248634811 0.0094565909938567 0.0033737125351536 0.0079587618621160 0.0043864225679182 0.0023424648853242 0.0673470633105802 0.0037940617283277 0.0083709268709898 0.0058493711494881 0.0199009303494880 0.0095832630354948 0.0048162695829350 0.0006445489935154 0.0035946207023890
182   	0.0012068355589510058 0.0168309688157893 0.0025965984203217 0.0082394316557017 0.0247544877266083 0.0032575077076023 0.0087986235599415 0.0094365451023392 0.0094461196491228 0.6201201147660811 0.0119200377171052 0.0087737706352339 0.0269673197668129 0.0048959390497076 0.0331960912185673 0.1517232215935671 0.0185492526673976 0.0255406029312866 0.0094854902755848 0.0015459196782895 0.0039219459897661
183   	0.0011636082618833163 0.0332733383548143 0.0087184990742987 0.0085241244435179 0.0062206004988627 0.0039614846626232 0.0088048043813495 0.0043144061425322 0.0120432589924185 0.0112811771493555 0.0112921821501139 0.0079025296163761 0.0199748302668689 0.0062568312016679 0.0059276992319940 0.0069858271614860 0.1549531838180440 0.6670962236542830 0.0176658779347989 0.0012053983677028 0.0035977162282032
184   	0.0009721730891549769 0.0117632339854809 0.0054595454782214 0.0038003703838476 0.0073711377994556 0.0037510571179673 0.0068989267250454 0.0149637813702359 0.0056918306424683 0.0776183055145191 0.0117263735725955 0.0046199183765880 0.0089983248339383 0.0033293744083484 0.0198037507114338 0.7789991615245014 0.0121959147849364 0.0095618814065335 0.0068735552912884 0.0022424790548094 0.0043310662531760
185   	0.0009704087096828264 0.0116341842218182 0.8563222963636378 0.0055791563418182 0.0092650775427273 0.0055948061754545 0.0075450743436364 0.0051049154490909 0.0072147248772726 0.0074001820436365 0.0091139863300001 0.0038087848490909 0.0055784862027272 0.0067471980018183 0.0057859292918182 0.0077562888263636 0.0184154526909091 0.0097987100245455 0.0086699442172726 0.0028397913836364 0.0058250150845454
186   	0.0009501183457530945 0.0106993394521820 0.0089677769944290 0.0048766099034355 0.0058387517075208 0.0365271056007428 0.0091001236908078 0.0063450833054782 0.0077688958765089 0.0060761756657382 0.0220406529730732 0.0068227827019499 0.0071384246722377 0.0046170032488394 0.0069075079117920 0.0100459616768802 0.0135857197539462 0.0099251820427112 0.0097295618848653 0.7828328449396470 0.0301544983101207
187   	0.0009183595152543839 0.0285044523342939 0.0074325011834774 0.0068228202372719 0.0087524485898175 0.0311256169759846 0.0101041135686839 0.0070359703784822 0.0759812585744476 0.0127511586263209 0.1901247694236312 0.4700413025936607 0.0093854801354466 0.0055263284947166 0.0198953425523535 0.0105095851508165 0.0177911006628242 0.0279327203170029 0.0454907344764649 0.0039611449170989 0.0108311613583093
188   	0.0009130663768379321 0.0545917619130434 0.4820982241545897 0.0197735626473430 0.0186088892946860 0.0238296484637681 0.0349272141835749 0.0157509817777778 0.0253557788888889 0.0191518823574879 0.0342763346666667 0.0137027055942029 0.0203642667826087 0.0182958694454106 0.0156393474202899 0.0228682754492754 0.0742021388405797 0.0380559182125604 0.0399998191884058 0.0094240160347826 0.0190833552570048
189   	0.0005566617234635121 0.0204341753565769 0.0040682966640253 0.0093469004516640 0.0517764750538827 0.0063553498272583 0.0104951884278922 0.0515712322551506 0.0092177861648177 0.0314766926719493 0.0296823980174326 0.0218766294659271 0.0179746721188590 0.0081683126006339 0.6359875087163238 0.0274707986877972 0.0223836587955626 0.0184373256418383 0.0121339000316958 0.0035761227337560 0.0075665838145800
190   	0.00048608654457748846 0.0152557406170598 0.0070348291869329 0.0325710698784029 0.0080827766842105 0.0038828636588022 0.0133025169201452 0.0227752832903811 0.0064450359963702 0.0105467963284936 0.0080356880580762 0.0041446500199637 0.7664486751361157 0.0039133502250454 0.0093919996715063 0.0084533516406534 0.0424695678402904 0.0204722886751361 0.0081758479128857 0.0012592649854810 0.0073383922177859
191   	0.0004693249395920578 0.0151243596052632 0.0042469933627820 0.0111634995169173 0.0107310462556391 0.0124421898214286 0.0072642830131579 0.7403430676691730 0.0077837007293233 0.0096836971390977 0.0144166163947368 0.0066780747650376 0.0337251607142857 0.0046462092744361 0.0378517094172932 0.0154917286860902 0.0171258392481203 0.0125996126315790 0.0096780513571429 0.0028115717951128 0.0261925861597744
