# This script is generated automatically.
# Vector of amino acid stationary distributions.
distributions <- [
              [0.08331432630262554, 0.011925655583157979, 0.057028177727688895, 0.0630273437476595, 0.039655870366992765, 0.06416626219903922, 0.02836616277891829, 0.05721040878911359, 0.05648254959270465, 0.09230564024025668, 0.023207400110274598, 0.04641446374925496, 0.0331242250020575, 0.044105833401518586, 0.05478136143046292, 0.06745991583589851, 0.059834479147611364, 0.06984952319794985, 0.011542327590704301, 0.036198073206109994]
            , [0.08085508936350068, 0.0036637405333198978, 0.18060494267077223, 0.16294913555000834, 0.005764485437147347, 0.06331016112683001, 0.023964706799849238, 0.010501488992828115, 0.06645037135103726, 0.01877577960709376, 0.007345366912430762, 0.09336242998136646, 0.013775482719201414, 0.06451012451727116, 0.039294459596327755, 0.08601053105658879, 0.05034806780016353, 0.019070397195709778, 0.0017564294662126894, 0.0076868093223405815]
            , [0.07313696065979679, 0.011954012631905958, 0.01462862115220694, 0.022498943883769325, 0.03819842600725359, 0.021430305209727652, 0.013818224038456334, 0.15704366359402752, 0.024173998705610125, 0.19515042862905072, 0.051701115674634035, 0.018544847548498344, 0.013766245538063498, 0.023452740797893636, 0.02624192405667327, 0.0393239300132714, 0.056742791090470195, 0.17258809192082775, 0.005479103980758606, 0.020125624867104085]
            , [0.03229599232836427, 0.006819272910406679, 0.0015310792912951192, 0.0026068571682027653, 0.03589640464156833, 0.004214749443888943, 0.002375846777722659, 0.28141973962157874, 0.002948784812633486, 0.2764624449477141, 0.05925799725055901, 0.0030851033343746235, 0.00271548693687999, 0.004000641517853601, 0.003335052084397103, 0.01030069591460244, 0.023424672472913254, 0.23962013470078222, 0.0016841542823008608, 0.006004889561962151]
            , [0.05930354968258357, 0.00651072124367419, 0.026186523205736834, 0.06017759292731856, 0.00913236921642803, 0.02421552004144406, 0.036198056429135046, 0.021033628980261013, 0.19854486389681664, 0.039958442777583265, 0.016227336742596583, 0.0474533643531127, 0.009616826544871981, 0.09521019219345146, 0.19214451086782328, 0.06116528803086655, 0.05331994582543553, 0.0290114915028766, 0.0029912291902122767, 0.01159854634777212]
            , [0.1471102896100231, 0.0077228619735925, 0.04963395200508898, 0.05916481628190625, 0.013274102340838772, 0.057875514022521585, 0.020312578267396995, 0.024420135096369023, 0.048111354064842946, 0.04148721479660494, 0.013137758044626097, 0.041977639890851896, 0.12838444671846455, 0.04397494171873134, 0.04159251473109788, 0.12079121942252387, 0.08014551683301666, 0.0442260052767092, 0.004270588088940264, 0.012386550815853185]
            , [0.30459284929551905, 0.029711033984506703, 0.01082849594619889, 0.012356525734523713, 0.009087261697142784, 0.12940671500656042, 0.008006814307084784, 0.01885184947488157, 0.01132473687927491, 0.02270439493888761, 0.01195514162233871, 0.022593068961158244, 0.010426552456938172, 0.012418716194118821, 0.012193745057868804, 0.2250620895408698, 0.0941760371602248, 0.045371865889356384, 0.0022067982029810047, 0.0067253076495648965]
            , [0.030842166343033762, 0.011240490861349005, 0.008560923445395439, 0.010810173833626497, 0.28836956081927434, 0.011944952306091714, 0.0378717349476899, 0.0347028924828268, 0.012199648254283914, 0.09747889829911709, 0.02359572359542798, 0.016198393047829895, 0.007069155012092475, 0.015156649985282565, 0.015892334364873098, 0.027248727392423774, 0.022325747677955258, 0.03783557897509904, 0.03238273780572348, 0.2582735105506041]
            ]
# The number of clusters.
n_clusters <- 8
# The base file name of this file (for reproducibility).
fn_distributions = "udm_0008_clr_rb"
