# This script is generated automatically.
# Vector of amino acid stationary distributions.
distributions <- [
              [0.06485996825213322, 0.016180357941144703, 0.0593314837484421, 0.06714259728552226, 0.04071161340826931, 0.05770451114798364, 0.030330842791665206, 0.061419350935453136, 0.06249313027316502, 0.08679066694056942, 0.025429899537318976, 0.0488176974235208, 0.03807252248823596, 0.045434904038168765, 0.05403433170059837, 0.06394757507754135, 0.05864583098617356, 0.06731043745830811, 0.014498000311617017, 0.03684427952926388]
            , [0.0703277804489633, 0.015694237556959145, 0.039463567176354845, 0.049222791211932355, 0.04436649928637989, 0.04626205401954901, 0.025763778167118796, 0.06648953289858973, 0.047153982798753345, 0.1800009354718476, 0.03882660145291891, 0.034633712739464445, 0.02912746803220191, 0.0423591469389302, 0.05019701066512041, 0.0524582573051834, 0.050207602427674976, 0.0712043873733147, 0.013066799181532028, 0.03317385699084679]
            , [0.14473432470766842, 0.017294808643015774, 0.05066985425285534, 0.05750516151710932, 0.03257735997185463, 0.058210866625271945, 0.027742733418759085, 0.048390174598894234, 0.04489952845225253, 0.08414822693618562, 0.024747860150924592, 0.0369415297006436, 0.03470016371580402, 0.04602241996736775, 0.05539747325348988, 0.0690174716869108, 0.05921334513982054, 0.0673064442041335, 0.012319854620445062, 0.02816039809637874]
            , [0.09797517257519057, 0.006663414722274309, 0.08387042117429643, 0.1618721801743418, 0.014506105652046922, 0.041963837394481916, 0.027320815849322274, 0.025146422356236604, 0.0861297344769753, 0.04348530966213288, 0.01397639138334621, 0.0491844477089133, 0.02629925131135044, 0.08067521512505146, 0.06483759223244032, 0.06567692217904249, 0.05498883770800055, 0.0349679898632648, 0.004786290786004757, 0.015673647950435913]
            , [0.08053960453379763, 0.012380769330870758, 0.06532169867938736, 0.06925939322636052, 0.020080901955791295, 0.05776782076465197, 0.03374520448154254, 0.02879635221257322, 0.06950906178396815, 0.046069576720137596, 0.016640518863139074, 0.07450626844599229, 0.031868473634449335, 0.06255499982001264, 0.05550828253972654, 0.12484941394254506, 0.0809472456478368, 0.039492024536385555, 0.007560035509646327, 0.022602352712514463]
            , [0.064457269444177, 0.017331869518320966, 0.03527686688418203, 0.0388888728586375, 0.10937680787009402, 0.04276561635377557, 0.04425692568312957, 0.05016226413979, 0.03907667887022235, 0.08579058567889356, 0.028233564262700173, 0.03728687024107059, 0.02478078505189178, 0.034376174294534885, 0.04173499231183208, 0.05334498366162834, 0.04588531581560281, 0.05887918265331654, 0.03516101859731732, 0.1129333566734059]
            , [0.07268332476390477, 0.017351925168367498, 0.03688172358257584, 0.048867301417391346, 0.033575726903133644, 0.04241482311363409, 0.022908030760951593, 0.08483921054602131, 0.04679598693922891, 0.08596117131517625, 0.028971462955570137, 0.03268203989860541, 0.02942068669013942, 0.03620668967156685, 0.04550908750657915, 0.051699556382936745, 0.06690245593765379, 0.1771083038556195, 0.010385530517932737, 0.0288349672220837]
            , [0.08303241830937982, 0.013167043543859658, 0.059128349668384726, 0.052718013223841176, 0.029841620729309123, 0.18636613575841687, 0.02572880767707404, 0.0414430538195062, 0.04980740846284733, 0.06337496661314303, 0.019047331403938193, 0.05085255556559945, 0.03259784761089638, 0.03842065451171242, 0.04774923597102455, 0.06782919224898404, 0.04936551788945058, 0.05121989797436159, 0.010928172438672484, 0.027381779275778877]
            , [0.0761215176924637, 0.013137549462351796, 0.039876318980880204, 0.05964012406685134, 0.023143195786846052, 0.0413612290979293, 0.04261864751254932, 0.03585789403475991, 0.08742408545215027, 0.06618642236665208, 0.021503481308516002, 0.04162561079478431, 0.02440562681670784, 0.07232064057832005, 0.15647075520724193, 0.059523222945309526, 0.0559538440897882, 0.04760409696990162, 0.010199931027274263, 0.025025804036448995]
            , [0.06354303972643432, 0.015143161324990512, 0.012473085348140185, 0.016989286114721183, 0.061463284324686535, 0.023568705366688612, 0.012098515580480841, 0.15877223748264338, 0.018501183427194416, 0.215307148796242, 0.05289571113332865, 0.013685271172933545, 0.014604823003594048, 0.017276589500949954, 0.020588188824275433, 0.02975061574591531, 0.0451954236737936, 0.1711932568408685, 0.009444176194922459, 0.027506293583157784]
            , [0.07301298822665267, 0.007098704330136399, 0.18825718792235072, 0.11885818254669481, 0.014706625033613047, 0.06416678237110879, 0.028622557889331914, 0.020943783955648616, 0.05830703791255685, 0.03341861089891612, 0.011267374542007692, 0.08282169342070625, 0.0303480523878629, 0.04957409361518014, 0.04040708818345577, 0.07618271275830715, 0.05143802778873735, 0.028390811656033813, 0.005546637579597763, 0.01663104234242753]
            , [0.07240227018575528, 0.007255557414448793, 0.05335158437884752, 0.09353867805905505, 0.015969202499463136, 0.03750550075225465, 0.027257369627415894, 0.030598295419434568, 0.18586054356478204, 0.04520247828242645, 0.017191572740658564, 0.057744564228704304, 0.02222228806152471, 0.07543978261453116, 0.07562552218217627, 0.06255942308733, 0.05894118212097351, 0.038390296350179015, 0.004980231464849618, 0.017963659227451655]
            , [0.24754015220556042, 0.013998118636843065, 0.050680438710365414, 0.06580189926164653, 0.019873156014922132, 0.06465630320592519, 0.021054504765613633, 0.0291233694328503, 0.04937622553916144, 0.04979509131714982, 0.01675831095632558, 0.03347689321160281, 0.030619110589314304, 0.045373514004585835, 0.050740932371888196, 0.0847366846586112, 0.05581029273620613, 0.04476061584801303, 0.007357668503293772, 0.018466715014776352]
            , [0.09144330407407407, 0.01090462742307096, 0.05393634229938271, 0.06519732531446759, 0.02679755574255406, 0.05089446213927459, 0.025119030062229937, 0.0402265573576772, 0.05372016052978396, 0.0644812363757715, 0.018400957334027718, 0.0382160350767747, 0.15344928662036966, 0.043226260262731485, 0.04921665155324074, 0.0702720930941358, 0.05583165713155864, 0.0545501258665122, 0.009838765568171294, 0.024277565707638882]
            , [0.13033937651646396, 0.02256522396173214, 0.037567795392855714, 0.03476264096092582, 0.016736665015166564, 0.06638018555258428, 0.02049914164673719, 0.023717775187187824, 0.034659915455877044, 0.03383748845463977, 0.015728678925483915, 0.0635364646749551, 0.03115541656419879, 0.03266331834364397, 0.031237016026262106, 0.24009563021353025, 0.10609511255916991, 0.03782200593973267, 0.005226466354392321, 0.015373678141209261]
            , [0.03286448625720927, 0.008338244849544311, 0.003547544992057214, 0.005697304131668711, 0.03331048242262147, 0.006551641509223903, 0.004222475714225234, 0.31300575036322886, 0.006654276796961976, 0.21043308318584053, 0.053321373146656276, 0.005321902178620157, 0.00521005862774614, 0.00645322618399146, 0.00653837401146936, 0.011834557130586003, 0.027722621398053815, 0.24701443484348296, 0.0029890274811604466, 0.008969132792453684]
            , [0.08326673219384591, 0.016628391257400007, 0.034298097359758875, 0.04217502786769514, 0.021318971733794333, 0.03571274131240581, 0.01971992012361445, 0.051744434440897366, 0.0458777765355591, 0.053914737669149324, 0.025700305223108975, 0.042490955339939705, 0.0229458344002394, 0.03501130484867427, 0.03932123072443914, 0.10119494239070662, 0.22566312707280353, 0.07622064286202004, 0.007283398380730688, 0.01951143092276309]
            , [0.022960103449242986, 0.007989213452041594, 0.004224555927935934, 0.006161057505390151, 0.06295470851883343, 0.006399463752475708, 0.006049943238535069, 0.130513811273344, 0.0074229809160208035, 0.4825048041148526, 0.09606904831322627, 0.006239652651277447, 0.00563899240958619, 0.010326676268912417, 0.008980132076418706, 0.012029502258918835, 0.017780665706353053, 0.08646804007461005, 0.005243238695143582, 0.01404341001424373]
            , [0.08072730739743766, 0.004243327319573555, 0.13393452310785856, 0.2866763525276375, 0.007598246482493645, 0.03248497175287883, 0.020057975314694058, 0.014300725726284658, 0.07378224673225106, 0.023504222161740876, 0.009419270138568983, 0.043663707425512226, 0.02047000857296144, 0.08086613449720187, 0.03960226476582955, 0.05150039801674305, 0.040391714719023114, 0.024903558996253322, 0.0027020143241802026, 0.009171029118912051]
            , [0.028238510735282635, 0.00788281543828719, 0.0035031404638164176, 0.005565883058806967, 0.04840631178803995, 0.006547748952467791, 0.00440359919630565, 0.23541053812622414, 0.006604333294775722, 0.35629185031253, 0.07046864207211481, 0.004948463317352339, 0.004820817713499334, 0.007505811542587948, 0.007346651475692828, 0.010834188907733674, 0.02066682196683451, 0.15591897205410923, 0.0038466103410952305, 0.01078828859749045]
            , [0.06046894398236772, 0.014402688829215974, 0.020320184413615428, 0.025517406141450184, 0.05523178859275851, 0.028866949838857257, 0.017492962674979982, 0.08854170833294049, 0.026537360292494382, 0.3069746006788922, 0.06226264627669632, 0.02024287012243647, 0.017245110849134992, 0.027507734957286326, 0.03273323857573902, 0.03429749609966526, 0.03787645056904434, 0.08197403230635047, 0.012346575676818633, 0.029159251143557587]
            , [0.08128748826585726, 0.018699936017221922, 0.011018640750800723, 0.015909738296591973, 0.024567566003967346, 0.01829900105563787, 0.008574836534773724, 0.18084224378853742, 0.015797963263753906, 0.10228221714401792, 0.033344448654987806, 0.012744483232971698, 0.013251055187754008, 0.013567307999999941, 0.016196525284450904, 0.031292653350222285, 0.06485563023325844, 0.3205292218823184, 0.004117024769633369, 0.01282201496945647]
            , [0.05834726055555564, 0.013474525075766717, 0.03298243523393676, 0.03974442465842139, 0.039214055982704873, 0.04154354652443458, 0.019978528730869794, 0.19938416792357952, 0.04219375924157868, 0.10008507082302666, 0.03649469095384615, 0.030924995360281538, 0.02315256402388138, 0.029272427608345936, 0.037968753074560095, 0.043163723333836175, 0.05303309836098542, 0.11838265455404745, 0.009662042856611359, 0.0309972690220211]
            , [0.04920444192252652, 0.0076876044859678985, 0.026554567066451235, 0.05930095362031689, 0.009060875379948055, 0.02600722060092199, 0.03209247172333212, 0.019646669609347363, 0.24582482698320116, 0.03412355559721237, 0.016770753493614544, 0.04831175439987284, 0.014522473195220126, 0.08694280547877702, 0.18493114243018385, 0.05298175569445193, 0.04529719561761431, 0.02523534729606268, 0.003908452785607511, 0.011595127534629896]
            , [0.028560649910559198, 0.007251962718574112, 0.002329511302694924, 0.003907029858169146, 0.014493109752524883, 0.003971985360140519, 0.0024607806151391506, 0.3667993204968953, 0.004190935698784627, 0.09466013383435053, 0.024550546910883056, 0.003661324454874479, 0.0037242572531890374, 0.00383644075144466, 0.003995906034355887, 0.008490644616256975, 0.024307412536106028, 0.39284403035376875, 0.0014028249939724395, 0.00456119220226836]
            , [0.05478232085486084, 0.011005748076229345, 0.09026501971057119, 0.04766959162950366, 0.01716345830240202, 0.061225488493088606, 0.045634654778835354, 0.022263872265465716, 0.05913996408276684, 0.030879346612281894, 0.012901488812372483, 0.22366227962836918, 0.01640363746096757, 0.043652878141853625, 0.04072254844363248, 0.10540457998243848, 0.06116314642136868, 0.027056117277588963, 0.00564113393311806, 0.023362724069000737]
            , [0.0710295611718314, 0.010589473935291548, 0.06371594459193948, 0.04289516954666844, 0.01637498951046376, 0.3499635961001063, 0.02063094913208717, 0.024136377349624157, 0.042832744465751735, 0.03527611818058718, 0.01191243094224688, 0.06813291406104464, 0.019829694908091645, 0.03114975625970318, 0.03658593288859216, 0.06961428795566042, 0.033965149156803036, 0.029954991662113038, 0.006435729666372685, 0.014974190871142032]
            , [0.23252268469368176, 0.03439786911017221, 0.01208772591232319, 0.016014227787337763, 0.022679597724153316, 0.03664777060591512, 0.009322923398118018, 0.08026735939056397, 0.014829731870398905, 0.07360549024070163, 0.028918468735100185, 0.0148623755695538, 0.01689334079501954, 0.014229480009474434, 0.015900058461494268, 0.07058588640483965, 0.09120413506625696, 0.1978706467511676, 0.004777106244024061, 0.012383120971064584]
            , [0.12001828813337716, 0.008519255497963209, 0.04159388057529567, 0.051367394438830545, 0.014590849560118326, 0.03927850449342975, 0.018519965274901476, 0.025920014908935793, 0.04269576961846251, 0.042247776421222225, 0.01279590192273323, 0.02771444845913272, 0.2849190894875167, 0.036320195412417856, 0.03650843207325879, 0.0844077988278581, 0.05276518229500656, 0.041690126502628204, 0.005272220835545316, 0.012854900359658337]
            , [0.40219517754999595, 0.0326142487061859, 0.015168893691061468, 0.0202865146338614, 0.013667619165006042, 0.06604413894760232, 0.009646753140204986, 0.03118706895297841, 0.01704066590595653, 0.037053523216973736, 0.016091956100422865, 0.01580502435316464, 0.020666664234606905, 0.015275742054548052, 0.016891459860153425, 0.10403836078166458, 0.0744445659866676, 0.07772833818292595, 0.0036591960518099036, 0.010494083514156684]
            , [0.046214485193810044, 0.0029598736135704653, 0.3106424575552416, 0.32115519031322026, 0.0038485399512684787, 0.02949090818636997, 0.01504616541604043, 0.006560320125362548, 0.03338007199189044, 0.010900451956252971, 0.005140248392455794, 0.04988436969384717, 0.013781164828807257, 0.04823548162792942, 0.01716252841581737, 0.040640163787367116, 0.02543922278416784, 0.012832334961238034, 0.0013378174932742772, 0.005348201799047644]
            , [0.3421388463220379, 0.03028241035091362, 0.01179598285061683, 0.013988448338591197, 0.008672043348352379, 0.06625260786935813, 0.007426401242074034, 0.014239810635873686, 0.012067425943307772, 0.017525963628221217, 0.009685411490082743, 0.019925800729892217, 0.016345008141105715, 0.013307447816492329, 0.01133651028330479, 0.28239134686865497, 0.0785761411557082, 0.03510855044151198, 0.002191447677979054, 0.006742401076058054]
            , [0.09436722053714011, 0.008799653995402862, 0.03513816599145092, 0.02308111053633343, 0.007603772968868591, 0.5789158641019443, 0.010507031410839607, 0.009971221450036184, 0.021127871201790528, 0.015259583199532578, 0.006673220951286401, 0.037913177698040174, 0.01063301060335528, 0.015426414936688438, 0.019331322388015253, 0.05908486291959025, 0.02045608879151547, 0.015427555195741738, 0.0030761091724574377, 0.0072067417115895295]
            , [0.03899182873941774, 0.015478925235963425, 0.018014359354639367, 0.0196405278017271, 0.15959899569844277, 0.021601432453945288, 0.0726363018118018, 0.0295001168083305, 0.02209978638223837, 0.06282202751015907, 0.01894112564222823, 0.028726669900101483, 0.01206622403868941, 0.02373200529664743, 0.026480062855316535, 0.03559233094818817, 0.028455091601760907, 0.03553331369708794, 0.04935393606391801, 0.28073493887571865]
            , [0.011582255431855107, 0.004902166589668539, 0.0019978479378306435, 0.0029034499996558466, 0.0467416994064572, 0.0029517303343092466, 0.003420521087206238, 0.08931422869875162, 0.003946428957124375, 0.6574550390873861, 0.07931669658019816, 0.00316297875703829, 0.0035070831925956628, 0.006100290836935057, 0.004529531029875113, 0.007131944282909773, 0.009477818270168026, 0.05179769865604818, 0.002630802785966408, 0.00712979749203602]
            , [0.04162125747944225, 0.005585781640076427, 0.34982285711748606, 0.10142917398978771, 0.007287155152739505, 0.05042305862996184, 0.026244593980729952, 0.010284494972826436, 0.035821658113133856, 0.01530095309191, 0.006334254380339223, 0.1558553395231325, 0.013895083331320408, 0.030689694712281335, 0.02183968280623393, 0.06413011406242784, 0.03525667360323237, 0.015002193320575355, 0.0027330738023087896, 0.010442900511144639]
            , [0.03654688696238701, 0.016223403157955868, 0.01203899225739296, 0.013933242185562321, 0.29296012659697934, 0.017100274025194456, 0.028639062595997487, 0.05355039977307238, 0.014806595478334843, 0.11683823774591263, 0.03293215492182612, 0.0173617212904494, 0.010673219319932151, 0.015953395773072282, 0.017437211422228177, 0.03003822864558179, 0.02555742758420439, 0.05213458017332255, 0.039619556264897715, 0.15565527825846467]
            , [0.015245987904224045, 0.010159789917208457, 0.00515786597465568, 0.006127892505142306, 0.35949046271808976, 0.005964983442332428, 0.03438456131469235, 0.01879974201744744, 0.006874905571901027, 0.05224864936455445, 0.01358062894618917, 0.01059444540330572, 0.004494254234986093, 0.008451618833792574, 0.008919031234802352, 0.01559155548741964, 0.01145136579669409, 0.019866240180073443, 0.029853719066299387, 0.36274230101010124]
            , [0.0421519653438396, 0.0036889943087965796, 0.01178351045392536, 0.007781058572015449, 0.002185587433839377, 0.8425850695319993, 0.0034482278729704684, 0.0028677902892071255, 0.0068792371733523705, 0.004195656821680424, 0.0021953824117477705, 0.013386962468672301, 0.003387112821881557, 0.004832864279847304, 0.007210323105921804, 0.026007875504107242, 0.007177646306590152, 0.005212243888730109, 0.001108548050401158, 0.0019139356132568744]
            , [0.6065081306769073, 0.02038273605071532, 0.005220261013250023, 0.006751744478002829, 0.004626557995487161, 0.0751093730554009, 0.003290153570235283, 0.01058028620652874, 0.00550412626663474, 0.011224414242439237, 0.006007408073067721, 0.006503216666346449, 0.00799887922880468, 0.005521275490062413, 0.005735865374939975, 0.1399503688107535, 0.03885679915487281, 0.03555424078492532, 0.0012992893314066282, 0.003374873788478394]
            , [0.024322768623736404, 0.00594340704535192, 0.00962205865053506, 0.023595353989005634, 0.0047194671264356655, 0.014540763816039963, 0.022730847556100896, 0.01104833591773842, 0.3329830581132829, 0.019984244987042044, 0.010985607207421217, 0.02848898273191322, 0.007843397711494983, 0.05451951754589176, 0.3488647836458237, 0.03129765279473863, 0.025483314350642838, 0.013642982665750578, 0.0028676888568469686, 0.006515765722096809]
            , [0.04816656945783707, 0.012014297946777518, 0.019829692533602318, 0.037191262475548714, 0.011163813477811636, 0.025667803597362912, 0.04374208128712002, 0.018852033471022198, 0.1495754509751056, 0.03821528698809426, 0.015656933921676663, 0.03538003592738367, 0.014785446336908384, 0.07412119198189521, 0.324286024008659, 0.046792162935156874, 0.0382537070815704, 0.024765467317721043, 0.006983193749079999, 0.014557548242939991]
            , [0.0847719791467682, 0.017678899498661985, 0.02400378697735693, 0.018729378288493165, 0.008822524613112379, 0.030875620905516765, 0.011633197841292681, 0.017102110789316755, 0.02151214326718809, 0.01869656156165056, 0.01146885603355292, 0.05042265587196375, 0.01646389517990947, 0.017492113878962448, 0.018445629849320678, 0.3045058088719628, 0.2887533821531495, 0.02770158462433097, 0.002895817396047732, 0.00802405146593256]
            , [0.05083728247440077, 0.011674814594109567, 0.0027465123549034326, 0.004609283786973686, 0.010121089157183516, 0.00507900413501533, 0.0024454129853583445, 0.22159002837538253, 0.004058026243428617, 0.06013961971117902, 0.017532672833526892, 0.0037510603114114804, 0.004064900169112269, 0.003884321517787323, 0.004298305361659371, 0.010697466858228567, 0.029598645283014993, 0.5478567360920523, 0.0011688630833421362, 0.003845946491079756]
            , [0.030007374050619373, 0.012793556230414645, 0.0064728402104470145, 0.007753052258265954, 0.23822023532579384, 0.011938771451696438, 0.012111322071728579, 0.08652840677652125, 0.008634104169736055, 0.3027943267635974, 0.06401926071513181, 0.00879302226677444, 0.0072030055760904585, 0.010323666248895899, 0.0104552865591813, 0.018491086953150312, 0.020169358534194992, 0.066147224541734, 0.01737759158966074, 0.059766510331394726]
            , [0.01482218931374954, 0.004545716187971949, 0.0025631359302977844, 0.003704013671035282, 0.015328367874944387, 0.0037484619488005744, 0.002416641069313656, 0.5248308612838741, 0.004172464391270496, 0.10873267510217677, 0.032660402714793445, 0.0038119014207017576, 0.0027861668414705804, 0.003462447521323922, 0.00393672338327411, 0.006481677260994807, 0.016885314989449056, 0.23920062618280796, 0.0012216745697690278, 0.004688536422145808]
            , [0.10809434253833047, 0.00678816688545146, 0.024488497813174304, 0.032377905399318514, 0.009211739430550953, 0.026168856831345788, 0.013621577237592282, 0.017458964845088257, 0.02842348724531495, 0.03155217014650759, 0.008822083668256597, 0.018390248732765496, 0.4680245639977288, 0.026815574308347488, 0.02547209999432148, 0.07281154302441795, 0.03957281833162978, 0.030576765318568976, 0.0033178162850653068, 0.008010777590005756]
            , [0.3085081850587793, 0.01900973649349006, 0.01479320093806085, 0.01573216557780311, 0.011487601497661388, 0.3173024382505375, 0.008124892262545765, 0.015401173847806794, 0.013446173995196688, 0.022226435289469923, 0.010441676317406185, 0.01784831161243843, 0.01453456142434582, 0.012580487492858002, 0.014004386809379425, 0.10931008736316511, 0.03472770904436877, 0.029130112246239397, 0.0034560190199469046, 0.007934648992542034]
            , [0.038318588821564005, 0.012927007798785115, 0.030073513037813197, 0.028691490601518595, 0.03542278306894457, 0.020720184890812503, 0.33071343933181474, 0.017995120878208072, 0.0354071596321944, 0.036026364308580056, 0.013864183235535312, 0.07973253274107815, 0.012812353285649263, 0.06856234082612006, 0.050266281955049355, 0.04466506812148816, 0.03062463135611241, 0.023025284814275113, 0.008831771505087318, 0.0813198912133638]
            , [0.11489852387294627, 0.027593936881865178, 0.01631423478547956, 0.011563891057424523, 0.008527781492567742, 0.04573317517509, 0.009106716898450978, 0.009958237988108132, 0.01244437221827576, 0.015209252748552754, 0.007344712404944446, 0.03961152979518072, 0.014399928042246976, 0.01153049045861362, 0.012792477489907812, 0.5069833268659055, 0.10976808701142216, 0.016244384171960752, 0.0025403554061805955, 0.007434588521671094]
            , [0.04912532031176187, 0.008421393961895738, 0.02842507393591572, 0.08559426723334905, 0.012668586838450749, 0.02328210513730123, 0.06436422242166574, 0.020179979952133754, 0.06778947738104238, 0.049189096058731015, 0.02628213182664147, 0.03752678919052117, 0.0160301263172729, 0.31760176460399836, 0.06423513100031486, 0.044292798444339504, 0.03764468825066915, 0.026383118740355906, 0.004961370937175256, 0.016002570185797562]
            , [0.012182217520338115, 0.009905200426543312, 0.005138460214707423, 0.005486973684479174, 0.20758015262147075, 0.00588053668894567, 0.04946917467251556, 0.011452442935875107, 0.0063726341121390015, 0.02669856959610789, 0.007278963061094278, 0.011970740974477655, 0.003699348782740447, 0.007643844318072954, 0.008292143191099069, 0.01369220808422382, 0.009848150669325054, 0.013369631796458892, 0.021109858457967787, 0.5629287549848468]
            , [0.03974718376608286, 0.0024220766567359664, 0.1554212540376492, 0.5385986753969544, 0.003464609973808992, 0.01878702008790304, 0.01022866126796527, 0.006938986854967959, 0.034521030082173776, 0.011380688123096866, 0.005605882539531905, 0.021948554767556097, 0.0071856835550826136, 0.0653591047400556, 0.015418217730070335, 0.02456708921329187, 0.018625650198068514, 0.01418964612015046, 0.00120715012281878, 0.004382838918972093]
            , [0.028063810520627272, 0.004127532337623764, 0.012683655586963737, 0.03517313946122104, 0.004702644528382843, 0.014253943235478683, 0.014820054276402607, 0.012252942397359537, 0.48391397112211243, 0.01797254992986823, 0.011157078565016453, 0.034579770917656794, 0.008217617404455466, 0.05022956271138616, 0.18635738424999976, 0.029074984686468637, 0.029841283592409167, 0.01481607987425769, 0.0022804798275907513, 0.005481510527062687]
            , [0.013408887802108443, 0.008826179830228147, 0.0035718112125820572, 0.004408202361907969, 0.5649290793294173, 0.00548802146560657, 0.012339744176978947, 0.02769443954113373, 0.0049266424104734766, 0.09312697145143449, 0.02061241366332527, 0.006107025088835018, 0.003626850132561397, 0.005325846051503616, 0.005447462443484201, 0.013578696984618076, 0.01038997847269267, 0.024287194402868792, 0.018531905833529212, 0.15337264541980705]
            , [0.05375900311128528, 0.012716223378330723, 0.01510925896571303, 0.012278051794083034, 0.00670792944318184, 0.014895001350509328, 0.0072046937386363585, 0.02100218830956104, 0.01819573481818193, 0.018097954141457664, 0.011208390787421604, 0.030425754548785267, 0.009055080131269565, 0.010604354523510898, 0.012817918487460785, 0.18368635873550138, 0.5215739567006272, 0.03284348304584625, 0.002101765877155163, 0.005716900739224137]
            , [0.020346016303521758, 0.0031415954578441537, 0.6233873387406612, 0.09035887319765201, 0.0030119980540021657, 0.02130802211376729, 0.014578299053575276, 0.004660860962646687, 0.014866703466809066, 0.006615664395304338, 0.003308073395731078, 0.10245032380576317, 0.006356378252934877, 0.015732537655709738, 0.009498462872998936, 0.031559145272999016, 0.015964321153255155, 0.00715198150416213, 0.0010298236367555745, 0.004673580117822838]
            , [0.07001409902780774, 0.004201714267298972, 0.009268642843285178, 0.012658464688510465, 0.004948306676870046, 0.012737204464539735, 0.007632322439318752, 0.009345423831644835, 0.011876724986419743, 0.016951886573399633, 0.005186585817633031, 0.008343375469066605, 0.7136637708557874, 0.012464846866566136, 0.010983406744125887, 0.0445775553546023, 0.02258366474132357, 0.016425931542142586, 0.0017644153255873991, 0.004371660380038885]
            , [0.038363227993637845, 0.01049128092342648, 0.008984171293342419, 0.012972507466030347, 0.03755722449738695, 0.013362518865258001, 0.009854701270165887, 0.10200373901067947, 0.01828274782549414, 0.22733915794819354, 0.3128721020222672, 0.013309954678482248, 0.007362481809588681, 0.024948348129061607, 0.016862124837764232, 0.024385053860486297, 0.03546101217677805, 0.06504784070211314, 0.005798562137991373, 0.014741242909111604]
            , [0.10826812040032684, 0.2694698289760346, 0.01895691562418289, 0.019572740932461877, 0.028291172686274527, 0.041273135615468484, 0.017420938122549016, 0.03509326657135074, 0.021245040857843164, 0.05022921730119825, 0.021569860634531597, 0.030379019117919355, 0.01661219862908504, 0.01968475084749449, 0.024042491793572953, 0.1141563223583878, 0.06482468487472767, 0.06460637595588231, 0.010386669071623094, 0.02391724997276687]
            , [0.02730349893005453, 0.009273826654098372, 0.0925893489931694, 0.021236206633333324, 0.008230596531420817, 0.03020535409644807, 0.04535109128415302, 0.01068087607021849, 0.03151863650382515, 0.013731781132513748, 0.00761165873879778, 0.49939889316939884, 0.007395006415027376, 0.02131825047486339, 0.020307492867759555, 0.0848626658510929, 0.03999825991256829, 0.01318505788415307, 0.002179368626229505, 0.013622130229234971]
            , [0.019357399368656353, 0.007755660622087459, 0.006787843556974045, 0.01278194325279279, 0.005260340201404486, 0.01228236507341205, 0.023364802571018195, 0.00935697321927844, 0.1278257768870092, 0.0179550264593039, 0.007511322098308324, 0.015520539951164983, 0.005953337339929789, 0.034304905794446214, 0.6355878538142339, 0.021319838823172656, 0.015829657018831857, 0.010962090096712437, 0.003430818037791249, 0.006851493488668963]
            , [0.022876784689146473, 0.012808273439409906, 0.009277234269406354, 0.01040241218370213, 0.07208078428240247, 0.017509134887600947, 0.013733627578152427, 0.01595799462557068, 0.012425324061819412, 0.03982203749982429, 0.012582863424657496, 0.012032079133122625, 0.009174555733754853, 0.01230306153354413, 0.01906480385528633, 0.02371258665086058, 0.017343441822971532, 0.01974697442219879, 0.5836208798735492, 0.06352513661397957]
            , [0.01785279860947135, 0.7921071105010311, 0.008188898514756363, 0.011069192763898512, 0.008229139603980709, 0.012322400170212695, 0.007175364690459825, 0.010849601225120062, 0.00962826413040499, 0.013006909706932065, 0.005417926557309539, 0.00811174797048727, 0.009673899961564907, 0.007708463782429745, 0.011362903437886089, 0.028518391324639666, 0.014040203518874451, 0.013408141763212048, 0.003752098476321219, 0.0075765441784488505]
            ]
# The number of clusters.
n_clusters <- 64
# The base file name of this file (for reproducibility).
fn_distributions = "udm_0064_none_rb"
