20 A C D E F G H I K L M N P Q R S T V W Y
64
0.09967244295099524 0.0648599682521332 0.0161803579411447 0.0593314837484421 0.0671425972855223 0.0407116134082693 0.0577045111479836 0.0303308427916652 0.0614193509354531 0.0624931302731650 0.0867906669405694 0.0254298995373190 0.0488176974235208 0.0380725224882360 0.0454349040381688 0.0540343317005984 0.0639475750775414 0.0586458309861736 0.0673104374583081 0.0144980003116170 0.0368442795292639
0.04259829578586785 0.0703277804489633 0.0156942375569591 0.0394635671763548 0.0492227912119324 0.0443664992863799 0.0462620540195490 0.0257637781671188 0.0664895328985897 0.0471539827987533 0.1800009354718476 0.0388266014529189 0.0346337127394644 0.0291274680322019 0.0423591469389302 0.0501970106651204 0.0524582573051834 0.0502076024276750 0.0712043873733147 0.0130667991815320 0.0331738569908468
0.03892309334537816 0.1447343247076684 0.0172948086430158 0.0506698542528553 0.0575051615171093 0.0325773599718546 0.0582108666252719 0.0277427334187591 0.0483901745988942 0.0448995284522525 0.0841482269361856 0.0247478601509246 0.0369415297006436 0.0347001637158040 0.0460224199673678 0.0553974732534899 0.0690174716869108 0.0592133451398205 0.0673064442041335 0.0123198546204451 0.0281603980963787
0.038661965183499875 0.0979751725751906 0.0066634147222743 0.0838704211742964 0.1618721801743418 0.0145061056520469 0.0419638373944819 0.0273208158493223 0.0251464223562366 0.0861297344769753 0.0434853096621329 0.0139763913833462 0.0491844477089133 0.0262992513113504 0.0806752151250515 0.0648375922324403 0.0656769221790425 0.0549888377080006 0.0349679898632648 0.0047862907860048 0.0156736479504359
0.03749747473188048 0.0805396045337976 0.0123807693308708 0.0653216986793874 0.0692593932263605 0.0200809019557913 0.0577678207646520 0.0337452044815425 0.0287963522125732 0.0695090617839682 0.0460695767201376 0.0166405188631391 0.0745062684459923 0.0318684736344493 0.0625549998200126 0.0555082825397265 0.1248494139425451 0.0809472456478368 0.0394920245363856 0.0075600355096463 0.0226023527125145
0.027489032176106244 0.0644572694441770 0.0173318695183210 0.0352768668841820 0.0388888728586375 0.1093768078700940 0.0427656163537756 0.0442569256831296 0.0501622641397900 0.0390766788702223 0.0857905856788936 0.0282335642627002 0.0372868702410706 0.0247807850518918 0.0343761742945349 0.0417349923118321 0.0533449836616283 0.0458853158156028 0.0588791826533165 0.0351610185973173 0.1129333566734059
0.026884732206894666 0.0726833247639048 0.0173519251683675 0.0368817235825758 0.0488673014173913 0.0335757269031336 0.0424148231136341 0.0229080307609516 0.0848392105460213 0.0467959869392289 0.0859611713151762 0.0289714629555701 0.0326820398986054 0.0294206866901394 0.0362066896715669 0.0455090875065792 0.0516995563829367 0.0669024559376538 0.1771083038556195 0.0103855305179327 0.0288349672220837
0.026702118931527078 0.0830324183093798 0.0131670435438597 0.0591283496683847 0.0527180132238412 0.0298416207293091 0.1863661357584169 0.0257288076770740 0.0414430538195062 0.0498074084628473 0.0633749666131430 0.0190473314039382 0.0508525555655994 0.0325978476108964 0.0384206545117124 0.0477492359710246 0.0678291922489840 0.0493655178894506 0.0512198979743616 0.0109281724386725 0.0273817792757789
0.026117227136509158 0.0761215176924637 0.0131375494623518 0.0398763189808802 0.0596401240668513 0.0231431957868461 0.0413612290979293 0.0426186475125493 0.0358578940347599 0.0874240854521503 0.0661864223666521 0.0215034813085160 0.0416256107947843 0.0244056268167078 0.0723206405783201 0.1564707552072419 0.0595232229453095 0.0559538440897882 0.0476040969699016 0.0101999310272743 0.0250258040364490
0.025542039428588063 0.0635430397264343 0.0151431613249905 0.0124730853481402 0.0169892861147212 0.0614632843246865 0.0235687053666886 0.0120985155804808 0.1587722374826434 0.0185011834271944 0.2153071487962420 0.0528957111333287 0.0136852711729335 0.0146048230035940 0.0172765895009500 0.0205881888242754 0.0297506157459153 0.0451954236737936 0.1711932568408685 0.0094441761949225 0.0275062935831578
0.025223568933864883 0.0730129882266527 0.0070987043301364 0.1882571879223507 0.1188581825466948 0.0147066250336130 0.0641667823711088 0.0286225578893319 0.0209437839556486 0.0583070379125568 0.0334186108989161 0.0112673745420077 0.0828216934207062 0.0303480523878629 0.0495740936151801 0.0404070881834558 0.0761827127583072 0.0514380277887374 0.0283908116560338 0.0055466375795978 0.0166310423424275
0.024647499036207714 0.0724022701857553 0.0072555574144488 0.0533515843788475 0.0935386780590551 0.0159692024994631 0.0375055007522547 0.0272573696274159 0.0305982954194346 0.1858605435647820 0.0452024782824264 0.0171915727406586 0.0577445642287043 0.0222222880615247 0.0754397826145312 0.0756255221821763 0.0625594230873300 0.0589411821209735 0.0383902963501790 0.0049802314648496 0.0179636592274517
0.024240809567877 0.2475401522055604 0.0139981186368431 0.0506804387103654 0.0658018992616465 0.0198731560149221 0.0646563032059252 0.0210545047656136 0.0291233694328503 0.0493762255391614 0.0497950913171498 0.0167583109563256 0.0334768932116028 0.0306191105893143 0.0453735140045858 0.0507409323718882 0.0847366846586112 0.0558102927362061 0.0447606158480130 0.0073576685032938 0.0184667150147764
0.022867240148807765 0.0914433040740741 0.0109046274230710 0.0539363422993827 0.0651973253144676 0.0267975557425541 0.0508944621392746 0.0251190300622299 0.0402265573576772 0.0537201605297840 0.0644812363757715 0.0184009573340277 0.0382160350767747 0.1534492866203697 0.0432262602627315 0.0492166515532407 0.0702720930941358 0.0558316571315586 0.0545501258665122 0.0098387655681713 0.0242775657076389
0.022104146027102634 0.1303393765164640 0.0225652239617321 0.0375677953928557 0.0347626409609258 0.0167366650151666 0.0663801855525843 0.0204991416467372 0.0237177751871878 0.0346599154558770 0.0338374884546398 0.0157286789254839 0.0635364646749551 0.0311554165641988 0.0326633183436440 0.0312370160262621 0.2400956302135303 0.1060951125591699 0.0378220059397327 0.0052264663543923 0.0153736781412093
0.02005040832151934 0.0328644862572093 0.0083382448495443 0.0035475449920572 0.0056973041316687 0.0333104824226215 0.0065516415092239 0.0042224757142252 0.3130057503632289 0.0066542767969620 0.2104330831858405 0.0533213731466563 0.0053219021786202 0.0052100586277461 0.0064532261839915 0.0065383740114694 0.0118345571305860 0.0277226213980538 0.2470144348434830 0.0029890274811604 0.0089691327924537
0.019896025117706165 0.0832667321938459 0.0166283912574000 0.0342980973597589 0.0421750278676951 0.0213189717337943 0.0357127413124058 0.0197199201236145 0.0517444344408974 0.0458777765355591 0.0539147376691493 0.0257003052231090 0.0424909553399397 0.0229458344002394 0.0350113048486743 0.0393212307244391 0.1011949423907066 0.2256631270728035 0.0762206428620200 0.0072833983807307 0.0195114309227631
0.019494628787791905 0.0229601034492430 0.0079892134520416 0.0042245559279359 0.0061610575053902 0.0629547085188334 0.0063994637524757 0.0060499432385351 0.1305138112733440 0.0074229809160208 0.4825048041148526 0.0960690483132263 0.0062396526512774 0.0056389924095862 0.0103266762689124 0.0089801320764187 0.0120295022589188 0.0177806657063531 0.0864680400746101 0.0052432386951436 0.0140434100142437
0.019074706473420064 0.0807273073974377 0.0042433273195736 0.1339345231078586 0.2866763525276375 0.0075982464824936 0.0324849717528788 0.0200579753146941 0.0143007257262847 0.0737822467322511 0.0235042221617409 0.0094192701385690 0.0436637074255122 0.0204700085729614 0.0808661344972019 0.0396022647658296 0.0515003980167430 0.0403917147190231 0.0249035589962533 0.0027020143241802 0.0091710291189121
0.018918558890134735 0.0282385107352826 0.0078828154382872 0.0035031404638164 0.0055658830588070 0.0484063117880400 0.0065477489524678 0.0044035991963056 0.2354105381262241 0.0066043332947757 0.3562918503125300 0.0704686420721148 0.0049484633173523 0.0048208177134993 0.0075058115425879 0.0073466514756928 0.0108341889077337 0.0206668219668345 0.1559189720541092 0.0038466103410952 0.0107882885974904
0.018690071748491233 0.0604689439823677 0.0144026888292160 0.0203201844136154 0.0255174061414502 0.0552317885927585 0.0288669498388573 0.0174929626749800 0.0885417083329405 0.0265373602924944 0.3069746006788922 0.0622626462766963 0.0202428701224365 0.0172451108491350 0.0275077349572863 0.0327332385757390 0.0342974960996653 0.0378764505690443 0.0819740323063505 0.0123465756768186 0.0291592511435576
0.018463348986319884 0.0812874882658573 0.0186999360172219 0.0110186407508007 0.0159097382965920 0.0245675660039673 0.0182990010556379 0.0085748365347737 0.1808422437885374 0.0157979632637539 0.1022822171440179 0.0333444486549878 0.0127444832329717 0.0132510551877540 0.0135673079999999 0.0161965252844509 0.0312926533502223 0.0648556302332584 0.3205292218823184 0.0041170247696334 0.0128220149694565
0.017540578522385122 0.0583472605555556 0.0134745250757667 0.0329824352339368 0.0397444246584214 0.0392140559827049 0.0415435465244346 0.0199785287308698 0.1993841679235795 0.0421937592415787 0.1000850708230267 0.0364946909538462 0.0309249953602815 0.0231525640238814 0.0292724276083459 0.0379687530745601 0.0431637233338362 0.0530330983609854 0.1183826545540475 0.0096620428566114 0.0309972690220211
0.016647802509476922 0.0492044419225265 0.0076876044859679 0.0265545670664512 0.0593009536203169 0.0090608753799481 0.0260072206009220 0.0320924717233321 0.0196466696093474 0.2458248269832012 0.0341235555972124 0.0167707534936145 0.0483117543998728 0.0145224731952201 0.0869428054787770 0.1849311424301839 0.0529817556944519 0.0452971956176143 0.0252353472960627 0.0039084527856075 0.0115951275346299
0.016337271722378418 0.0285606499105592 0.0072519627185741 0.0023295113026949 0.0039070298581691 0.0144931097525249 0.0039719853601405 0.0024607806151392 0.3667993204968953 0.0041909356987846 0.0946601338343505 0.0245505469108831 0.0036613244548745 0.0037242572531890 0.0038364407514447 0.0039959060343559 0.0084906446162570 0.0243074125361060 0.3928440303537687 0.0014028249939724 0.0045611922022684
0.015573295410937212 0.0547823208548608 0.0110057480762293 0.0902650197105712 0.0476695916295037 0.0171634583024020 0.0612254884930886 0.0456346547788354 0.0222638722654657 0.0591399640827668 0.0308793466122819 0.0129014888123725 0.2236622796283692 0.0164036374609676 0.0436528781418536 0.0407225484436325 0.1054045799824385 0.0611631464213687 0.0270561172775890 0.0056411339331181 0.0233627240690007
0.014206783509756578 0.0710295611718314 0.0105894739352915 0.0637159445919395 0.0428951695466684 0.0163749895104638 0.3499635961001063 0.0206309491320872 0.0241363773496242 0.0428327444657517 0.0352761181805872 0.0119124309422469 0.0681329140610446 0.0198296949080916 0.0311497562597032 0.0365859328885922 0.0696142879556604 0.0339651491568030 0.0299549916621130 0.0064357296663727 0.0149741908711420
0.01377892148776006 0.2325226846936818 0.0343978691101722 0.0120877259123232 0.0160142277873378 0.0226795977241533 0.0366477706059151 0.0093229233981180 0.0802673593905640 0.0148297318703989 0.0736054902407016 0.0289184687351002 0.0148623755695538 0.0168933407950195 0.0142294800094744 0.0159000584614943 0.0705858864048396 0.0912041350662570 0.1978706467511676 0.0047771062440241 0.0123831209710646
0.013426927783066015 0.1200182881333772 0.0085192554979632 0.0415938805752957 0.0513673944388305 0.0145908495601183 0.0392785044934297 0.0185199652749015 0.0259200149089358 0.0426957696184625 0.0422477764212222 0.0127959019227332 0.0277144484591327 0.2849190894875167 0.0363201954124179 0.0365084320732588 0.0844077988278581 0.0527651822950066 0.0416901265026282 0.0052722208355453 0.0128549003596583
0.012308311197722539 0.4021951775499960 0.0326142487061859 0.0151688936910615 0.0202865146338614 0.0136676191650060 0.0660441389476023 0.0096467531402050 0.0311870689529784 0.0170406659059565 0.0370535232169737 0.0160919561004229 0.0158050243531646 0.0206666642346069 0.0152757420545481 0.0168914598601534 0.1040383607816646 0.0744445659866676 0.0777283381829259 0.0036591960518099 0.0104940835141567
0.011858394432324138 0.0462144851938100 0.0029598736135705 0.3106424575552416 0.3211551903132203 0.0038485399512685 0.0294909081863700 0.0150461654160404 0.0065603201253625 0.0333800719918904 0.0109004519562530 0.0051402483924558 0.0498843696938472 0.0137811648288073 0.0482354816279294 0.0171625284158174 0.0406401637873671 0.0254392227841678 0.0128323349612380 0.0013378174932743 0.0053482017990476
0.011296439570444173 0.3421388463220379 0.0302824103509136 0.0117959828506168 0.0139884483385912 0.0086720433483524 0.0662526078693581 0.0074264012420740 0.0142398106358737 0.0120674259433078 0.0175259636282212 0.0096854114900827 0.0199258007298922 0.0163450081411057 0.0133074478164923 0.0113365102833048 0.2823913468686550 0.0785761411557082 0.0351085504415120 0.0021914476779791 0.0067424010760581
0.010940034917069755 0.0943672205371401 0.0087996539954029 0.0351381659914509 0.0230811105363334 0.0076037729688686 0.5789158641019443 0.0105070314108396 0.0099712214500362 0.0211278712017905 0.0152595831995326 0.0066732209512864 0.0379131776980402 0.0106330106033553 0.0154264149366884 0.0193313223880153 0.0590848629195903 0.0204560887915155 0.0154275551957417 0.0030761091724574 0.0072067417115895
0.010420425162521405 0.0389918287394177 0.0154789252359634 0.0180143593546394 0.0196405278017271 0.1595989956984428 0.0216014324539453 0.0726363018118018 0.0295001168083305 0.0220997863822384 0.0628220275101591 0.0189411256422282 0.0287266699001015 0.0120662240386894 0.0237320052966474 0.0264800628553165 0.0355923309481882 0.0284550916017609 0.0355333136970879 0.0493539360639180 0.2807349388757187
0.010243105025570269 0.0115822554318551 0.0049021665896685 0.0019978479378306 0.0029034499996558 0.0467416994064572 0.0029517303343092 0.0034205210872062 0.0893142286987516 0.0039464289571244 0.6574550390873861 0.0793166965801982 0.0031629787570383 0.0035070831925957 0.0061002908369351 0.0045295310298751 0.0071319442829098 0.0094778182701680 0.0517976986560482 0.0026308027859664 0.0071297974920360
0.009934338617943916 0.0416212574794423 0.0055857816400764 0.3498228571174861 0.1014291739897877 0.0072871551527395 0.0504230586299618 0.0262445939807300 0.0102844949728264 0.0358216581131339 0.0153009530919100 0.0063342543803392 0.1558553395231325 0.0138950833313204 0.0306896947122813 0.0218396828062339 0.0641301140624278 0.0352566736032324 0.0150021933205754 0.0027330738023088 0.0104429005111446
0.00987346752615472 0.0365468869623870 0.0162234031579559 0.0120389922573930 0.0139332421855623 0.2929601265969793 0.0171002740251945 0.0286390625959975 0.0535503997730724 0.0148065954783348 0.1168382377459126 0.0329321549218261 0.0173617212904494 0.0106732193199322 0.0159533957730723 0.0174372114222282 0.0300382286455818 0.0255574275842044 0.0521345801733226 0.0396195562648977 0.1556552782584647
0.009607046225859981 0.0152459879042240 0.0101597899172085 0.0051578659746557 0.0061278925051423 0.3594904627180898 0.0059649834423324 0.0343845613146923 0.0187997420174474 0.0068749055719010 0.0522486493645545 0.0135806289461892 0.0105944454033057 0.0044942542349861 0.0084516188337926 0.0089190312348024 0.0155915554874196 0.0114513657966941 0.0198662401800734 0.0298537190662994 0.3627423010101012
0.009236526536708357 0.0421519653438396 0.0036889943087966 0.0117835104539254 0.0077810585720154 0.0021855874338394 0.8425850695319993 0.0034482278729705 0.0028677902892071 0.0068792371733524 0.0041956568216804 0.0021953824117478 0.0133869624686723 0.0033871128218816 0.0048328642798473 0.0072103231059218 0.0260078755041072 0.0071776463065902 0.0052122438887301 0.0011085480504012 0.0019139356132569
0.009189770480696365 0.6065081306769073 0.0203827360507153 0.0052202610132500 0.0067517444780028 0.0046265579954872 0.0751093730554009 0.0032901535702353 0.0105802862065287 0.0055041262666347 0.0112244142424392 0.0060074080730677 0.0065032166663464 0.0079988792288047 0.0055212754900624 0.0057358653749400 0.1399503688107535 0.0388567991548728 0.0355542407849253 0.0012992893314066 0.0033748737884784
0.008986866841399047 0.0243227686237364 0.0059434070453519 0.0096220586505351 0.0235953539890056 0.0047194671264357 0.0145407638160400 0.0227308475561009 0.0110483359177384 0.3329830581132829 0.0199842449870420 0.0109856072074212 0.0284889827319132 0.0078433977114950 0.0545195175458918 0.3488647836458237 0.0312976527947386 0.0254833143506428 0.0136429826657506 0.0028676888568470 0.0065157657220968
0.00896569428773324 0.0481665694578371 0.0120142979467775 0.0198296925336023 0.0371912624755487 0.0111638134778116 0.0256678035973629 0.0437420812871200 0.0188520334710222 0.1495754509751056 0.0382152869880943 0.0156569339216767 0.0353800359273837 0.0147854463369084 0.0741211919818952 0.3242860240086590 0.0467921629351569 0.0382537070815704 0.0247654673177210 0.0069831937490800 0.0145575482429400
0.008571355475707582 0.0847719791467682 0.0176788994986620 0.0240037869773569 0.0187293782884932 0.0088225246131124 0.0308756209055168 0.0116331978412927 0.0171021107893168 0.0215121432671881 0.0186965615616506 0.0114688560335529 0.0504226558719637 0.0164638951799095 0.0174921138789624 0.0184456298493207 0.3045058088719628 0.2887533821531495 0.0277015846243310 0.0028958173960477 0.0080240514659326
0.008363158697993813 0.0508372824744008 0.0116748145941096 0.0027465123549034 0.0046092837869737 0.0101210891571835 0.0050790041350153 0.0024454129853583 0.2215900283753825 0.0040580262434286 0.0601396197111790 0.0175326728335269 0.0037510603114115 0.0040649001691123 0.0038843215177873 0.0042983053616594 0.0106974668582286 0.0295986452830150 0.5478567360920523 0.0011688630833421 0.0038459464910798
0.008184956371306602 0.0300073740506194 0.0127935562304146 0.0064728402104470 0.0077530522582660 0.2382202353257938 0.0119387714516964 0.0121113220717286 0.0865284067765213 0.0086341041697361 0.3027943267635974 0.0640192607151318 0.0087930222667744 0.0072030055760905 0.0103236662488959 0.0104552865591813 0.0184910869531503 0.0201693585341950 0.0661472245417340 0.0173775915896607 0.0597665103313947
0.00794323638362197 0.0148221893137495 0.0045457161879719 0.0025631359302978 0.0037040136710353 0.0153283678749444 0.0037484619488006 0.0024166410693137 0.5248308612838741 0.0041724643912705 0.1087326751021768 0.0326604027147934 0.0038119014207018 0.0027861668414706 0.0034624475213239 0.0039367233832741 0.0064816772609948 0.0168853149894491 0.2392006261828080 0.0012216745697690 0.0046885364221458
0.007767680626142987 0.1080943425383305 0.0067881668854515 0.0244884978131743 0.0323779053993185 0.0092117394305510 0.0261688568313458 0.0136215772375923 0.0174589648450883 0.0284234872453149 0.0315521701465076 0.0088220836682566 0.0183902487327655 0.4680245639977288 0.0268155743083475 0.0254720999943215 0.0728115430244179 0.0395728183316298 0.0305767653185690 0.0033178162850653 0.0080107775900058
0.006977238622619521 0.3085081850587793 0.0190097364934901 0.0147932009380609 0.0157321655778031 0.0114876014976614 0.3173024382505375 0.0081248922625458 0.0154011738478068 0.0134461739951967 0.0222264352894699 0.0104416763174062 0.0178483116124384 0.0145345614243458 0.0125804874928580 0.0140043868093794 0.1093100873631651 0.0347277090443688 0.0291301122462394 0.0034560190199469 0.0079346489925420
0.005809219412055829 0.0383185888215640 0.0129270077987851 0.0300735130378132 0.0286914906015186 0.0354227830689446 0.0207201848908125 0.3307134393318147 0.0179951208782081 0.0354071596321944 0.0360263643085801 0.0138641832355353 0.0797325327410782 0.0128123532856493 0.0685623408261201 0.0502662819550494 0.0446650681214882 0.0306246313561124 0.0230252848142751 0.0088317715050873 0.0813198912133638
0.005638074603257221 0.1148985238729463 0.0275939368818652 0.0163142347854796 0.0115638910574245 0.0085277814925677 0.0457331751750900 0.0091067168984510 0.0099582379881081 0.0124443722182758 0.0152092527485528 0.0073447124049444 0.0396115297951807 0.0143999280422470 0.0115304904586136 0.0127924774899078 0.5069833268659055 0.1097680870114222 0.0162443841719608 0.0025403554061806 0.0074345885216711
0.005602787013814209 0.0491253203117619 0.0084213939618957 0.0284250739359157 0.0855942672333491 0.0126685868384507 0.0232821051373012 0.0643642224216657 0.0201799799521338 0.0677894773810424 0.0491890960587310 0.0262821318266415 0.0375267891905212 0.0160301263172729 0.3176017646039984 0.0642351310003149 0.0442927984443395 0.0376446882506691 0.0263831187403559 0.0049613709371753 0.0160025701857976
0.005530447455456035 0.0121822175203381 0.0099052004265433 0.0051384602147074 0.0054869736844792 0.2075801526214708 0.0058805366889457 0.0494691746725156 0.0114524429358751 0.0063726341121390 0.0266985695961079 0.0072789630610943 0.0119707409744777 0.0036993487827404 0.0076438443180730 0.0082921431910991 0.0136922080842238 0.0098481506693251 0.0133696317964589 0.0211098584579678 0.5629287549848468
0.005390179287420063 0.0397471837660829 0.0024220766567360 0.1554212540376492 0.5385986753969544 0.0034646099738090 0.0187870200879030 0.0102286612679653 0.0069389868549680 0.0345210300821738 0.0113806881230969 0.0056058825395319 0.0219485547675561 0.0071856835550826 0.0653591047400556 0.0154182177300703 0.0245670892132919 0.0186256501980685 0.0141896461201505 0.0012071501228188 0.0043828389189721
0.005346069800616297 0.0280638105206273 0.0041275323376238 0.0126836555869637 0.0351731394612210 0.0047026445283828 0.0142539432354787 0.0148200542764026 0.0122529423973595 0.4839139711221124 0.0179725499298682 0.0111570785650165 0.0345797709176568 0.0082176174044555 0.0502295627113862 0.1863573842499998 0.0290749846864686 0.0298412835924092 0.0148160798742577 0.0022804798275908 0.0054815105270627
0.005104349812931667 0.0134088878021084 0.0088261798302281 0.0035718112125821 0.0044082023619080 0.5649290793294173 0.0054880214656066 0.0123397441769789 0.0276944395411337 0.0049266424104735 0.0931269714514345 0.0206124136633253 0.0061070250888350 0.0036268501325614 0.0053258460515036 0.0054474624434842 0.0135786969846181 0.0103899784726927 0.0242871944028688 0.0185319058335292 0.1533726454198071
0.004502696412928314 0.0537590031112853 0.0127162233783307 0.0151092589657130 0.0122780517940830 0.0067079294431818 0.0148950013505093 0.0072046937386364 0.0210021883095610 0.0181957348181819 0.0180979541414577 0.0112083907874216 0.0304257545487853 0.0090550801312696 0.0106043545235109 0.0128179184874608 0.1836863587355014 0.5215739567006272 0.0328434830458463 0.0021017658771552 0.0057169007392241
0.004133058913512765 0.0203460163035218 0.0031415954578442 0.6233873387406612 0.0903588731976520 0.0030119980540022 0.0213080221137673 0.0145782990535753 0.0046608609626467 0.0148667034668091 0.0066156643953043 0.0033080733957311 0.1024503238057632 0.0063563782529349 0.0157325376557097 0.0094984628729989 0.0315591452729990 0.0159643211532552 0.0071519815041621 0.0010298236367556 0.0046735801178228
0.004092478185653301 0.0700140990278077 0.0042017142672990 0.0092686428432852 0.0126584646885105 0.0049483066768700 0.0127372044645397 0.0076323224393188 0.0093454238316448 0.0118767249864197 0.0169518865733996 0.0051865858176330 0.0083433754690666 0.7136637708557874 0.0124648468665661 0.0109834067441259 0.0445775553546023 0.0225836647413236 0.0164259315421426 0.0017644153255874 0.0043716603800389
0.0038825170284673806 0.0383632279936378 0.0104912809234265 0.0089841712933424 0.0129725074660303 0.0375572244973870 0.0133625188652580 0.0098547012701659 0.1020037390106795 0.0182827478254941 0.2273391579481935 0.3128721020222672 0.0133099546784822 0.0073624818095887 0.0249483481290616 0.0168621248377642 0.0243850538604863 0.0354610121767781 0.0650478407021131 0.0057985621379914 0.0147412429091116
0.0032394007108684894 0.1082681204003268 0.2694698289760346 0.0189569156241829 0.0195727409324619 0.0282911726862745 0.0412731356154685 0.0174209381225490 0.0350932665713507 0.0212450408578432 0.0502292173011983 0.0215698606345316 0.0303790191179194 0.0166121986290850 0.0196847508474945 0.0240424917935730 0.1141563223583878 0.0648246848747277 0.0646063759558823 0.0103866690716231 0.0239172499727669
0.0032288144340355857 0.0273034989300545 0.0092738266540984 0.0925893489931694 0.0212362066333333 0.0082305965314208 0.0302053540964481 0.0453510912841530 0.0106808760702185 0.0315186365038252 0.0137317811325137 0.0076116587387978 0.4993988931693988 0.0073950064150274 0.0213182504748634 0.0203074928677596 0.0848626658510929 0.0399982599125683 0.0131850578841531 0.0021793686262295 0.0136221302292350
0.0027639004431239044 0.0193573993686564 0.0077556606220875 0.0067878435569740 0.0127819432527928 0.0052603402014045 0.0122823650734121 0.0233648025710182 0.0093569732192784 0.1278257768870092 0.0179550264593039 0.0075113220983083 0.0155205399511650 0.0059533373399298 0.0343049057944462 0.6355878538142339 0.0213198388231727 0.0158296570188319 0.0109620900967124 0.0034308180377912 0.0068514934886690
0.0025115941786063695 0.0228767846891465 0.0128082734394099 0.0092772342694064 0.0104024121837021 0.0720807842824025 0.0175091348876009 0.0137336275781524 0.0159579946255707 0.0124253240618194 0.0398220374998243 0.0125828634246575 0.0120320791331226 0.0091745557337549 0.0123030615335441 0.0190648038552863 0.0237125866508606 0.0173434418229715 0.0197469744221988 0.5836208798735492 0.0635251366139796
0.0012853504454617072 0.0178527986094714 0.7921071105010311 0.0081888985147564 0.0110691927638985 0.0082291396039807 0.0123224001702127 0.0071753646904598 0.0108496012251201 0.0096282641304050 0.0130069097069321 0.0054179265573095 0.0081117479704873 0.0096738999615649 0.0077084637824297 0.0113629034378861 0.0285183913246397 0.0140402035188745 0.0134081417632120 0.0037520984763212 0.0075765441784489
