# This script is generated automatically.
# Vector of amino acid stationary distributions.
distributions <- [
              [0.06583056213191951, 0.01805814849304658, 0.05664405301691478, 0.06502368107660449, 0.04215944351459042, 0.058429476594398205, 0.03187592326692453, 0.05974373644165786, 0.060900967855385, 0.08884668806008043, 0.025363156322512598, 0.04659215952830188, 0.040616141215027934, 0.04586855931950475, 0.053669188563811095, 0.06397462666315092, 0.054517520636743616, 0.06949981862377433, 0.016143266607640996, 0.03624288403629049]
            , [0.06809567676202968, 0.015264217521560838, 0.04541327902860901, 0.05607408999231116, 0.040007627393477296, 0.04963803120702248, 0.02706266277615812, 0.05899362768501314, 0.05142870183219068, 0.1703529957711286, 0.031320367491189854, 0.03824972502316269, 0.03232780635942204, 0.04493029571986928, 0.05247669510892545, 0.05533438443454857, 0.05062081974883067, 0.06659691067277503, 0.012688733602197712, 0.0331233550518998]
            , [0.1472306126155178, 0.015800262265130368, 0.053235946588186714, 0.061248752843603746, 0.03289507429210746, 0.05975666653230564, 0.02835173345668332, 0.04836185937669584, 0.047404131463289936, 0.08523995821699636, 0.022726649421919858, 0.03721988503873529, 0.03672440730284321, 0.045584916476463955, 0.05632605178968893, 0.05977275818671598, 0.05403185178418341, 0.06627669807031343, 0.012942701074914464, 0.028869081630815203]
            , [0.08357487996350806, 0.009129091364594744, 0.09221054962210587, 0.10341984812472119, 0.01504532121842439, 0.06463772365446215, 0.03136602971625508, 0.022254682052345556, 0.08030334536877114, 0.03889745445399964, 0.012939297554068753, 0.07032987617443143, 0.03566832898175405, 0.06636111582978552, 0.05766861226493124, 0.0944694056319183, 0.06604467656286749, 0.03258712764846123, 0.005588099022783091, 0.017504533336860886]
            , [0.07482314959621424, 0.01410862571906211, 0.055762199674212864, 0.05555672752163987, 0.03465017533957954, 0.15230811056786894, 0.026371862783886618, 0.04932360069770754, 0.051741207195852776, 0.07523661421145252, 0.021096646143821937, 0.04434656821126224, 0.03637412635884142, 0.039719199973841914, 0.05091118108632169, 0.06254374274850186, 0.0518802427703795, 0.059232944674212716, 0.012479289450537435, 0.031533786780176924]
            , [0.0738907902211051, 0.011286843368183442, 0.06362749453875753, 0.15351020844405627, 0.030505848836505436, 0.04563397446262754, 0.025600679665520952, 0.052529026626994324, 0.062351973328374305, 0.07868581188324009, 0.02247450157543736, 0.03954022286820911, 0.030323521519006788, 0.049573158899092015, 0.05022997212948239, 0.05541872812650697, 0.054883766497717125, 0.06252156002667617, 0.009203672310906479, 0.028208242817011252]
            , [0.07345450334525053, 0.015566905283592763, 0.04580516272234755, 0.055156490876739454, 0.03222923545690558, 0.048456146204829284, 0.025549453545844564, 0.057892028797095846, 0.052535712421758994, 0.0779876382355207, 0.02627349275452396, 0.04389997772619767, 0.03222408087321932, 0.0433026508998405, 0.0494520687310929, 0.07025997122765523, 0.13361977503987696, 0.07591690548374677, 0.011031541429404322, 0.029386262119905388]
            , [0.06042089369610771, 0.015217167532307861, 0.023986445630995678, 0.031871428444591475, 0.048040857629893075, 0.032159289066049215, 0.018598841487539975, 0.13968891782996995, 0.034308002756037084, 0.18374951295622435, 0.04527027714362107, 0.023833811071727922, 0.02149931254123947, 0.028613893864152577, 0.034582285624159236, 0.0406256936768111, 0.05068933294188996, 0.12392133760778481, 0.010771231811996915, 0.032151461423751235]
            , [0.07612840441987437, 0.022733845041965343, 0.044769223198852966, 0.04967610923017535, 0.037405389440829384, 0.053561969073012104, 0.028479798384140276, 0.050305538296570064, 0.047935153561100695, 0.08017247882375646, 0.02454316929248925, 0.04569820894286976, 0.033857029852873054, 0.04033422655067828, 0.04776566742803574, 0.14289754234587004, 0.06571825696757468, 0.06272876191408389, 0.011937645687934265, 0.03335158610245947]
            , [0.08235823975051625, 0.012969742751576733, 0.0478405710203159, 0.0554703052640509, 0.03274286205112467, 0.054009312512697485, 0.026201610613551383, 0.04862018140425296, 0.050104265827984606, 0.07802109087626284, 0.021327078594072648, 0.038502471903778535, 0.13594399716470376, 0.04137918281855222, 0.05048433400513479, 0.06352247969581964, 0.05514745838254172, 0.06395071337333261, 0.011938934583524026, 0.029465170016185725]
            , [0.06683571349742673, 0.011889149921067349, 0.04548483450811142, 0.06450325436216155, 0.030077969422577826, 0.04385931494003141, 0.026053265369433875, 0.054782876494182134, 0.15206747373014068, 0.07868948324457364, 0.025381804883083465, 0.04285078128943835, 0.028099330337995082, 0.049562368104161994, 0.06724557929738197, 0.05471481983721191, 0.05669690237860819, 0.06279081607294705, 0.008957943881198244, 0.029456316607630338]
            , [0.0687355513332585, 0.016829197403007694, 0.04022437033460522, 0.05142145055889117, 0.03341160606643841, 0.04604207509836711, 0.02382237785741541, 0.07775051788227372, 0.04832896905347623, 0.08157856909096008, 0.02601533642163739, 0.03356441082262494, 0.03093345301032491, 0.0367681190214354, 0.04758267015375119, 0.04889344875820653, 0.05739196112732169, 0.18997375848717735, 0.010917798652488635, 0.029814363324897588]
            , [0.07269178621751574, 0.0154809729174585, 0.04375326167183745, 0.056505381585002866, 0.0324381365990269, 0.04766495423812249, 0.03334839913863763, 0.050413383007441456, 0.0626964593806525, 0.08765066143503147, 0.024076843651974815, 0.03725548743331426, 0.03017668759719521, 0.04918986969490553, 0.13912328825987358, 0.05511469034688037, 0.055647230908986836, 0.06385926953978253, 0.012676432356038927, 0.030236809433600458]
            , [0.06241518569537989, 0.01418881213702641, 0.04462188524208005, 0.053137811671839286, 0.03742652314499034, 0.05005828882063587, 0.023553521386953213, 0.14827347452714162, 0.05403069751888505, 0.08652615536042627, 0.029941440460268216, 0.038851063268138426, 0.029763067772266786, 0.03669434470515898, 0.046253392167242495, 0.05163759047139424, 0.05132543560578558, 0.096913427046905, 0.01116593767552849, 0.03322194640498917]
            , [0.07495809817426122, 0.004588827833911796, 0.07743363306043324, 0.163227961476852, 0.008940336598446674, 0.032226531449426686, 0.02653138530234815, 0.017760993659729468, 0.1495583045992353, 0.03054042282780174, 0.011531576309143884, 0.056700810973242005, 0.01777471109259144, 0.09343698139858025, 0.08066883984648993, 0.06104384723560465, 0.052846365917723424, 0.02554930726903698, 0.002880550415830311, 0.011800512074570668]
            , [0.04835110389893325, 0.011892100609148398, 0.008381221504331363, 0.01217070704138487, 0.06777945026921361, 0.015449813474158205, 0.00891360502268575, 0.17179307570433788, 0.013505887117287521, 0.29904456896441534, 0.06449145599776417, 0.009812663264102676, 0.0102721367175015, 0.013951005280585214, 0.015560384027317138, 0.021791121495049172, 0.03327941331693603, 0.14432381932536892, 0.007923916720507237, 0.021312547721586885]
            , [0.06757496775412053, 0.016184142818444176, 0.044163461652023304, 0.04897175122554989, 0.06215207690566287, 0.047964318318476314, 0.04240367804290383, 0.05054499715320974, 0.049047664971910494, 0.08016386054575768, 0.02434077984608479, 0.04203933962867954, 0.02881323736247033, 0.038112342512024625, 0.04683322238863592, 0.05669389362855128, 0.04992753279484381, 0.06051900268133137, 0.01947800986833835, 0.1240717140126977]
            , [0.0798470566273524, 0.005712308065822326, 0.16690813562773904, 0.1764466196829082, 0.009761436898169586, 0.05211745045308075, 0.026454178545759217, 0.015013457838360472, 0.06608147097963393, 0.02626198212580623, 0.009806101893013626, 0.06763312120198517, 0.027111597477507045, 0.06419915660350617, 0.04324124206947669, 0.07422470542343387, 0.05038369803364266, 0.02349543522357586, 0.0034983435277390774, 0.011802499727442711]
            , [0.06104250098967298, 0.014314581972302393, 0.02924522711293545, 0.035615161018933014, 0.046864589228121284, 0.03775592681384884, 0.0220856036398782, 0.06745496912286511, 0.03600587136343176, 0.2780563308619104, 0.04994093482040244, 0.026830662782536673, 0.022150265026678093, 0.0355150046576857, 0.04423606115424335, 0.04093095342910106, 0.041365097459949644, 0.06744211376274326, 0.012355413806037338, 0.030792732379451886]
            , [0.07411325395356864, 0.011016882131624398, 0.15675972111518036, 0.06172686372970357, 0.03288255502452844, 0.056886508908312004, 0.027608819298003188, 0.04873968835763153, 0.05246529984453812, 0.07316594345194485, 0.020199005703033224, 0.05218376963241898, 0.03486876383673047, 0.039738076331099284, 0.04622120496648932, 0.058413009074138066, 0.052773647085607674, 0.05783117945484695, 0.01178912960035929, 0.030616683608097835]
            , [0.05521709276669499, 0.008573541043060275, 0.03102210350481048, 0.06610713578098473, 0.010962194485144156, 0.028243644934988626, 0.036822202270019894, 0.022454528898556717, 0.19448498099886857, 0.04055571380128755, 0.018128053419850017, 0.04671549693336164, 0.01720431656784098, 0.0958796920493777, 0.17601713959394516, 0.05513283914827399, 0.048121347758206034, 0.029410360077603358, 0.004753988922927279, 0.014193623531055494]
            , [0.1847597312934821, 0.01597807443923044, 0.04734210504373136, 0.053620190439443424, 0.020013281128638285, 0.06620764654124663, 0.022856708328269214, 0.030488156547352194, 0.04679464015497656, 0.04631273658881152, 0.01785204670097966, 0.04647447392801361, 0.034757407592077245, 0.04624361800440155, 0.041185593173363635, 0.13216556134459728, 0.07258329892872352, 0.04729934626366597, 0.0071145806343745534, 0.019950801912182348]
            , [0.017027531779191418, 0.006593564756474506, 0.002880197951407114, 0.0041295769940645, 0.05618121521249996, 0.00431505154438603, 0.004554212123315936, 0.12174831137649687, 0.005325089972776982, 0.556607337350295, 0.08702522515479037, 0.004746067679416148, 0.004413559279341409, 0.008073926261003117, 0.006306639014026699, 0.009389393956811133, 0.013556822611676546, 0.07330448471032934, 0.003643925536377245, 0.0101778728470059]
            , [0.0786053787895928, 0.01053704321591251, 0.046052429146757175, 0.07848432343061838, 0.020704477193363477, 0.03792630208220222, 0.041864688905731515, 0.03358197538009058, 0.07217579403521872, 0.0645912786221719, 0.02412312809524886, 0.050404948570135756, 0.024052129486727, 0.1476275540723985, 0.0693847881609351, 0.06659732092609351, 0.0599560610520362, 0.04409869170965308, 0.007246800512066355, 0.02198488020799395]
            , [0.06613972525752568, 0.013102518941181002, 0.05612733482331202, 0.05180734576718763, 0.03320575517845868, 0.054566045197474745, 0.03623193320963886, 0.0481685826099006, 0.05893407295249826, 0.06588179139579645, 0.02133905966433136, 0.14981128646547043, 0.027270122186927374, 0.044886991550542744, 0.04628004949980752, 0.06959183445607822, 0.05799926354915698, 0.05224073364924166, 0.011014727385249057, 0.035400827717222264]
            , [0.07109041666666663, 0.01702570834583236, 0.04034206012139675, 0.04335250093430201, 0.14765143944223086, 0.050729981950628875, 0.030651965120771795, 0.053305551338176674, 0.04069252712678695, 0.08902425965471447, 0.03026366837356457, 0.036009660523396596, 0.028443575789235197, 0.0335556213444262, 0.04209452181470198, 0.05493549523709085, 0.04860971963440355, 0.06289880632450584, 0.020679512995000423, 0.058643006340129665]
            , [0.042358186171118015, 0.009913189332773964, 0.00395228214638773, 0.006543416891538582, 0.0399708362792878, 0.008234028769873024, 0.004924605507941358, 0.249592710785471, 0.007433538284589938, 0.2280987229969269, 0.05298900889466639, 0.005653945395729845, 0.006486127850130016, 0.007721198301268439, 0.0078086917499645275, 0.014421367187977818, 0.031595581663673045, 0.25805928677223616, 0.003717988423146642, 0.010525285548806437]
            , [0.2807024003484045, 0.018870567520389573, 0.03971750090442631, 0.04703056940106111, 0.026243993341673856, 0.0668079732422203, 0.021802497454351078, 0.03709230110016621, 0.04402302863876792, 0.0618781985628317, 0.020787361408979344, 0.029238614971019053, 0.02380626147961043, 0.03642107010317523, 0.045327738922559195, 0.06607192053290047, 0.04801172284583104, 0.05323958876078862, 0.009009885968936563, 0.02391679949750572]
            , [0.0926265222047057, 0.013969026637930766, 0.06119608836639465, 0.05675334811526579, 0.014286281551374468, 0.06389147559692625, 0.02695301232860652, 0.020967979786104665, 0.05407331251303177, 0.03180838345163585, 0.0141912884187595, 0.07859746654677988, 0.028234548164461668, 0.04966167856373289, 0.04403490218014736, 0.1937290130792999, 0.10155103148221481, 0.031579601492513584, 0.005381025221864869, 0.016514011633209234]
            , [0.0686478738710733, 0.016838215264806933, 0.015483237819666172, 0.022210663229057445, 0.03068893259923105, 0.02276626923192089, 0.01187158307068063, 0.1973741240510475, 0.02336105551259821, 0.10027015705579188, 0.03640132082869764, 0.017950376538612495, 0.017477449733066135, 0.01880796431274535, 0.022523158898478446, 0.03701858796302358, 0.06329608626145286, 0.2525266042212047, 0.005665218851390725, 0.01882111987679983]
            , [0.08195261828056176, 0.004706730040372278, 0.09993287605252213, 0.270168308568104, 0.009167221282888612, 0.030853155543837857, 0.021218695757998823, 0.017714595310313302, 0.08353307047535943, 0.028645610338403182, 0.011317610447186825, 0.041356614467713784, 0.01911228918823238, 0.09009476764647206, 0.04761572946563617, 0.0532683260450428, 0.04567925019030995, 0.02956599005110923, 0.003254311351608046, 0.010842231240172868]
            , [0.020816656780373075, 0.006742378509594462, 0.002473570853292556, 0.004215402853191316, 0.045619250810302665, 0.004231508050501709, 0.0036580128016862855, 0.21066575172835275, 0.004981038410985621, 0.43340932526768405, 0.07407456190430849, 0.003937354878256513, 0.0038170205702723406, 0.006307953925554319, 0.005798779917688367, 0.00809976430073333, 0.01623680108886285, 0.13294658158334016, 0.003219079567616581, 0.008749203658629124]
            , [0.043804000951849824, 0.009938454112222144, 0.0037457544882071453, 0.006498537421938316, 0.021571907405973794, 0.006977503156038192, 0.0038307810042057036, 0.300060960003433, 0.0066264118512572925, 0.12870392682087395, 0.03512849759402623, 0.005617301898635199, 0.006175147923697704, 0.006338673506050829, 0.006433271177838852, 0.014059361024289639, 0.03591600619363136, 0.3493099111664242, 0.0022662215837696027, 0.0069973659703030065]
            , [0.06642005861501131, 0.009865688952582765, 0.04732994838273531, 0.06063572737562836, 0.01246915283402674, 0.046419111908476376, 0.04007536873192931, 0.019697864785837932, 0.1372639139365576, 0.03240615177847113, 0.01430298408355003, 0.08572985089530244, 0.022018755364014517, 0.0728427639270239, 0.10921753804212167, 0.1057404845146475, 0.06900170884468715, 0.027298088425203794, 0.0046742572837666745, 0.016590575740336202]
            , [0.06377332325905549, 0.003775504050881874, 0.2314138483785323, 0.28670118101649905, 0.005221837589986615, 0.03583802697800108, 0.019360081973449645, 0.009114602061729614, 0.04897396988668691, 0.015633364236677605, 0.00676849526332262, 0.054836619061634735, 0.018623300659871063, 0.06249173139578976, 0.02651018016688789, 0.05097613133984454, 0.034032147891143574, 0.017121423871420488, 0.0018672197084487127, 0.0069670051181490965]
            , [0.16217215301781945, 0.007581834867809959, 0.06450002898160564, 0.09348685748323432, 0.013039876109791185, 0.05120575468480558, 0.029902286856006915, 0.01929923256208102, 0.06878114764226867, 0.04677736725234725, 0.012481183851312406, 0.03323398660183943, 0.024135230025867017, 0.07635672378137562, 0.13005054128185478, 0.06171601481414065, 0.052994073152902846, 0.03347518706169758, 0.00621160595266336, 0.01259891650316157]
            , [0.0400188996986038, 0.011584930258805972, 0.010023380099393193, 0.012917691827376038, 0.07044254947636021, 0.014501610576697223, 0.01107436480606648, 0.10155541047279737, 0.014348520841848775, 0.41466944236880227, 0.07463199454713523, 0.011660747850553644, 0.010523886433221004, 0.017131738739913242, 0.017867139567453186, 0.02078386538565242, 0.026365963776601026, 0.08685060527780451, 0.009591675411266251, 0.023455592319788166]
            , [0.06649463695786942, 0.011539848453259085, 0.04548551976774817, 0.05800530013171914, 0.019854648602518087, 0.0386120428148184, 0.022725917002905573, 0.037440764799999963, 0.06492396393898307, 0.04623013999486708, 0.01992533205007266, 0.0513918677443099, 0.023056317699854716, 0.04443954541985474, 0.04947965283874091, 0.10436539609491537, 0.2154486887167067, 0.05271001980338993, 0.007701458232058108, 0.02016893834150121]
            , [0.18153081670528953, 0.03231764544957174, 0.02018330280839292, 0.025359725203728013, 0.029289726066599502, 0.04129731843425708, 0.014715421523526418, 0.08301318949722918, 0.024492340016523926, 0.07921575601511324, 0.03226792698337532, 0.022665911874055488, 0.023659158549924456, 0.022628223452796015, 0.02567691806035257, 0.07415415697732995, 0.08233792876977332, 0.15855078324433258, 0.007207471727959691, 0.0194362854411083]
            , [0.045549515933279716, 0.015940639453235237, 0.013292781269703798, 0.01661791007810918, 0.15915093310824419, 0.021799288404656295, 0.021776032536988482, 0.10469310197742399, 0.017848033277161855, 0.19854845574480987, 0.05089970160955454, 0.016851541195625867, 0.013862761791372802, 0.018236481377040935, 0.02127099857417862, 0.029358104052610308, 0.032625610230800135, 0.09480732893166707, 0.02281895776426127, 0.08405182088278565]
            , [0.20999335632067834, 0.0041384179656805565, 0.09277487164781889, 0.16635396482229386, 0.01040221092397024, 0.040712705294830495, 0.0178858821552908, 0.018307072249394124, 0.06945157381441841, 0.03311130292104185, 0.00933762395426093, 0.033739237818659125, 0.024853073062096116, 0.06806203965569464, 0.05215226308865105, 0.0610866508329968, 0.045438222899838426, 0.02864215658259292, 0.003949882588903513, 0.009607489067346514]
            , [0.054249291042361515, 0.017104014129572357, 0.02456602075149123, 0.027293218212617525, 0.14166868960772477, 0.031662645770902866, 0.055826634222121085, 0.03930859862299045, 0.029298739330704583, 0.07452755897280354, 0.023111598455161267, 0.03238541115842681, 0.0170039411349712, 0.028592266495804312, 0.03386032535304823, 0.04535905242341527, 0.03710292159336777, 0.047552033768071954, 0.03751634912920837, 0.20201069680517622]
            , [0.08088791204172577, 0.017148888757545076, 0.012942072878124516, 0.016123066614350985, 0.045331115049524, 0.028491188710552964, 0.010570149933076738, 0.1326904377071097, 0.015435393893457439, 0.20739516832084248, 0.04229899568817104, 0.012228406616973792, 0.015188615922422537, 0.01564848339720475, 0.020402979719971744, 0.030234773399837912, 0.04688925722807375, 0.22406934383228638, 0.007761045619728582, 0.018262701444095676]
            , [0.05739355781298065, 0.007006166666482103, 0.16027273918794205, 0.08000799036593866, 0.011594643274479573, 0.06568077462011689, 0.03556450083779344, 0.01550445402542782, 0.06600631980723884, 0.023075579103865276, 0.009168728354044961, 0.16568347242899623, 0.019552872201886597, 0.04773494416589772, 0.03836530484486823, 0.09669923468061098, 0.05727697785194298, 0.02132822345565471, 0.004429557621121745, 0.017653960880139444]
            , [0.022279481727765962, 0.006547097260308514, 0.0026040056685849022, 0.004007981104968139, 0.038724004380851065, 0.00458584615255319, 0.0032035311443510683, 0.30835259829787176, 0.005131824466936323, 0.318944995744681, 0.05864782574468083, 0.003868902452553169, 0.003706676745106316, 0.00547466719180862, 0.005174356447170181, 0.007994563330106133, 0.017609047956914904, 0.1724735645623402, 0.0026330947883510866, 0.008035932999680799]
            , [0.023180530005355526, 0.00659111879940015, 0.0022971855684769255, 0.0038143928792847073, 0.024929851183697553, 0.003981859076692393, 0.0029282170975578857, 0.39258927302913377, 0.004590753762810852, 0.18503827826478164, 0.046311330157455054, 0.00401634107744224, 0.0033892374791453413, 0.00442412023329046, 0.00448130711675223, 0.008231144887210565, 0.022065659958654782, 0.2487310809661516, 0.0019453598129498904, 0.006462953004177412]
            , [0.06686904176293108, 0.011780676646982763, 0.044526464659051745, 0.04067815405797419, 0.03196203995258619, 0.2718408815732758, 0.022094308474353442, 0.04999176653017237, 0.0427920172440733, 0.07161549260668097, 0.019689524689655194, 0.04027971038534483, 0.028149618908405165, 0.03192038245344828, 0.042156146480280175, 0.04684201462931029, 0.04170049176616378, 0.057191278843750054, 0.010887387087392241, 0.027032599523706867]
            , [0.08711321206542864, 0.008888047400777387, 0.0412698496104513, 0.04979570006413304, 0.02042705285769811, 0.04258251361800908, 0.021693946961347434, 0.03602028893111629, 0.04980459028870656, 0.05724240171345275, 0.01629273782984236, 0.02943773844202116, 0.268712424206434, 0.039572704168322176, 0.04599881089743037, 0.05949908578708701, 0.04926039895163034, 0.05139450391923997, 0.007191450886460808, 0.017802537634096248]
            , [0.05771081859245339, 0.006158929353701499, 0.2954674064401909, 0.11826578395042597, 0.009592383204050016, 0.057504988557707214, 0.027532584098815982, 0.013161791067832308, 0.04413907986167974, 0.020588402862122365, 0.008131648243996922, 0.10476458452915778, 0.021375651602190994, 0.03869540478831471, 0.028523837448157587, 0.07025215834126369, 0.04263726982848288, 0.01962549017262375, 0.003801856470952758, 0.012069924910368554]
            , [0.01879467779908453, 0.00566461867171621, 0.001682510014004622, 0.002852183819679638, 0.012424501474141827, 0.002765406619794075, 0.001883210258764239, 0.4431591570938229, 0.003146603076773391, 0.08058803401178485, 0.02119988855755149, 0.0028566755262015298, 0.0026326528033409, 0.0028034589140732286, 0.002922869996109842, 0.005934339256521634, 0.01835354816727694, 0.3658424667048057, 0.0010042829146109985, 0.003488920247711764]
            , [0.049850599229877085, 0.015040310014613777, 0.03709402534632334, 0.038048997106239796, 0.03993573244560426, 0.028562736265715684, 0.2196319051728124, 0.023381187840988013, 0.045746661804685666, 0.04575085423799587, 0.017064781023428417, 0.07814273693922505, 0.017130946468916775, 0.07008227287520302, 0.06057815121549524, 0.05581855455578759, 0.03932814700649498, 0.030743022202505126, 0.01118991134481559, 0.07687846572094642]
            , [0.18398771310611417, 0.01872963175626609, 0.03579985154427261, 0.03497028285160462, 0.01716947817076598, 0.23359800632466654, 0.01720042836144297, 0.02139587158795979, 0.030268153282970285, 0.033430550051651714, 0.013975878467439681, 0.03961878137491214, 0.025600692900562265, 0.02756201844963687, 0.03093743700152254, 0.12813002962988987, 0.052171129518622614, 0.034802337981962965, 0.006271447651335232, 0.014380278053174139]
            , [0.20185224939929325, 0.029803606076325075, 0.024139694099646645, 0.02642165415830381, 0.014461694118610157, 0.06384750402473498, 0.014980944324263832, 0.022989458099175686, 0.02455719333969372, 0.030150073076560646, 0.015530562710954071, 0.04141738416407539, 0.02570591434982335, 0.026062628562072997, 0.022608165556890585, 0.24778967644287483, 0.10756754648174326, 0.044035345404004785, 0.0038411510504711517, 0.012237544682921066]
            , [0.3390040607210625, 0.03345535629672673, 0.016774244833965696, 0.02118299151980555, 0.01177513398410826, 0.07308022792338709, 0.009932439652870056, 0.021479725949596927, 0.017668801346181186, 0.025971439656072057, 0.013142191060721089, 0.022854475188211543, 0.020677261770991474, 0.01807678101838238, 0.016288483523719262, 0.19740237626897497, 0.07915000825664145, 0.0495592496762334, 0.0031055671603652793, 0.009419185103534136]
            , [0.039422936974174094, 0.008697134133669682, 0.01703611511723723, 0.03672935634486493, 0.00798743177609608, 0.021802809902582647, 0.034083398524204195, 0.016095170513753865, 0.22450979315315295, 0.030229725969969923, 0.014828961492372408, 0.03748229969537538, 0.011930454766486485, 0.07415969927327326, 0.30645672852852884, 0.04485474956396394, 0.03700613954954954, 0.021015585252852825, 0.00485968129654057, 0.010811831365525448]
            , [0.029609978206639243, 0.007098818432487392, 0.001721010987418975, 0.0029860819024536064, 0.010499323517921672, 0.0030319036689920864, 0.001860245597426067, 0.32269504582631614, 0.00305247788609575, 0.07167717961029574, 0.018375706673562697, 0.0029221873227088316, 0.0028034854205676585, 0.0029120334612701207, 0.00309059616297791, 0.006860651079624899, 0.02131015258383437, 0.48324220206879914, 0.0009634270556651819, 0.0032874859058216535]
            , [0.06698295091030954, 0.010108621949914704, 0.06256087988873993, 0.042206562632585945, 0.01333792897538398, 0.3926349272483547, 0.01977030360077991, 0.01845860396514752, 0.0421802502755301, 0.02812467031708485, 0.010310153110650765, 0.06741182603631489, 0.018334875016695066, 0.030174645524006786, 0.03631122081866928, 0.06803979199366317, 0.030585982305629984, 0.02427371141177189, 0.005468622447136239, 0.012723474807945362]
            , [0.11191885228333746, 0.007237278300509055, 0.03074548290563696, 0.039260803412465906, 0.01051781830879062, 0.030186637706977937, 0.01563082357114478, 0.01945145860330285, 0.03401191765743731, 0.034211480520238195, 0.010143841830146466, 0.021937137121678614, 0.4028602275887762, 0.031103732994164367, 0.029681095006580668, 0.07932942416811523, 0.04544973460640678, 0.03331188499255035, 0.0037881539283585843, 0.00922221441619082]
            , [0.059380517083386236, 0.007939063496509705, 0.11571188689744868, 0.064659755300165, 0.011665925771798483, 0.22860089338748485, 0.028675245262089113, 0.014882860933113286, 0.05884712335321743, 0.024386731364386183, 0.00927659479375555, 0.11614308704657941, 0.01978242141629654, 0.042795711417692596, 0.042157632779540544, 0.07804704065236705, 0.03792130335727888, 0.0204791756109913, 0.004817305670986187, 0.013829729354105865]
            , [0.038023125833120744, 0.0063288795868333796, 0.018515124402015866, 0.0447721988199796, 0.006504223624649301, 0.0200259755329166, 0.02473589522952284, 0.015992662705154155, 0.33605097575912257, 0.02666855503317174, 0.014778109089691257, 0.04218856418601684, 0.011335244134983442, 0.07434609927277362, 0.20782427963766278, 0.043078810530747594, 0.03705803388491964, 0.020208416287190493, 0.0030711658507527485, 0.008493654471804057]
            , [0.06476279524784342, 0.014893399282605893, 0.027595569097334773, 0.04555641719930478, 0.01666075218346846, 0.03519410134929829, 0.05123432595725511, 0.024876943376979384, 0.09369010849362697, 0.0508224756740054, 0.017694306090511126, 0.0374998779199176, 0.020633041273464613, 0.07477045709694857, 0.25903142397322, 0.05431837665121665, 0.046700885989442546, 0.03403963298957112, 0.009505089764001544, 0.02052002858182056]
            , [0.09383074449547221, 0.019062647282923666, 0.030038934392755533, 0.027552770052522674, 0.013097774382794424, 0.037893869709443695, 0.01632166921539461, 0.02553774019508416, 0.031325749937645433, 0.028996850644243274, 0.01624951155394567, 0.057098993351875786, 0.021577278306597683, 0.02634381928460546, 0.02677384222445021, 0.2417370166882278, 0.23121993880983222, 0.03914586515912039, 0.004341777178654593, 0.011853218020181255]
            , [0.07954248119435696, 0.020418066738515307, 0.00981361721490221, 0.014312636452677822, 0.01907485882112036, 0.01572156532885917, 0.007233793742364051, 0.15932946716614171, 0.012976892082317545, 0.08206561709765786, 0.026895267783728253, 0.0104111850668401, 0.011126365087248246, 0.011150343071770919, 0.013591727903437927, 0.025617250108204564, 0.057240635893713185, 0.40976211751814906, 0.0032678500152581837, 0.010448255965758182]
            , [0.07801116285872736, 0.00681068224150839, 0.023183947674337964, 0.014389472717593096, 0.004016849850270329, 0.7110779597948149, 0.006211541555386068, 0.005173734334119079, 0.012921469736725387, 0.007897401985859212, 0.00385557768861787, 0.025206310115763266, 0.00611637381242202, 0.00926087905351454, 0.012327243100235835, 0.045129324627755485, 0.013439923950367388, 0.009651535249133342, 0.0017813530122833925, 0.0035372556331623693]
            , [0.06933269933814347, 0.008359344419592046, 0.04457814246038572, 0.028976120877618985, 0.009563852965450252, 0.5456754355487725, 0.013032370142639107, 0.01264720643915631, 0.02686737571388937, 0.019275746609130173, 0.008016480170667414, 0.04772507190412101, 0.012590716673650668, 0.019252281016650483, 0.024169924474261136, 0.05660190860413485, 0.022496706742888888, 0.01759402476064912, 0.0038583895630914296, 0.00938620207159703]
            , [0.07325446125287025, 0.004904235686997719, 0.0390044573668198, 0.0860152545608495, 0.010350102871125078, 0.02992717149038461, 0.02178606168843284, 0.023205841998564708, 0.28799575703214636, 0.03357756812141224, 0.014881197257893237, 0.054800447190011516, 0.017562411500287044, 0.07510460301693456, 0.0750166162814294, 0.051068647473880575, 0.055519178422789896, 0.03046443507950633, 0.0035035686388346955, 0.012057991328788733]
            , [0.4709432739036667, 0.030923513747807344, 0.01455695844960457, 0.019788685711861917, 0.011526550960028723, 0.06017380200359454, 0.008516189138605395, 0.02683021016290453, 0.01591436373846166, 0.031500491020992144, 0.013453373453486725, 0.013579091963767196, 0.015912356745506864, 0.013286974475053896, 0.015148773411502447, 0.09237099906398272, 0.06432872733285408, 0.06921830533860533, 0.0031806374507692076, 0.008846723020992101]
            , [0.10185547474002593, 0.005189688394642077, 0.09517446319746498, 0.12986094146622515, 0.012389481589802694, 0.041271579274089004, 0.019775734514330987, 0.019717832576263826, 0.06968752873253642, 0.03296382355753959, 0.009965151830332693, 0.03731759418695088, 0.17524195918190982, 0.046875826364395766, 0.04187048383767823, 0.06880015482932449, 0.04617184838254356, 0.029749635128906854, 0.004288315553780764, 0.011832474518363802]
            , [0.03146830263828527, 0.002724173600796449, 0.007227087691079978, 0.005241506523023562, 0.001552304120373521, 0.8878089025485109, 0.002529110572111252, 0.002033301539530616, 0.0045468211998263425, 0.0030878242930776484, 0.001624750788879175, 0.00850819218230528, 0.0024415958667970417, 0.003248790149290498, 0.0051607090910803025, 0.019873778415581002, 0.005100670099333807, 0.0036362942457285607, 0.0008328861866782299, 0.0013529872432378742]
            , [0.03631841577742347, 0.016614257423416896, 0.011924825063179177, 0.01411147667164181, 0.2860973664686282, 0.016419499948847956, 0.031674166384581925, 0.049529115562961884, 0.015096683747283027, 0.11572530729894212, 0.03239287496015072, 0.017927060309230625, 0.01081669645631073, 0.016991335441530187, 0.018024157579771133, 0.030601628626285966, 0.025397549846399026, 0.049523703261846186, 0.0377673861927257, 0.16704648351108528]
            , [0.026441617863501493, 0.013488586023590512, 0.010750925644213628, 0.01190306997611277, 0.2582850657270024, 0.011958552654896315, 0.04901144397002968, 0.027848705040059346, 0.01362131197388737, 0.06775834200890204, 0.018582787436943624, 0.018530001806379853, 0.00863315987062305, 0.015384916893916922, 0.0168382588792284, 0.025453636663204736, 0.020337451949555038, 0.030382786410979024, 0.0465748266238874, 0.30821454955489597]
            , [0.009204855065922182, 0.0041141586512695085, 0.0015927700523402505, 0.0023570084776690856, 0.04301468252753135, 0.002367480067145926, 0.002917239964576372, 0.07428201824655856, 0.0031881411760477096, 0.7032341618231867, 0.07436548930422157, 0.0023539798490364444, 0.0029831662783725253, 0.004998637412817433, 0.0037113128098804765, 0.006141709345365592, 0.007737596446160962, 0.04312901402416636, 0.0023513263965891547, 0.0059552594062405595]
            , [0.18186999895897088, 0.025029523739130442, 0.019765797244488667, 0.023844090327311766, 0.04223123502082057, 0.05260991586344151, 0.015311470626913655, 0.06963023711726883, 0.021502643985349082, 0.1900591694886714, 0.0429960603704838, 0.01835115088089389, 0.01769912925658295, 0.02297746395636864, 0.029847972394932632, 0.04801231961573796, 0.05109537647887323, 0.09409479895744026, 0.01113520241501837, 0.02193643692483157]
            , [0.012652135314123111, 0.009651455730889828, 0.004396279552482077, 0.005193785573228589, 0.30349761272475817, 0.0051870596901797544, 0.03805754508268016, 0.014090611397264634, 0.005941118021361783, 0.03512632844782518, 0.009434884432918386, 0.01015345698355629, 0.0034740877213769727, 0.0073931935031504095, 0.00757306263055179, 0.013383130478254332, 0.009656928697863908, 0.015156596882280438, 0.025186475218994964, 0.464794259720302]
            , [0.01402132263790469, 0.009413215611972293, 0.004217400797688654, 0.005205540229892086, 0.43861625577812113, 0.00533453273451466, 0.024400664387981514, 0.019976041013405034, 0.00568388911263485, 0.06141491920801239, 0.015563307363482293, 0.008509044856548575, 0.004044474641910701, 0.00706265979553157, 0.007135581852696325, 0.014201934163019708, 0.01042056409614793, 0.020660765378120165, 0.026307794510631727, 0.2978100942989201]
            , [0.04868253532314555, 0.01200063578780643, 0.02442584052308182, 0.028202063193728123, 0.042196896490608087, 0.03375439845590579, 0.016097709698981243, 0.28505912559694363, 0.03043784227013689, 0.1106470676440624, 0.03575462664485835, 0.02354915620359757, 0.016661241671123858, 0.02043877809535187, 0.02868362083062719, 0.032564525506208246, 0.04413507591212995, 0.1308817778812481, 0.008013309053645327, 0.027813772061286202]
            , [0.020237234859782988, 0.005128612789431018, 0.007663767781974459, 0.01874836039633654, 0.0039310911225483094, 0.012555589706435638, 0.019025212223537043, 0.009490748302966291, 0.37791654968390276, 0.016642860324687814, 0.009873200380450642, 0.025754448425676736, 0.0066438348155292565, 0.04586257141805805, 0.3520003326308965, 0.02682004479007944, 0.022186383658615576, 0.01169521095817841, 0.0023208789547414215, 0.0055030711715026576]
            , [0.08173449893711553, 0.020951370421291863, 0.014838569700786224, 0.023068465424641124, 0.018075753093130545, 0.019853245704032817, 0.012367889313909789, 0.11208471337833219, 0.025120002975905678, 0.06465116867566637, 0.033368651819890634, 0.02469942331971974, 0.01504581449111414, 0.022432065751025278, 0.024119301356459403, 0.06774029089712917, 0.2087996454203687, 0.19331768133971278, 0.004381577530246063, 0.013349875500170912]
            , [0.06237353835936166, 0.0034386826626051064, 0.12859040611858566, 0.4168282843658825, 0.005171289928264981, 0.025362032399176213, 0.015748197909558954, 0.010512617091470576, 0.0552236349574395, 0.01712956002677181, 0.007676961865625585, 0.03048544366054573, 0.011347206274583785, 0.08891754045443623, 0.027073916826497336, 0.036114550810193984, 0.028984911081173896, 0.02054729056409829, 0.001906568897082529, 0.006567367496310338]
            , [0.10213076475443736, 0.03346943704652764, 0.03125862913906599, 0.02379866028485258, 0.015414307211786948, 0.06950516843701537, 0.017542532646562116, 0.017201019141134012, 0.026075751344477087, 0.026503769319317694, 0.012167566316388063, 0.06271588762881265, 0.022503675751852484, 0.023094492815612617, 0.025610659413751465, 0.35631722367740837, 0.09049356885059444, 0.025566392285025025, 0.004649878125107704, 0.013980617580734031]
            , [0.23654734951974407, 0.03068388670330842, 0.014714719403237292, 0.018986776507470625, 0.01395001760761292, 0.03709298021700461, 0.009633805935610138, 0.038267750222340816, 0.017513595257381664, 0.03710569967982947, 0.022208175425471363, 0.02324411522358593, 0.01966730001938813, 0.016850261264318718, 0.016339277249199632, 0.1357218729455712, 0.20985947730345084, 0.08836905723052296, 0.003517933678406252, 0.009725949794734977]
            , [0.4992600232223223, 0.02396987186273626, 0.005834557342682324, 0.0075942809224841396, 0.004918998807020757, 0.06442292397317731, 0.003918913067866764, 0.009020441837443799, 0.006161510318991925, 0.010192111652745209, 0.006133032715931568, 0.009420265249324891, 0.008723277118991925, 0.007117372548874998, 0.00636919173429349, 0.24404223312331216, 0.05019908970477051, 0.027659443522952437, 0.00122324454030601, 0.003819211989919115]
            , [0.024603901638262926, 0.011771735205369244, 0.004689948847352042, 0.005829685334249518, 0.23820326303829958, 0.008486828998534035, 0.009476181882169633, 0.08037360527396008, 0.006490790260582802, 0.35825109602345545, 0.0688987159373283, 0.006806035564412741, 0.005849113258933426, 0.00854337944200104, 0.00811589313542243, 0.01551236238226135, 0.016889648898662186, 0.057704700262048776, 0.01411135659959685, 0.04939176137969577]
            , [0.6670907706252314, 0.017671614726692566, 0.003876138919533867, 0.005070966860895421, 0.00367375846596376, 0.06639581308601554, 0.002493624122826419, 0.008930678096559508, 0.00414396392804274, 0.00923642933610809, 0.004989327651868318, 0.0049106216204217665, 0.007203432943396301, 0.004316146611727703, 0.004438218383462887, 0.1157819921095079, 0.03296023114650389, 0.0330692181807252, 0.0010870386482426872, 0.002660015891971901]
            , [0.3360926505376338, 0.03993627853503891, 0.009371809184111991, 0.013067025828883909, 0.015221769636633294, 0.04083514905098262, 0.007317973127178315, 0.05938312480348537, 0.011566296888394396, 0.051185541497960646, 0.02135500690507972, 0.011147931424360394, 0.013920950337041257, 0.011052058042454554, 0.012623994195587705, 0.07006678772339638, 0.07976149197812388, 0.18362214712643676, 0.003369360754542073, 0.009102638542639995]
            , [0.03560438530958606, 0.002007827330119401, 0.3019313375606107, 0.4241259492726605, 0.0026818377888848596, 0.020784505118799007, 0.01014156452051468, 0.004979637250279889, 0.025486176756434165, 0.008467873653114896, 0.004106044698060453, 0.03232948054923536, 0.008897278973703869, 0.04437839877545692, 0.011251016474263381, 0.028392825195076465, 0.018748905712793716, 0.010960226882693047, 0.0008782083562290516, 0.00384652521465877]
            , [0.20441877369016193, 0.033332669492272884, 0.009498299373162412, 0.01280568630229939, 0.01768840421353186, 0.023743827735017008, 0.007803965007915584, 0.1007623485789673, 0.011792217659819186, 0.06367511618733507, 0.024097734624952884, 0.010608536578778745, 0.014467291522050507, 0.010825091946287242, 0.013521419856012108, 0.04494139786845076, 0.0718985740482473, 0.31109178986053565, 0.003394833313041877, 0.009632024049189603]
            , [0.09765021788059126, 0.00592327713157997, 0.016820243712228837, 0.02308204452390096, 0.0073396372063736295, 0.020293744187943913, 0.01073980567517762, 0.01363462375446342, 0.02061332026358218, 0.025490312015741937, 0.007156437559800326, 0.013811789014782111, 0.5675372294106346, 0.021018481901324583, 0.018507888841812266, 0.06380779418506431, 0.032419108719523866, 0.02484516314071806, 0.0027842433014014147, 0.0065246365014399]
            , [0.0432297019610135, 0.01168047834795322, 0.07548243577407404, 0.03433568676783624, 0.014694519731773863, 0.04595402478557506, 0.06476484466062384, 0.016572740416959032, 0.05213524894152047, 0.023482022906627653, 0.011769699410916221, 0.33491033021442473, 0.011807039450097513, 0.03637753777192982, 0.036863813048538016, 0.08883255928265102, 0.050556174192982466, 0.020409961589473738, 0.0042194487719687925, 0.021921732051267025]
            , [0.038087898797393216, 0.0032371136678514666, 0.3992277334123227, 0.2518646238151662, 0.0038869899709715536, 0.02974871677725119, 0.0155021472835703, 0.006020042049763141, 0.02817966133491306, 0.00982259566311229, 0.004873083612954181, 0.06461053949763035, 0.012134793150276456, 0.036413859158175355, 0.01473671642357828, 0.04019979639020535, 0.023398283039099466, 0.010931970036532346, 0.0014126878727093208, 0.005710754838862627]
            , [0.06831899662407663, 0.016613005302056297, 0.025294602822120208, 0.032725148323817066, 0.03842353278299062, 0.03301979494270313, 0.021645127786184874, 0.06467477939908164, 0.04101827926552206, 0.14060721355959274, 0.17596844210421242, 0.0315466689125574, 0.017308269285486125, 0.04908048415332404, 0.03853754992154122, 0.04920096338590535, 0.05654802222798961, 0.06321787951088043, 0.010037933799361147, 0.02621330312956678]
            , [0.06131518550591061, 0.015544904500400728, 0.060283726064916845, 0.029889192600681274, 0.010725694209376888, 0.05445245318974153, 0.031709533897215, 0.01541122432378287, 0.03919387493107594, 0.01967590432578624, 0.010110860126227219, 0.21723660208375106, 0.014069090105389741, 0.03372007271288318, 0.029036559460629132, 0.22152433680625144, 0.09804427884191544, 0.02049714165097185, 0.0031658198940092445, 0.014393541990983721]
            , [0.10944867311147745, 0.011654811549350918, 0.03510386147805482, 0.0377511236021018, 0.013324477182773416, 0.043394934185040174, 0.021061118976509384, 0.020683194770245245, 0.037649233846692776, 0.03668879577374811, 0.012237383751081837, 0.039159701522769416, 0.20160055347207984, 0.03927747011539254, 0.03358845946260047, 0.1719855105501753, 0.08511117278384497, 0.0331877183494746, 0.004424593901442418, 0.012667196581702091]
            , [0.028064262631285003, 0.004409914434860338, 0.5040247356424591, 0.08965321525810055, 0.0043907647396648, 0.03253724081497206, 0.020756322949273744, 0.006837605511061391, 0.022127766719776634, 0.010516323715754436, 0.004524748055195569, 0.13947154955754226, 0.009173300315083736, 0.021356395505251383, 0.014425183872402221, 0.045486005962011175, 0.02329404733631288, 0.010352181178547443, 0.0016098001572513402, 0.00698863097698332]
            , [0.027167819167971508, 0.009571750075374637, 0.009849141478416354, 0.01948204552538582, 0.006759652728248758, 0.016168131116304982, 0.03211977295437263, 0.012404782491165278, 0.17891356123014965, 0.024709901952583255, 0.010460067165958431, 0.02334545349138894, 0.00869652482241106, 0.05132360036233502, 0.4866122677253407, 0.031222557414448557, 0.02275826020353399, 0.014499960622232327, 0.004831623026615974, 0.009103118075150924]
            , [0.4155871076853329, 0.020665252178870993, 0.009602354404080603, 0.011112191798231683, 0.009900377131489432, 0.25882279551122145, 0.005969842569712072, 0.01429695965699384, 0.009258147413965183, 0.019770056303785824, 0.010056399331444092, 0.011390526888234082, 0.011477070910451154, 0.008833506036726307, 0.00987546128632965, 0.10182618113579688, 0.03212115207209253, 0.030391510727726043, 0.0027527576233733805, 0.006290360234187241]
            , [0.3131568236095348, 0.028150826898297336, 0.009051928504653792, 0.009961593364131792, 0.00677511860930774, 0.056709804218615205, 0.006109226825879707, 0.008811162877412092, 0.008446326750964815, 0.01179441053007936, 0.007187362877866081, 0.017453303716004523, 0.012062511956640182, 0.010030028431782106, 0.00857371471305337, 0.3880128190692391, 0.06743838178887623, 0.02310194225062418, 0.0017933342410896835, 0.005379377241316662]
            , [0.011528801622724322, 0.003566087425674151, 0.0023020966840285664, 0.00310243751578701, 0.01318039389813324, 0.0033482320661442633, 0.0021623794641622215, 0.5822271458861474, 0.0035920796614426487, 0.0961720827010832, 0.030629334470615346, 0.003377545836598307, 0.0024224965037104446, 0.0030774329096566327, 0.003348624510025315, 0.0057347035333024515, 0.01451611903549209, 0.21053070526388523, 0.0010937029513021224, 0.004087593039409983]
            , [0.07405364765199164, 0.01843438853389239, 0.02600060083088752, 0.02513443705124608, 0.01414292860750057, 0.02418146509829964, 0.013777564704169569, 0.042584824383880754, 0.031809124415793186, 0.038700490095504386, 0.02244624372000932, 0.04115880401304449, 0.0156895625769857, 0.021408120605171155, 0.025231476765432078, 0.11272599043326359, 0.37308063382250317, 0.06293988312834849, 0.004441504716049374, 0.01205831873561606]
            , [0.048698861890002346, 0.008518035269867167, 0.0303223511312049, 0.09719779748776508, 0.01198539954066652, 0.022945624922162726, 0.06696071592798866, 0.0194971584423212, 0.07495685228478213, 0.04842111852948014, 0.02451739808925658, 0.038125276113260324, 0.016523918852015863, 0.2944154066651133, 0.07049392046026562, 0.04334791498718246, 0.03683497696108132, 0.025773737240736547, 0.004649391572127714, 0.015814158607084558]
            , [0.2490441237846817, 0.014260819032250417, 0.013977024366374331, 0.013045281116433487, 0.007754701258003413, 0.4561758966089635, 0.0069483415164808965, 0.010233923199193862, 0.011350298285748128, 0.014920703423997983, 0.007377810548494259, 0.01687732735119756, 0.011054254523357815, 0.010111388194451017, 0.011844346493004532, 0.09136858283376804, 0.025172643509604083, 0.019847317949727224, 0.0025332050811002847, 0.006102013416884069]
            , [0.02577242768709126, 0.008582243149915209, 0.0044428238403972226, 0.007579742399370232, 0.04961540335456528, 0.006877084785904701, 0.006806870211673512, 0.09010807332526038, 0.010029147052312892, 0.41255490312424264, 0.22487174981835809, 0.007370438652942547, 0.005038099601598428, 0.016576856498425763, 0.011156236900944604, 0.015145201232744016, 0.022235104734802676, 0.056491134511988346, 0.005020177304432069, 0.013726282208040713]
            , [0.24123937175442786, 0.00997001826903663, 0.032857950588934697, 0.04278708597476347, 0.012776510842513925, 0.04589198389711235, 0.014576895132249463, 0.023963653686241343, 0.030739421400388284, 0.03502634303106042, 0.012081028272021375, 0.022038949994661536, 0.22126761101674342, 0.02848714807570976, 0.03015286522251877, 0.08165456590512012, 0.0504233971463237, 0.04812278008735742, 0.005131084765615144, 0.01081132931327346]
            , [0.047586266068821735, 0.010522408808498428, 0.002471705090458798, 0.0037004785974973226, 0.007734087601668355, 0.0039981718800833, 0.0019652879427268476, 0.1910392968561001, 0.0033713492468716647, 0.0467957278216892, 0.013942470031021935, 0.003041814943691337, 0.003145346256256478, 0.0030936155620437805, 0.003597431347236689, 0.008726842086287594, 0.025433705070646538, 0.6156855471845685, 0.0010044944145464058, 0.0031439518837330267]
            , [0.023535873979968452, 0.012427883005403269, 0.005414390059567786, 0.006133879454665342, 0.4239064533473907, 0.00955987178123359, 0.011405898190036887, 0.05766405779915656, 0.006961927452556721, 0.1827072987084869, 0.0397373240405904, 0.008256540585398028, 0.005435167254612624, 0.007432659593305302, 0.008019762299156581, 0.018812629810226307, 0.016902165047443303, 0.04705532944649441, 0.02113765547285186, 0.08749323104217185]
            , [0.05612737185396305, 0.012071061936753528, 0.015806073083333275, 0.011429450368892466, 0.005972105729641734, 0.019525672075732935, 0.007503093055103122, 0.012128092182953278, 0.01457109749375688, 0.013090867584690455, 0.008687679766286639, 0.03554151832844734, 0.009894769353963054, 0.011011164902551586, 0.01206667453745932, 0.299059152008686, 0.42825720114006505, 0.020065113045602573, 0.0019619631001628664, 0.005229878079804594]
            , [0.029765102227979227, 0.015953271096536666, 0.01584102490782653, 0.016885152360512704, 0.1209572407662939, 0.016749092237523834, 0.12365038154622297, 0.020292178524679412, 0.018649114284428822, 0.04412304267248435, 0.013491217288246527, 0.03184686799563674, 0.00986566052986097, 0.02366977481047177, 0.024534409451868036, 0.031356458404690514, 0.023026918849195492, 0.025681391270793427, 0.030571010757567487, 0.36309068475593126]
            , [0.05690782032676064, 0.016759212333239445, 0.026559390403098636, 0.02700950649183102, 0.09154398917183106, 0.041617748735211256, 0.03095594108450702, 0.03941934071267604, 0.03047534551352112, 0.07849657824788732, 0.02720838175211268, 0.028743810500845117, 0.021769882807887324, 0.02878405908619719, 0.04065686251859156, 0.0487529602225352, 0.04142200561971834, 0.04754047489577475, 0.1870727804225348, 0.08830389610140846]
            , [0.07204714138291854, 0.01604212979213801, 0.018682384953054278, 0.012618071878110843, 0.0071480085964366405, 0.028174020299773672, 0.008821135147058793, 0.011235612673359707, 0.014382302475678711, 0.01320168988687799, 0.008035460165158378, 0.04105510000961539, 0.015523693051187799, 0.012161208507918554, 0.013710695031108569, 0.425553201640272, 0.2555014165723978, 0.017734023099547427, 0.002119858544683259, 0.006252831661481908]
            , [0.030241312724206264, 0.005348295501672321, 0.3006526658163261, 0.05456745345351474, 0.006290480095521585, 0.05032402618282312, 0.028581120118197276, 0.008789746694160966, 0.03414288637414968, 0.01142982878089542, 0.005161743494614526, 0.287344433956916, 0.008812135254535183, 0.022403208325963726, 0.01811423437216545, 0.06962335828911563, 0.03344793270464855, 0.011376224558673528, 0.0021234121422902454, 0.01122548209665536]
            , [0.033531855287747644, 0.009804236445853945, 0.004743675861386097, 0.007922285358910944, 0.03494986214263614, 0.008341303180383786, 0.006474433952042082, 0.22693341494430705, 0.011319570059096604, 0.21749515681311848, 0.19007054371905965, 0.008471611946163485, 0.00532807471689354, 0.01316941709096539, 0.011137390529702994, 0.018917737063737478, 0.03837950382735149, 0.1375519116274755, 0.004068709411169536, 0.011389302353341558]
            , [0.1027587155612572, 0.29028990731237997, 0.01901099021167405, 0.019589906705259792, 0.027916198907633118, 0.0409933674919821, 0.017183109998075687, 0.03404557351507376, 0.021187500820718456, 0.0482590549550995, 0.020381800663887117, 0.029914401314945438, 0.016637735482360524, 0.01921314704939063, 0.02406565455772931, 0.10991716445477887, 0.06190259959910199, 0.06266644394483639, 0.010366559520846698, 0.023700174330339965]
            , [0.02047261794282873, 0.003300876649702548, 0.009827712448777247, 0.02834696337574354, 0.003737060439524112, 0.010725201610707245, 0.011954484410112341, 0.010402089406146856, 0.5506468988764037, 0.014153317840383164, 0.009890290794117643, 0.029846332254791802, 0.006329098232650408, 0.040521980152346336, 0.18414177454263086, 0.02296689858625251, 0.025780568443489714, 0.011102460959682661, 0.0018210240556179903, 0.004032339269662941]
            , [0.0102165293318148, 0.008933408152768045, 0.0043149634197618345, 0.004653154052557833, 0.16808704520112155, 0.005417883546601339, 0.042691683813244556, 0.009355869530833893, 0.005465281004204653, 0.020365859323055513, 0.00594088140539592, 0.010147695569025915, 0.003045338478626484, 0.0061859049110021755, 0.0072003029540994926, 0.011483771894884393, 0.00838380178381231, 0.010992433415206698, 0.017599371742817112, 0.6395188272599863]
            , [0.05824621040998221, 0.0035525034670231825, 0.006914556134759463, 0.009153286400713001, 0.004109711662745132, 0.010165180407843116, 0.006372251325490155, 0.007685483049554256, 0.00896556006203205, 0.013624802090552585, 0.004295571344028581, 0.006425222137254945, 0.7690264099821723, 0.009669168238859188, 0.008512025792869853, 0.03622290126203207, 0.01894386174866316, 0.013319247199286885, 0.0013674439805347448, 0.0034286099076649215]
            , [0.010329133021173803, 0.007542531923848432, 0.002793283040490438, 0.003677581764858766, 0.644909921991085, 0.004196386594725078, 0.00917187926523033, 0.02173022562407141, 0.0041752775538633005, 0.07363097291901934, 0.016211209732540872, 0.004842436887444186, 0.0029195332878900887, 0.004083552497399605, 0.0040976551827638305, 0.011530505996656809, 0.008106280179420437, 0.019149532052005716, 0.01444781247429421, 0.13245428530089146]
            , [0.09962655428417563, 0.026173052466031473, 0.010990018272990842, 0.008013521391052297, 0.007373208073736592, 0.03760903019842583, 0.006549665175227853, 0.007502570270505604, 0.008830738932477142, 0.013224646734051437, 0.005361302790803615, 0.026772741708782126, 0.010539911898094431, 0.007720345787903954, 0.009012414260149135, 0.6043018856669422, 0.0901937450372826, 0.012113870655758072, 0.0023637962154101112, 0.00572699251698431]
            , [0.027780789375620736, 0.0018977289475395186, 0.11818243159729094, 0.6515026153498868, 0.0029246017002257513, 0.015023598373363457, 0.007039130757110639, 0.0058852918794583126, 0.02628954172686239, 0.008744675715124245, 0.004646730228442402, 0.014560728133182873, 0.004723196922347659, 0.05257561417291196, 0.011234523728668115, 0.017654215423476387, 0.013518702979683939, 0.011522167165236949, 0.001082477268713293, 0.003211238373814859]
            , [0.03830895611764702, 0.009725287541176469, 0.009707292714438598, 0.008086498954010653, 0.0048059279593583235, 0.010200293999999971, 0.005160934439037403, 0.016570393580748632, 0.015177993495187087, 0.013300777213369072, 0.008995341382352959, 0.022579380306951915, 0.00807769564866315, 0.007369033672727329, 0.008938994583957229, 0.15378358978395734, 0.6303822898395717, 0.02287734841497309, 0.001521265588770063, 0.004430696140641743]
            , [0.013631445726829353, 0.0025142941159891612, 0.7393790742547421, 0.06449786494850948, 0.00245418224823845, 0.0140422279214091, 0.01021936599241193, 0.0036736205224932594, 0.009244708585907854, 0.004795237914363301, 0.002543474061788644, 0.06920398814634149, 0.004208769098645003, 0.01017107023577243, 0.006521830435772334, 0.02198814629376688, 0.011134936968563713, 0.005270445316531119, 0.000700525361246632, 0.0038047867609755925]
            , [0.029727834137728046, 0.014261624751618598, 0.011038726343143061, 0.012196658501471454, 0.11921576414949973, 0.0195598928605061, 0.019923590961742205, 0.021138149717480827, 0.014932082085932871, 0.051495664720423814, 0.01675204477928193, 0.014435358905238373, 0.011218072172454407, 0.014976203578575611, 0.021971335743378416, 0.028092572089464425, 0.021295119764567397, 0.025307871624484952, 0.4256628934667451, 0.1067985096350795]
            , [0.020315428234519234, 0.007718545240447964, 0.06671984537878789, 0.01491319411725956, 0.006104012009222649, 0.02060342578590249, 0.03380807672134389, 0.008685544449275336, 0.02424648276548094, 0.010239078175230593, 0.005895510677206849, 0.623427410408431, 0.005665208212121197, 0.015266851517127828, 0.013971100102107982, 0.06819067195652175, 0.03042379538208168, 0.011071201337285785, 0.0017555236126482292, 0.010979088565217447]
            , [0.022380778247775512, 0.007629764888432584, 0.019101532401095106, 0.015273831403832983, 0.02197242554004106, 0.010920772938398396, 0.5646141375770019, 0.010601601798767887, 0.017330802099931576, 0.022074584635181402, 0.008441896284736475, 0.06405559097193703, 0.008365324036960942, 0.05744907403832991, 0.027957871700205333, 0.026931697221081498, 0.01831066287474331, 0.013532035059548184, 0.0043781705537303105, 0.05867742903080078]
            , [0.01666927029196033, 0.7991513709449947, 0.00798094142172076, 0.010788441866713724, 0.007958058288434315, 0.011696611796896933, 0.00708969187870238, 0.01063097970733421, 0.009389625527503567, 0.012717316892101552, 0.0053316757715091735, 0.007872668718617727, 0.009643796614950687, 0.007520145177009954, 0.011125185767983103, 0.027199459301833553, 0.013497107416784275, 0.012835910782087442, 0.00353239049083217, 0.007369348951339907]
            , [0.0130940506461307, 0.010207235261457552, 0.005928267829451599, 0.006667493211870747, 0.03949920530578512, 0.012504912310293, 0.0074330288963185415, 0.00900641730202862, 0.007223781806912126, 0.02509417166942128, 0.0075459266942148745, 0.007939446342599556, 0.005665194099924883, 0.007677826146506389, 0.012706072265965415, 0.015983959019534227, 0.011202493929376396, 0.01166532217129973, 0.7482966356123213, 0.03465856271224643]
            , [0.013503671653030236, 0.006431707150000016, 0.00456370838939394, 0.00839193883333341, 0.0040822869265150635, 0.008864790038636272, 0.01691781936742425, 0.0065958902530302566, 0.08234997983106065, 0.012744935225000045, 0.005069534165151504, 0.010157212247727282, 0.0038598676128787923, 0.022120612972727306, 0.7542141727272725, 0.013888935176515113, 0.011146107999999974, 0.007744003228030261, 0.0025158881003030237, 0.0048369266356060835]
            , [0.029139862756756778, 0.0073877848459459345, 0.006907492525225281, 0.00898075704864866, 0.030540617551351353, 0.010168364161261191, 0.007247840255855863, 0.08227652666306304, 0.013460397738738791, 0.18523471946846845, 0.4625965684684694, 0.009635260448648597, 0.005710378356756765, 0.019920689041441442, 0.010732615345945919, 0.017970725117117087, 0.029170686621621603, 0.04801620157657656, 0.004084802855585574, 0.010817720641441472]
            , [0.022965671865853757, 0.004694020785365844, 0.010526886979268298, 0.05435137392560976, 0.0073123038170731305, 0.011744202924390254, 0.062299358003658545, 0.010189457609756071, 0.032430965239024376, 0.03301818342560968, 0.0215485810402439, 0.020270141996341473, 0.009322454731707307, 0.5956044402439027, 0.032600804892682925, 0.025405734768292665, 0.01988426643902439, 0.01307753490243907, 0.0039261712182926895, 0.008827448474390258]
            ]
# The number of clusters.
n_clusters <- 128
# The base file name of this file (for reproducibility).
fn_distributions = "udm_0128_none_rb"
