# This script is generated automatically.
# Vector of amino acid stationary distributions.
distributions <- [
              [0.08766458852344129, 0.008953318677616876, 0.053211586447528485, 0.06191441019569837, 0.03401611941948442, 0.06248153971089633, 0.023391678751168817, 0.059210961519846846, 0.05869501198104289, 0.08121782957671644, 0.017290806158435035, 0.05333996425292099, 0.05031492283843863, 0.051651595463534566, 0.05516199484398573, 0.0740382969900585, 0.06596176486100114, 0.07121237911029465, 0.006431019547928411, 0.023840211129961607]
            , [0.036436670580239985, 0.0055117472520385905, 0.0022464302818979882, 0.0037063732075588605, 0.06450589494085275, 0.005001072901850705, 0.0034734785559329667, 0.17973004226467654, 0.004298089033689735, 0.39078418915120866, 0.08739495017746846, 0.00397084762093508, 0.0034120761007312653, 0.00588860062675765, 0.004937984433230909, 0.016779203057427368, 0.028435680554134223, 0.13956436217133858, 0.002514742356866278, 0.011407564731163396]
            , [0.06474207474171471, 0.0021695446313485444, 0.25119785633823116, 0.23230029780161682, 0.003178225646835499, 0.04456650447724314, 0.022101883552804485, 0.0058788689422022465, 0.05488667734970091, 0.010248825883153843, 0.0043679740646499, 0.08716759152419282, 0.010027071895577526, 0.06075002821438439, 0.031543563091123106, 0.05934648596700921, 0.038705742373323665, 0.011504812477738605, 0.000998459140126505, 0.004317511887022817]
            , [0.3135288831899217, 0.03206485601374062, 0.00716111441678838, 0.008722949866820677, 0.005616654454860782, 0.07026601888279763, 0.004653428485810834, 0.0265282903486408, 0.007850738831794516, 0.02601809185853151, 0.008342858880190976, 0.027141676013390393, 0.024538065224035788, 0.00857603556346407, 0.007293632511860167, 0.23408615144310174, 0.12441110330618813, 0.057925619314398186, 0.0013082710041570223, 0.003965560389506183]
            , [0.030510800516352396, 0.004452995716545334, 0.0009846992699481464, 0.0016076200516469267, 0.019487220692520717, 0.002418360578655754, 0.0012421680848186322, 0.36909093668554244, 0.0017173903899145198, 0.13096266581127625, 0.03095810331294588, 0.0018185874996891332, 0.0015570580243371066, 0.0019563234585449913, 0.0018025291791291882, 0.00864760894028572, 0.02204543539197345, 0.3657533447745433, 0.0006593756784450595, 0.0023267759428850956]
            , [0.046235791658168435, 0.0034918709935499903, 0.018404125984795974, 0.05097736011739021, 0.00402799633222919, 0.02375703643120555, 0.032598273756536365, 0.009969885969238432, 0.27089973588970934, 0.02938856450014019, 0.008441056740724765, 0.0429779510972965, 0.005692912218247262, 0.07729952432986564, 0.26280755437157277, 0.045113115036017164, 0.04081935190069529, 0.02025272137630199, 0.0016428922776825464, 0.005202279018632554]
            , [0.02016005246103007, 0.005806591424919632, 0.0035865816055795792, 0.0044805881283973845, 0.3527754861288757, 0.004836934957337678, 0.03874311751222174, 0.02837934268884618, 0.005078684727177039, 0.07032448202761882, 0.020137350369444862, 0.007664270457282152, 0.0030487892218093236, 0.006418807625044978, 0.006342467592417451, 0.01899159248546379, 0.01040054322526041, 0.028092552498248963, 0.0389426172724118, 0.3257891475906122]
            , [0.0764796440089289, 0.0032192405541278815, 0.018103621184713606, 0.012335120883449912, 0.0023712517894104446, 0.7534965717448177, 0.003533446726369232, 0.0032200576787928563, 0.010938216754232594, 0.005140669952382494, 0.0025487202449659845, 0.020900013559232863, 0.00311484743801348, 0.005732629496657161, 0.010556365466748147, 0.04295516201370124, 0.013109851321374127, 0.009356550517702192, 0.00085667009138629, 0.002031348572992985]
            ]
# The number of clusters.
n_clusters <- 8
# The base file name of this file (for reproducibility).
fn_distributions = "udm_0008_lclr_rb"
