# This script is generated automatically.
# Vector of amino acid stationary distributions.
distributions <- [
              [0.06765662090405723, 0.01586048950943214, 0.066693821043868, 0.07617627214720496, 0.03962905674121344, 0.06502202605352951, 0.024341366234480244, 0.06313902333343732, 0.07121018018816595, 0.08788398896215062, 0.021649731863152378, 0.0424003159419247, 0.04090831143660007, 0.03701186290155261, 0.049978773055706666, 0.05748757526088879, 0.052532714942642354, 0.06856581661716732, 0.01527339195665214, 0.03657866090617354]
            , [0.0744516155115358, 0.01997393272928666, 0.046133454199893925, 0.05837988412997299, 0.03680699236460445, 0.052405405249499055, 0.024047935618971533, 0.06703650695912629, 0.05246953063397428, 0.10363503367894109, 0.027404443325648835, 0.04583208640773946, 0.034673576037267076, 0.04123748290847505, 0.04967496883418832, 0.07878086514634121, 0.06926264961581088, 0.08069353004946998, 0.0074119258078009535, 0.02968818079145204]
            , [0.06841157768417985, 0.004775704715542826, 0.05682251850405836, 0.06500140800151039, 0.04094425298615805, 0.06221108620017103, 0.027005206267725398, 0.05578136185396741, 0.058937164423892185, 0.09552366766111915, 0.022214582872263494, 0.04426794102905093, 0.04534722199529262, 0.0424413414144469, 0.058203728063699285, 0.06544404383788854, 0.057666177833855886, 0.07668470644176248, 0.01210889743821279, 0.0402074107752022]
            , [0.12979818410756186, 0.012648310365627174, 0.06359658241734159, 0.06392307601791247, 0.030978806541021066, 0.07597985990583594, 0.031115093514807395, 0.04166984536220229, 0.02426337318457581, 0.10300295944119713, 0.018251703322384297, 0.02349242650588861, 0.04343074247576752, 0.04066887621112677, 0.08285106209561599, 0.05139388969630324, 0.05446509093142625, 0.07293660018260155, 0.01328772164558003, 0.022245796075223253]
            , [0.09527251247048996, 0.012069994876679138, 0.05105803184658144, 0.08715148044929294, 0.030952437450222466, 0.04501335218662189, 0.027543271231267135, 0.051950393830291895, 0.06336385669527314, 0.09882422107602698, 0.01951406058092309, 0.040360910754966645, 0.024742535525127063, 0.08106102032510358, 0.06596991387664365, 0.058703145300062876, 0.052710083732468, 0.057363081428149464, 0.009682355696036378, 0.026693340667772496]
            , [0.07948129106430171, 0.015446846896113168, 0.0747418516212409, 0.08159454342385686, 0.02231305070374139, 0.06908178987160038, 0.0333832619748872, 0.028270171765511436, 0.07296916106460313, 0.05142266368235125, 0.015961516518543818, 0.06393010143666576, 0.04266674961833899, 0.0564668918005788, 0.06111104056607055, 0.09159308517708163, 0.064579716665807, 0.04159223216466476, 0.009619929465243206, 0.023774104518798033]
            , [0.06621258297903827, 0.02088668994385821, 0.04476867847062077, 0.05051212081229946, 0.037939828999651634, 0.06254766567657144, 0.0282440038639489, 0.04776819804584766, 0.046442139093447785, 0.10045207459167188, 0.020683261670889852, 0.04001166847699916, 0.06332468116953884, 0.0515760105818307, 0.06974101401724808, 0.07233148897853982, 0.06219103189791636, 0.06481387948575552, 0.01869686651185446, 0.03085611473247113]
            , [0.06464717383259413, 0.010288972750641561, 0.043909639457907296, 0.04447128899986184, 0.03338580369579943, 0.26523129254851896, 0.02033195608031535, 0.05880619313630668, 0.04123522972466224, 0.08238359706243535, 0.021381692079382033, 0.03389764574932883, 0.02714756900823496, 0.02974540094961418, 0.039932230155433304, 0.042811851962413904, 0.041768292810432026, 0.06303334439036878, 0.008453344106441243, 0.02713748149930783]
            , [0.07178832312758306, 0.07461681661866004, 0.04963005257255197, 0.055220769868501364, 0.03863758595669434, 0.05581090331403171, 0.02728209540251059, 0.05725259298268336, 0.05320702565739614, 0.09159300632103211, 0.023110912668653512, 0.040742424208336604, 0.03288461843461483, 0.039880410632394205, 0.05490622257468803, 0.06294565364315462, 0.05228490503627116, 0.07171381766763857, 0.01215969960724508, 0.03433216370535889]
            , [0.06496740746237104, 0.015730238029741272, 0.06349047038544545, 0.0869929416811313, 0.03638244043085086, 0.05158647118239248, 0.027687180269217307, 0.06005605753274707, 0.08671865972159523, 0.08691021777011802, 0.021847151767941192, 0.05674816911066754, 0.02404152999309525, 0.04643393229257051, 0.046649892682218905, 0.07158231189369522, 0.05503823600420857, 0.05904743719668866, 0.0031436416092351957, 0.03494561298406899]
            , [0.07176926985354475, 0.01135307160136323, 0.05136749234853478, 0.05791438624656321, 0.03320166763468588, 0.054738662993663, 0.023677614112381076, 0.06259817529207781, 0.055030140500346846, 0.11063343596837515, 0.09123965727155232, 0.039846690677697076, 0.03156580750133102, 0.0395745926953334, 0.0493491385540658, 0.05447510447480092, 0.05201788433377009, 0.06674698147902047, 0.01126859853760904, 0.03163162792328403]
            , [0.06606113075847445, 0.015390781362020184, 0.04941799346355605, 0.05838818459782584, 0.05930722192519761, 0.05231675470351624, 0.026332860476679928, 0.060101771577449524, 0.05607073650523459, 0.09310631742734524, 0.022665856140243208, 0.03945253125704342, 0.032437550236275654, 0.035798818052146124, 0.0474422353360358, 0.05711342561524947, 0.0498049645781055, 0.06606426730132359, 0.009179493595355998, 0.10354710509092152]
            , [0.10781757020835969, 0.011412023998767808, 0.06595023037470871, 0.09274812959175652, 0.014994601935769044, 0.05259642484300293, 0.023744676356716583, 0.039704812771136466, 0.06825003439019905, 0.06524079327067284, 0.021614673542435604, 0.05517309809772055, 0.024504528515308058, 0.0664673528872739, 0.05268845155924483, 0.09222350799761414, 0.07311422040298099, 0.055561293780047455, 0.0030555824011075498, 0.013137993075177079]
            , [0.0743639211170645, 0.012448846392700776, 0.05123076724052163, 0.056277468836173794, 0.03931906846848797, 0.054218815940699855, 0.10397695346268566, 0.05661369485011172, 0.0505555489414432, 0.08760629788525824, 0.02292293909379672, 0.04220876816780508, 0.030199450530516828, 0.04095256699197081, 0.04978525576650819, 0.05718088441878164, 0.05444902244041406, 0.06970768968718981, 0.011387525218927169, 0.03459451454894235]
            , [0.06603623354204574, 0.003857409067224234, 0.07507398338570298, 0.10753616862118294, 0.02219160625858401, 0.04035474051890827, 0.03605752815937107, 0.03144349614662111, 0.11848779564105238, 0.05109399697324875, 0.015378419543312772, 0.06559852483727216, 0.024498188972639723, 0.07116199009158018, 0.06907399188260249, 0.07127399334567802, 0.060946450718628205, 0.03781253856800438, 0.0048093287221480895, 0.02731361500419257]
            , [0.06867612823047546, 0.012100106029653354, 0.041054714403330105, 0.0517917606559861, 0.03439576777992129, 0.04871031676397981, 0.022352498505532333, 0.05602547795705064, 0.12711866870005226, 0.08577009522792513, 0.02305969846060625, 0.03571148891651322, 0.02624764081600147, 0.03571253067032003, 0.1270193641374189, 0.0521058163448932, 0.04830438725999283, 0.06566789843056312, 0.008579955604967368, 0.02959568510481719]
            , [0.05577284488458485, 0.01049101919741216, 0.04870461253064834, 0.05296271408989538, 0.02830430006877868, 0.054789187215895874, 0.023102782277932523, 0.15114996140816106, 0.0484964308933178, 0.06746835405253584, 0.014320334414897046, 0.0355373999680256, 0.028031813569849923, 0.03250381532570888, 0.044703207340184285, 0.04614607268416495, 0.04459534212754492, 0.17494396829006648, 0.0097473043934564, 0.028228535266939133]
            , [0.08078212458580247, 0.013091703498896124, 0.04762925809620417, 0.06241533917582637, 0.031730667658320943, 0.042165208628800785, 0.024714941498165714, 0.053784265881959364, 0.056772675647632755, 0.08105167467891729, 0.02048776786951887, 0.039107607507775595, 0.1389748644199991, 0.03974680692946596, 0.043201670190203455, 0.07310750104176507, 0.05478342238407336, 0.064169721665048, 0.005655018930916679, 0.02662775971070796]
            , [0.10679388239472266, 0.0014515987154126136, 0.06734621686490122, 0.0601402004571994, 0.0311236886300693, 0.07719987182767787, 0.018473847784192258, 0.04686581374034841, 0.0662673144684148, 0.07861158182536229, 0.017315800469521293, 0.04795335084513812, 0.0370538683302301, 0.051530887054760964, 0.047143085432911264, 0.06572139964581573, 0.06376130277317481, 0.06692810952965235, 0.014021644745782056, 0.03429653446471245]
            , [0.08637943487229491, 0.005781410033116457, 0.06737429522205769, 0.04022462114191587, 0.03829338458178966, 0.09654922163358669, 0.018351018605375927, 0.04483697733073969, 0.04317077951488741, 0.06579422674469947, 0.015610103450795887, 0.06165364278172284, 0.04618877814603001, 0.0386096382822755, 0.04422895085257752, 0.08343269131478946, 0.07012691825356034, 0.06120936632037609, 0.023896856527130406, 0.04828768439027835]
            , [0.05801423373739469, 0.010748099066794383, 0.030015129658504308, 0.05084894820520804, 0.013793529740995042, 0.0333297332772317, 0.03503219139891715, 0.021632732957945874, 0.17332596833145614, 0.04205475938702426, 0.016197188967555974, 0.042505520700408764, 0.022105157469775625, 0.07233539391453074, 0.21835701307222619, 0.05915964454797613, 0.04799257312385116, 0.030353859566349103, 0.0064013315050552725, 0.01579699137079947]
            , [0.06382071274849317, 0.00971648752781728, 0.0498725545732599, 0.0544655194225463, 0.02589570396991878, 0.05406224770292762, 0.020866334720809992, 0.11051203472990744, 0.0460953188430734, 0.21079820561528367, 0.021448302695837095, 0.03367782377518298, 0.02433850064554033, 0.032426063470080806, 0.045550104989350255, 0.0448284568719002, 0.039952057304305816, 0.07852601644252442, 0.007429496291132085, 0.02571805766010869]
            , [0.05505438446434337, 0.017992450253860974, 0.018253185896313126, 0.027522137068875473, 0.04293838230259836, 0.02110042233804592, 0.01468129200481674, 0.1499761277679526, 0.03102166869440026, 0.20251641656911176, 0.054600724444864274, 0.021604327104424725, 0.020336103049472525, 0.026920015348578095, 0.030588072768109802, 0.04072141396999544, 0.05263353715125029, 0.1415335384694537, 0.008376817714968617, 0.021628982618563913]
            , [0.08907397094130705, 0.008781432277885332, 0.0421197120716829, 0.046328539029151634, 0.036474494021320476, 0.05615326565583623, 0.02070817835158893, 0.05141257181441232, 0.03627497050520981, 0.0839404507249005, 0.020894445773502714, 0.029826338620696884, 0.19361298984286213, 0.03049748977684163, 0.045563433919580384, 0.04757735420681807, 0.04695121832631201, 0.06770986399288294, 0.014782957177764917, 0.031316322969443026]
            , [0.2323078053324239, 0.013013819550877265, 0.03807139270454866, 0.04538292484287566, 0.031818119332258046, 0.059146776639969596, 0.021555697694235904, 0.04349192281096429, 0.04204164089766275, 0.06925162988774122, 0.020177558072614753, 0.030341660650135903, 0.01918064582642534, 0.03173090972361824, 0.042083345051017934, 0.1291343602881872, 0.044783589407466434, 0.04970845322825525, 0.008227342697708492, 0.028550405361013127]
            , [0.08089044509403277, 0.01099302873483083, 0.1024279025150485, 0.11277783212331728, 0.00987455820620213, 0.07393327630336442, 0.03728085007505493, 0.013916722230163242, 0.08199713189274782, 0.03028930720485928, 0.009409064694049153, 0.07580191410137949, 0.0279931861145767, 0.07313373329545711, 0.0732654221963316, 0.09123916447067858, 0.054802851156157094, 0.02273141034053758, 0.004601087657183508, 0.012641111594028046]
            , [0.07457756578007103, 0.004999448698320743, 0.13908676287888735, 0.24228109879086102, 0.008946929916607272, 0.031913320436617425, 0.02169407752664406, 0.01695553791801716, 0.07609061745252166, 0.027997130387218468, 0.011351296696463925, 0.05094264860040795, 0.02482333928914759, 0.07637169291896007, 0.041257445974140314, 0.0602930384400601, 0.049188115625134275, 0.0284022960920264, 0.0026131650606914785, 0.010214471517201625]
            , [0.05204508629720475, 0.013343364205861137, 0.024327268871241512, 0.030400703134158, 0.11196380419046159, 0.029107116309781304, 0.026334678782223474, 0.09281641971239014, 0.032275150099524676, 0.16785512700492372, 0.04260067033072181, 0.02589934843104798, 0.01994658062479398, 0.026933874316916993, 0.033792621545137236, 0.040141777652721936, 0.040742952946801886, 0.08319788057925241, 0.02827058843255086, 0.07800498653228488]
            , [0.06971712742384265, 0.012531260747144033, 0.051852541034095735, 0.058444509408185776, 0.12205786521813014, 0.05784975635740022, 0.02432707268033078, 0.055908225175236456, 0.051786765012636383, 0.10766090745209607, 0.02052420630592004, 0.041061324479015164, 0.03224840076890609, 0.03733286542974623, 0.04813463721639656, 0.05886535175348123, 0.05077345006869056, 0.062462913316752584, 0.00890307908488918, 0.027557741067104125]
            , [0.07891686108334206, 0.008535073153849744, 0.1350623732569825, 0.16745965060762047, 0.030467310595233593, 0.042363868677693844, 0.018191373552692895, 0.05006653233681616, 0.050065750074866286, 0.07500422002888497, 0.019938408400195885, 0.03578527173144343, 0.02644256789616182, 0.039123496954357795, 0.03514775303792115, 0.04991567444164576, 0.047413395508083406, 0.057168063301706325, 0.008038644076606571, 0.0248937112838953]
            , [0.09257140304800733, 0.018481735779072327, 0.02966478797183132, 0.033205300996877116, 0.042635253510871246, 0.04664307619465464, 0.023991558926567295, 0.09698998227631285, 0.023910692991153778, 0.16411778581968617, 0.028040327945217474, 0.020963293891258006, 0.027427260562013427, 0.029073996393854742, 0.04824782319306776, 0.039278656738517735, 0.04500964611044666, 0.14268795087798086, 0.016766563734645783, 0.030292903037963594]
            , [0.07535163068384002, 0.01104343573315125, 0.05374831428159145, 0.05837268184918476, 0.03899356335820025, 0.05776904331195029, 0.02554951766279757, 0.05287232419593259, 0.052043661827822954, 0.08609121378266679, 0.023285118650805, 0.041178845161734354, 0.03378454225550847, 0.04145561398232068, 0.05420729528177292, 0.06080188307522599, 0.0569644080038302, 0.06466459980772206, 0.07996371188864045, 0.03185859520530174]
            , [0.10881053482003722, 0.01571704230692021, 0.055164984204775475, 0.044336362786780575, 0.012548323755128564, 0.3243355432490869, 0.021934460134597846, 0.01567853515695839, 0.03601546521900078, 0.02617685844068288, 0.010851272368807808, 0.05615934404574883, 0.0215023996049211, 0.03126869769498729, 0.036945398023523306, 0.09615044282222576, 0.042445905152402146, 0.026665129507871387, 0.0050548326803337715, 0.012238468025209595]
            , [0.16076621577212274, 0.008198616288746357, 0.06957896878572671, 0.09094825929555332, 0.01574519686550792, 0.06395141669667805, 0.033390507176028296, 0.02215652226508299, 0.039477850367253334, 0.059982761111460434, 0.011954703952337829, 0.026325152357424338, 0.031037859139032137, 0.06657199794575855, 0.10706779045241722, 0.0663355114873313, 0.06155887787873953, 0.043424561948328805, 0.008447826582707863, 0.013079403631762195]
            , [0.05525389405251145, 0.008675616369806363, 0.04904121612373543, 0.04842829572073011, 0.02878328140864276, 0.045036946360700415, 0.021475505133566736, 0.03564386142524602, 0.044583554855293854, 0.05952611760561014, 0.01603007509532673, 0.041430003759747085, 0.020366762747409135, 0.031830417706336725, 0.04306451523657959, 0.1564179604111786, 0.21102697097319784, 0.046341524004870134, 0.009999012789411427, 0.02704446822009941]
            , [0.13895394621053098, 0.0057021475356126596, 0.057777800992558775, 0.05119960867301581, 0.02785412595332003, 0.07303607725812196, 0.0109877468317804, 0.0469234092599983, 0.05409755743868584, 0.06531197864296888, 0.018199681903224837, 0.05545803059246186, 0.04637678681700894, 0.043309108846884915, 0.03071799188917139, 0.09363412724427213, 0.08129019977950194, 0.06903797323226232, 0.008326745731262086, 0.0218049551673559]
            , [0.06253125614007156, 0.01158399688413185, 0.09931655435382059, 0.045645140375882916, 0.03813025848500755, 0.05163039295130396, 0.02442733277619121, 0.05636072324444864, 0.04676793677753652, 0.08613509283726031, 0.02159291695203813, 0.14372164392424017, 0.027061640363036845, 0.03289299175647543, 0.04317619274900312, 0.056624917259822986, 0.04782791931262459, 0.062291597615573145, 0.01151281574479492, 0.0307686794967357]
            , [0.061520713276829495, 0.006378843826860369, 0.04569848711334649, 0.10475460120447032, 0.005880080185335291, 0.026897467345515118, 0.026856228855125498, 0.016859813249242434, 0.20045730096441233, 0.0305346525101545, 0.01415089967930721, 0.05267325151729372, 0.013755813037979625, 0.10076872025799527, 0.14199655441152284, 0.06337011746848865, 0.05328866612124452, 0.023938656656663792, 0.0025950132614360657, 0.007624119056776399]
            , [0.12948944469862242, 0.020615660900682377, 0.03452038926094458, 0.032931781932437454, 0.011005056947488254, 0.05688052327301523, 0.020690889084614254, 0.016321810517448986, 0.034377286783295435, 0.025755628703413656, 0.011806527755150353, 0.06257242468870927, 0.032256901312731345, 0.03092071510290879, 0.03245146162203838, 0.2651391265085721, 0.13699543512666276, 0.02991457613464972, 0.003860936782201701, 0.011493422864412817]
            , [0.02553591071510398, 0.006526819866961175, 0.007248202342655299, 0.011615646053151968, 0.05657106940707936, 0.007630566587921676, 0.010057774503860938, 0.13496684998014183, 0.015206780317374373, 0.43394295838390295, 0.08830817793369951, 0.010023298888078368, 0.008630788411044104, 0.017829237114952302, 0.015353650177105188, 0.018072572366026187, 0.022234645702661038, 0.09090183912961396, 0.0037364064644563348, 0.01560680565420934]
            , [0.0812432945299268, 0.015423435548136978, 0.030603181063856753, 0.05160919091211128, 0.02474075190039134, 0.031116436258630992, 0.017799655327884335, 0.1152055583934247, 0.05050554223652391, 0.14365819812904917, 0.04779228866287538, 0.02970171349523095, 0.015831809113399695, 0.03907056588378078, 0.04243877457516187, 0.0515034524193758, 0.06173322894028144, 0.1300557472282733, 0.002736559413110954, 0.017230615968573816]
            , [0.08256881449715822, 0.014046972354870601, 0.038277048780356315, 0.039891679822661126, 0.09959570308995908, 0.05314255373999381, 0.04826502324421918, 0.03933091362343904, 0.03037494443204001, 0.08658968900645778, 0.021090901654914448, 0.02995533245845, 0.026319272228553004, 0.03231741886800038, 0.04871004662358762, 0.0509221919203263, 0.04569819259296032, 0.05512962033021304, 0.041891850518351294, 0.11588183021348844]
            , [0.10296147748486624, 0.0036474819222784487, 0.07714802265021763, 0.10408075738823176, 0.0204171684266848, 0.0415136004066773, 0.016530567559658736, 0.028620952027712178, 0.07047544927090517, 0.04827646917300131, 0.012072848145662564, 0.031097389652216565, 0.19967326601460067, 0.03849750142198445, 0.0415661082387812, 0.05629980160009769, 0.044025901799363554, 0.03884823874125723, 0.006195634908025319, 0.01805136316777705]
            , [0.04947231426559147, 0.008099816235799617, 0.30476326464240927, 0.16950650602070513, 0.008358643738537442, 0.04885185608336675, 0.019838622241895178, 0.012615089033169123, 0.03851439645863185, 0.019128241965763574, 0.008623778536150659, 0.09949823364325304, 0.014145690729397135, 0.03745969147640815, 0.022167518395034086, 0.06758026650134881, 0.038696866505690236, 0.019859957650531102, 0.0024922268968744733, 0.010327018979442824]
            , [0.06553175371138772, 0.010224229998565511, 0.05002038414386466, 0.05293557206676593, 0.0458476310046535, 0.03988468160564928, 0.12701816632323998, 0.02436329684015789, 0.05143557519820434, 0.05054425203263792, 0.01614041789188905, 0.07748522834425788, 0.0194974857241579, 0.055428788938551736, 0.06102587013678749, 0.07258148820091943, 0.04953988236657013, 0.0345755395893692, 0.010873702762592845, 0.08504605311977767]
            , [0.1716983052289358, 0.08011195564537192, 0.0231269939991614, 0.027942343022519973, 0.025419678597614445, 0.0383903039501398, 0.018977215710028177, 0.07026016401435503, 0.026843616287517358, 0.09720903147402055, 0.025767188714583986, 0.022813094874946493, 0.014651237032563123, 0.024503169619372225, 0.03387575369326669, 0.05598176273018258, 0.06432669439871469, 0.1513179376854568, 0.0062806855722630185, 0.02050286774898605]
            , [0.05984547835408914, 0.012236432540454454, 0.0068731671177715255, 0.013106103877220486, 0.014874956196061813, 0.008999123210778243, 0.006417647146738503, 0.2583848181855647, 0.012688638614182958, 0.11129118128620888, 0.029580931023123733, 0.00930350947612932, 0.009781817094928353, 0.01176629715927064, 0.012282624359603858, 0.02288401989227673, 0.0535760432477145, 0.3365630908533067, 0.002194637044533201, 0.007349483320042156]
            , [0.16513166349537414, 0.00364287851111008, 0.06411275318675398, 0.1478858442967449, 0.016366977382875, 0.031125198885149467, 0.01867045973092873, 0.02801836915793718, 0.09750198501174107, 0.060768249892954006, 0.011410532135500574, 0.03201798945470642, 0.009020628314448456, 0.0840263861309539, 0.08234315631400253, 0.05154105952190767, 0.044776466644663254, 0.03226587707517878, 0.004988638065436249, 0.014384886791633552]
            , [0.08759851556806916, 0.005547871413189516, 0.07821137091935218, 0.12124211312508454, 0.007580519247821545, 0.038538979280661384, 0.03240379592604162, 0.018860826295505024, 0.10816348596383432, 0.03371123145162078, 0.011257800570698041, 0.07199816638777431, 0.017011499465738017, 0.09398306672336983, 0.07386668376793566, 0.09426832392653935, 0.06621749330819686, 0.028311900299122644, 0.0006762194973446982, 0.010550136862100707]
            , [0.01717955912634921, 0.006714744348423864, 0.0006910688379634919, 0.0012302684356350919, 0.01103253310389384, 0.0012491384188222472, 0.0009545949464773175, 0.4157155482439895, 0.001347389765455024, 0.10511578813873425, 0.021937978145282647, 0.0014233466482547958, 0.0006629996987585088, 0.0013515394751740133, 0.001353746853606189, 0.003879856864012935, 0.013689462854190964, 0.3922255732386816, 0.00022047690753266547, 0.0020243859487618426]
            , [0.050984791129692536, 0.003183339410722072, 0.06998208267860444, 0.06990620307596403, 0.03494732586315354, 0.0515578377812645, 0.012969109251811491, 0.06998903606949149, 0.1059712985995777, 0.07430604053812978, 0.014316967669227456, 0.10107779813684517, 0.023559910066252708, 0.03544408606173949, 0.0318601820069459, 0.07129093327686087, 0.07062425234084671, 0.05390115544279154, 0.00945436725751173, 0.044673283342566886]
            , [0.0761604953995052, 0.001861037009543374, 0.041070157095173074, 0.03570881364585231, 0.04438221354266496, 0.05518313522870068, 0.013992605107838648, 0.09890850986438728, 0.03858302846121834, 0.1474026252616729, 0.0377213022039189, 0.03799835799863651, 0.0254996151976513, 0.03450496001254489, 0.033841916119817274, 0.04887983000486497, 0.05300910643065628, 0.12721671147617145, 0.010456219332745095, 0.037619360606436725]
            , [0.05142326829829338, 0.011668273639770986, 0.02295571984473158, 0.03213310767362291, 0.07630384878218213, 0.02445718895195947, 0.021785663832356247, 0.1542974548832306, 0.03613568552425362, 0.16184786604298115, 0.03179482219136814, 0.02489212218847769, 0.014722660788051097, 0.0226496140220396, 0.02967107030047316, 0.03767653186946994, 0.04688493520465131, 0.13961395149197364, 0.004045740665250409, 0.05504047380486298]
            , [0.17551215238676018, 0.010208974452084605, 0.026339300152520173, 0.03237778657318919, 0.021414000225252125, 0.037506456492033054, 0.015683486736666398, 0.07486783403681453, 0.02804040486837652, 0.0703498963802367, 0.022579532349431487, 0.02347259655445803, 0.02427942225002422, 0.02423850517116157, 0.03277055782889864, 0.06278989567677025, 0.11429989144097087, 0.1798767373759651, 0.006531037473386742, 0.016861531574999554]
            , [0.059180289244410385, 0.01337416878582249, 0.0816645559497445, 0.052502830752808365, 0.013347287995486193, 0.05133475708092567, 0.048260273018926735, 0.01990237607507858, 0.06414469838312525, 0.029860310036053356, 0.013173999920094675, 0.19528708456737007, 0.014850262834211463, 0.04771171968256116, 0.05004802554136232, 0.1262290237277431, 0.07161123731365783, 0.026077589331694347, 0.0036601516402857094, 0.017779358118637706]
            , [0.05087154244790462, 0.014010557674863294, 0.010658043840773216, 0.01433921043902577, 0.08436952464271527, 0.01933359669513593, 0.013155675301197895, 0.14883451526874994, 0.012925644197028846, 0.2667460153086907, 0.04960169622338883, 0.010057990586572384, 0.015612855528340465, 0.015028382635708592, 0.021679391003802166, 0.022066331470740302, 0.03106460378115705, 0.1435827475249712, 0.021167857708613846, 0.03489381772062008]
            , [0.11683782579703843, 0.01417921885230144, 0.02321154115036833, 0.029163892729962282, 0.012844178872653546, 0.02825785026923138, 0.01573989902311577, 0.043533408408499945, 0.035341028970746806, 0.0394110540000506, 0.022310780198121345, 0.045845521665148, 0.02194946090414843, 0.02729547419910924, 0.02850211962527241, 0.17645181608881721, 0.23824510278074107, 0.0666956236300493, 0.0031127715864689076, 0.011071431248155439]
            , [0.06864740601263464, 0.0034950432989233854, 0.1575864108527456, 0.06861484956226689, 0.015157402947916144, 0.08768122090430229, 0.021816325530095257, 0.018691020956404392, 0.05324287423570366, 0.02788032803991649, 0.00911510646085718, 0.13368260162505674, 0.02611074285950747, 0.038752583951947334, 0.032422101953327245, 0.10903782601396282, 0.07080455545882496, 0.027589593259781536, 0.007098584566285199, 0.02257342150954067]
            , [0.3063734784152977, 0.020763547557195828, 0.030273915234556584, 0.04205642658558099, 0.009926917663684788, 0.08383629863301237, 0.01401412410472823, 0.022522241052003403, 0.029271795776045925, 0.03008498606251669, 0.012991158613902947, 0.026709515437257598, 0.02647960935232606, 0.028823659103251766, 0.028766257382265025, 0.14763671293835032, 0.0715101958030065, 0.05661173399306228, 0.0028871923857381964, 0.008460233906217076]
            , [0.10653508307355894, 0.0012941387598426556, 0.11145525446535978, 0.11867713186130552, 0.00877334270261818, 0.06572888503436404, 0.018099839141139128, 0.015239583085715599, 0.08915715095603231, 0.031512456062409995, 0.008032854136921862, 0.061228517201192656, 0.054884168024289755, 0.06702896267086061, 0.05204162218932921, 0.0837335953943779, 0.06352126662438827, 0.027717766167620828, 0.004315367087959365, 0.011023015360713262]
            , [0.02683122510367313, 0.005150870527594751, 0.009985507194205065, 0.02247531951800474, 0.003935055994626769, 0.013930241536129631, 0.01875953811710567, 0.01029217321277362, 0.34819608723257706, 0.018438187264065882, 0.009458294155096704, 0.030451811578743538, 0.01344978576890458, 0.05394964586453833, 0.3287375337528471, 0.03650639511066033, 0.029419117097947263, 0.014064610718896026, 0.001094000711989001, 0.004874599539620755]
            , [0.13336052405391965, 0.09828974045740027, 0.028192437210258055, 0.0305514047103839, 0.02952088876705381, 0.058253954849025305, 0.024559538559677605, 0.03442190016438299, 0.03039747809796701, 0.059574978832426885, 0.02077069529637145, 0.04120120265602781, 0.02320604433944746, 0.029538757375735313, 0.03736658481839704, 0.14416098385341686, 0.08326942790262473, 0.057020588598585595, 0.009793127927787408, 0.02654974152911092]
            , [0.14804198264576882, 0.008348977679784332, 0.03919218119652293, 0.04263284498285061, 0.01327078633636948, 0.0608115250715144, 0.016367287109695743, 0.01958006889783051, 0.02789547157754013, 0.03808613027969366, 0.011822357569208514, 0.025241535566563174, 0.29306162690306964, 0.02911728611843516, 0.03670308027524209, 0.08159458363245671, 0.05147296726771752, 0.03889756938951501, 0.006722054475623095, 0.011139683024598357]
            , [0.031316070255673, 0.015137481892626503, 0.009218023642311484, 0.012494433194039855, 0.26976329134745775, 0.011373618599958274, 0.03882737641712971, 0.03986269087266876, 0.014164619035514851, 0.1060314885108699, 0.02563907871910791, 0.014662074510758889, 0.00839480008258158, 0.016676130985137046, 0.019241826610695754, 0.025233046187390553, 0.023239104471127075, 0.040601874828724925, 0.04140339577172854, 0.23671957406449784]
            , [0.05115823943207633, 0.0030492803073853708, 0.21939288039824809, 0.2877570741096112, 0.0035958360961074716, 0.02909170623084067, 0.023839223844401902, 0.007098594325622645, 0.06364472357321001, 0.012653726737724162, 0.0057697210607705945, 0.0674755792563522, 0.00913706638582035, 0.07524251575947095, 0.03241677727845411, 0.05505007345389343, 0.03209353678340031, 0.013821554352781599, 0.000522424859909914, 0.007189465753918596]
            , [0.024344815013862115, 0.0093560131418363, 0.00204989891164248, 0.00469265701988301, 0.04805463413770501, 0.003405382252281311, 0.004504250636316908, 0.18781668299159496, 0.006731218955930791, 0.41188319581827576, 0.09726917277436711, 0.004709686174742956, 0.00237283397886617, 0.008336238851464096, 0.007153188354906789, 0.01057275814339966, 0.02097556839922763, 0.1294550691511745, 0.004240067416590141, 0.012076667875932515]
            , [0.10043684390856224, 0.008941516603176833, 0.08322741286274869, 0.08930041225726544, 0.009976728349727754, 0.047656805866697974, 0.02687985084649945, 0.018026867441095044, 0.049946858565586616, 0.03273920230202409, 0.010099425746257705, 0.059107721477148746, 0.14654744681449713, 0.0517227151973218, 0.03651220119732039, 0.11815261261290742, 0.06794939211483919, 0.029709206776835927, 0.0023047221769711096, 0.010762056882516299]
            , [0.024758014832108242, 0.008046395721918625, 0.00130255078854434, 0.002339232149898691, 0.013896251933089451, 0.0024099088577098234, 0.0018064797640748981, 0.3707348180041194, 0.002456535307216115, 0.11691363683468531, 0.024949481342369476, 0.0022908769773591956, 0.0019586173448420006, 0.0026567178361325155, 0.0026796874958013874, 0.005898079611700753, 0.018520035432054084, 0.3902706546825534, 0.002696405047619643, 0.003415620036202491]
            , [0.06077955213999913, 0.0041406614115757, 0.03084318820731748, 0.08294687521387831, 0.021837476821432673, 0.023607059515856368, 0.02223728429519926, 0.08714825570724731, 0.09798855740104045, 0.08596322906016449, 0.019898989470474856, 0.026028197544827235, 0.014955563079694352, 0.05536749093356813, 0.08471096724940723, 0.04048066131385303, 0.08925856899416704, 0.12196884674617695, 0.007186868168744131, 0.022651706725376]
            , [0.5849200637608796, 0.024552385306529503, 0.0020692074820830653, 0.0030725221578139688, 0.00221584092036626, 0.06200963061840617, 0.001881072644686362, 0.005199662164320789, 0.0025938293541371556, 0.005724568964597188, 0.0033905657782454164, 0.00458104803570335, 0.003896857754897111, 0.0033252340701413145, 0.00291968426317009, 0.22191614644664714, 0.04096342192451666, 0.022542011490390642, 0.0005374531783923847, 0.0016887936840759687]
            , [0.03489594994962659, 0.004735388679401009, 0.003855839033447944, 0.0068435807327654275, 0.02903811405176095, 0.0062844209303399325, 0.004604516931724817, 0.25676081411842255, 0.008093260527236142, 0.26186361375622363, 0.06472381868992379, 0.0053366645234271416, 0.008619409789426697, 0.009299746281866467, 0.009890530464562603, 0.014442937641775424, 0.031100439434338153, 0.22906378741555025, 0.004560480677111996, 0.005986686371068261]
            , [0.06610626684084245, 0.01000236128055412, 0.03514850095417788, 0.03670734214295176, 0.07331049899294641, 0.04819159050988177, 0.017865563471012518, 0.05465797709681427, 0.0314185804393557, 0.27608720725306474, 0.08518264483183118, 0.026484271514100453, 0.016182000671354297, 0.026032452414283404, 0.03906427220194903, 0.038806694787306355, 0.03537755434698295, 0.05171138755542231, 0.006998839930189849, 0.024663992764978597]
            , [0.4354207717505437, 0.02854278202670417, 0.00841596374535302, 0.012090131721262285, 0.008401204497119038, 0.06268677120882028, 0.006558138413119267, 0.02508106152455137, 0.010335975921265329, 0.025411003956559326, 0.011749367494077864, 0.012532228678201302, 0.010152251014671468, 0.01036098833202846, 0.011105304244092295, 0.15591557965271266, 0.07991770327954142, 0.07748732104868238, 0.0017435319119898079, 0.0060919195787045455]
            , [0.04684733128222639, 0.0042703836655759355, 0.019489909322572278, 0.012405085006875004, 0.002246744191976074, 0.7946848541039029, 0.004930958278526554, 0.003178456438796745, 0.011044644664048638, 0.004950993674873949, 0.002619559941689445, 0.021285573354307617, 0.0031755872820999754, 0.0072236880377262586, 0.009981706453303447, 0.03366341463940653, 0.009233909413666802, 0.005851733788642839, 0.0008177444401007146, 0.0020977220196817786]
            , [0.039429591131815794, 0.00476818047554555, 0.08202058786531762, 0.04899521431755979, 0.021693122297386194, 0.31100717881928874, 0.02405233833194909, 0.03197140524638542, 0.06270024225810339, 0.051944006162623256, 0.012815313672750944, 0.08905095868880576, 0.015742200311975922, 0.039115288303637, 0.041177201455881565, 0.0377637740490393, 0.02808720153670168, 0.03504662913608471, 0.004651441462405661, 0.017968124476742783]
            , [0.02326569463748805, 0.007775348159314636, 0.0020897745713981636, 0.0045699502476445955, 0.020896523021892432, 0.0028980234368369473, 0.0034714249567965776, 0.3206781381427, 0.006587148478513493, 0.254428090849945, 0.058035135142655056, 0.003768427546774292, 0.0024542351793972643, 0.0061555179321695535, 0.006334403579645387, 0.00820430954703431, 0.021645800707817225, 0.24151478199941764, 0.0005862174075334002, 0.004641054455026206]
            , [0.046287722469307256, 0.006780976186894474, 0.02949618790180544, 0.027756215197630805, 0.021754695763427274, 0.045214224390487286, 0.013236808037944827, 0.22609914801981162, 0.023451269242064633, 0.153619885160102, 0.01790339265384984, 0.019808155504542447, 0.01612995338864532, 0.017528686198346258, 0.030621040046037228, 0.027044299858500563, 0.027347803056860638, 0.2308302109426099, 0.004299783729905753, 0.01478954225122655]
            , [0.203374668830185, 0.01660779467240349, 0.013566109181239678, 0.013550459887556416, 0.005149793495741451, 0.5080313376203738, 0.006848813926734456, 0.00696212517954115, 0.010988168895559435, 0.010961473791147727, 0.005777007520005398, 0.019136528714848493, 0.008006614856812613, 0.010152706013911597, 0.012235606020128749, 0.10117515991883791, 0.025105778787331653, 0.016296540110667963, 0.0015595740735499881, 0.004513738503423132]
            , [0.06911589023483426, 0.004552270480010366, 0.045119892405845685, 0.049180609196402644, 0.13885437882691098, 0.04837193319359973, 0.02263994197870856, 0.04092876837623871, 0.04389261846038951, 0.07068932891725216, 0.020026239291601314, 0.03610369128976243, 0.023225918105569624, 0.034859987367283275, 0.03948706554240297, 0.05128302292069305, 0.04608155438246155, 0.05344181041845078, 0.009031225144967648, 0.15311385346661463]
            , [0.12265989727604647, 0.003349890420170828, 0.01666397301898305, 0.024678849321775737, 0.003954983029958084, 0.020893155091957688, 0.00928495990846093, 0.00858157446103313, 0.020364637909584454, 0.016345175982944295, 0.004825606241167785, 0.01331316101331482, 0.5638548106231618, 0.020273320258221907, 0.015724168688771217, 0.0785453495587198, 0.03260222354877002, 0.019419029287892558, 0.0010914539750410378, 0.003573780384024344]
            , [0.3620673439657874, 0.019006454498113917, 0.00928503766800252, 0.010496352894691766, 0.004001470843658816, 0.07667155997181253, 0.005572585819360764, 0.006238137182629037, 0.008052675998442492, 0.008647401659424389, 0.0051215180958654434, 0.019572313298437418, 0.006808796395485473, 0.010084284368756736, 0.008005887032853657, 0.3531612269576635, 0.06480803306138333, 0.017758924258334422, 0.0009939484045793034, 0.003646047624717197]
            , [0.019550977420536676, 0.006168522807448043, 0.0010541222540024432, 0.0017493888983582517, 0.03319677465710258, 0.0021160879154013094, 0.0019192502449314032, 0.3014312599738356, 0.0019116654266900387, 0.3321955042615961, 0.057871136322850236, 0.0020818344564743933, 0.005205241072940785, 0.0029673069165482304, 0.002659173135188877, 0.005588368058311738, 0.013415805958710522, 0.2024601217114997, 0.000725932383472219, 0.005731526124100907]
            , [0.05758004960175353, 0.0038321022416146484, 0.27373432848134455, 0.20862548763618646, 0.00365900991204962, 0.05188141890388979, 0.027768853800904443, 0.005379356249324952, 0.04584408497279206, 0.011954413742000373, 0.004210004868643603, 0.08909310276694428, 0.01704672015038831, 0.05518383302179414, 0.03139805273075247, 0.058909351937844835, 0.033723164442060645, 0.011083562017484587, 0.002765477653785074, 0.006327624868441675]
            , [0.2648026115396081, 0.019045119926054326, 0.018862433477396627, 0.020904445936132107, 0.030182680550849637, 0.23925985298714747, 0.016333856896220696, 0.033925706550917874, 0.020992532570604742, 0.059495124039937015, 0.01977408021741598, 0.02088657713532391, 0.013207500070229009, 0.018770637626649503, 0.026206983012854578, 0.06967663229565528, 0.03576877628010504, 0.04121120040156877, 0.007466574091266433, 0.023226674394063]
            , [0.010974557648243184, 0.005066739212931102, 0.0012697704464675952, 0.0018625738985201857, 0.05545536991538588, 0.0023071633611079154, 0.0026823578245340983, 0.11202857589705105, 0.0022260818280434532, 0.6149684054151008, 0.08396876370242311, 0.0020552661677090208, 0.004302129314148525, 0.004163241195345875, 0.003718900298964912, 0.00664466085155039, 0.008761999612650099, 0.06922410116357708, 0.003960633372711045, 0.004358708873534691]
            , [0.07103553143727502, 0.017119475016761112, 0.0013813868853082359, 0.0021659184626321728, 0.06606549905201349, 0.013905284211641259, 0.0024592083847078373, 0.2080406983017531, 0.002801259723847287, 0.24023122979783257, 0.059004012949909625, 0.0032631399294817463, 0.003925338537971091, 0.003475133616582004, 0.003296520811098258, 0.021691736502914553, 0.03748943606171373, 0.23013605580449295, 0.004187536355449816, 0.008325598156614154]
            , [0.08069930010028589, 0.025223280811503122, 0.023823947592236085, 0.05199715914475926, 0.014873347317900923, 0.023752762557227226, 0.0375683680129858, 0.03815965352278376, 0.1071042265330946, 0.05570106458304906, 0.020845543216276824, 0.04641702711518987, 0.00890497095219293, 0.07567688061939007, 0.11895675318349917, 0.09853625858154674, 0.09483658790366019, 0.05669102232297246, 0.00306032467918592, 0.017171521250260075]
            , [0.11080334773282505, 0.004784449791137926, 0.11871846407194163, 0.1404647359858776, 0.002536109949188947, 0.059834623437848705, 0.023258624454385864, 0.007012738350074282, 0.0862166142794278, 0.014141138098339053, 0.004857669842991256, 0.0753951417386015, 0.02643906010363105, 0.07708396043668138, 0.055620305152658374, 0.11022584880350406, 0.06394118049441312, 0.015040612130351903, 0.0007491527096318726, 0.002876222436488629]
            , [0.07278400975787251, 0.04456371279273414, 0.020612268132835176, 0.024893074803312674, 0.12920043481860252, 0.028603840877628475, 0.04815270530538319, 0.042825708819144596, 0.02656504332849135, 0.08546651749490863, 0.024238652724968095, 0.038134624200721716, 0.015650116743168414, 0.029031047909153732, 0.03169528599324215, 0.08575112449400511, 0.054502843887197276, 0.05770906623936675, 0.007223912767750952, 0.13239600890951259]
            , [0.009683627372619899, 0.008779302265236358, 0.0019797071035669296, 0.002665266733308994, 0.4256308546829304, 0.0029280955464160937, 0.0208594368343434, 0.014478221969844973, 0.002856278419326258, 0.048735876586847575, 0.011511316844961839, 0.004555139278920487, 0.0017849807107972475, 0.004021693958900409, 0.003857455840270851, 0.00910758091051406, 0.007127541148327092, 0.015836105889358548, 0.02291262679605578, 0.3806888911074526]
            , [0.033915729277654835, 0.011518079211541948, 0.001198233988208645, 0.002130199202463514, 0.005641096157236296, 0.002131444985153911, 0.0014520033205634685, 0.33002744886313007, 0.002200948885705556, 0.07344157553419864, 0.01660023582321078, 0.0022161061422469653, 0.004095860199443822, 0.0026516656122297652, 0.002324673029432438, 0.007128399223741457, 0.02346211233488929, 0.47559055190901817, 0.0003651992881033892, 0.0019084370118274993]
            , [0.09716871094692726, 0.01985112536114511, 0.0124244643870437, 0.014223195000017591, 0.039647233563597846, 0.03685272736964053, 0.009368901591015992, 0.15803556509580288, 0.011809991126112033, 0.2424153723925345, 0.047153661976898756, 0.012131090072544606, 0.010013929116884984, 0.012028824645059343, 0.01751283937467222, 0.027556736530599285, 0.03605059868678208, 0.17953539158182272, 0.0040445564355619835, 0.012175084745336637]
            , [0.05496214371639299, 0.0011205944904733181, 0.10247675578021703, 0.11501036607480859, 0.0071893988023899215, 0.04691904153360328, 0.040157994751982694, 0.010904580188992452, 0.1379642137822602, 0.020108021536862267, 0.00741658033451591, 0.10526800563556307, 0.014277818195109046, 0.08616290598562004, 0.08470680732216616, 0.07880810234944363, 0.05357067009027475, 0.015845254195586148, 0.0028987395448826464, 0.014232005688855924]
            , [0.04905617494556899, 0.0015725145971639423, 0.3090509985149094, 0.3531521342698403, 0.0027427623775235495, 0.022136381450315212, 0.008734757007320786, 0.005748353376205274, 0.028134879691027268, 0.00967801259343053, 0.0037434432257716487, 0.044539079257231294, 0.022571655408443858, 0.04490111338096344, 0.010160480717864016, 0.04071714632538306, 0.027356213270553785, 0.011806445820805464, 0.0008289178682946481, 0.003368535901382999]
            , [0.05561059120681337, 0.0036350732822465425, 0.10311073075497913, 0.05304342805564697, 0.004451159070448651, 0.45501768668301784, 0.014165010522735779, 0.0060941931836645214, 0.0341195398002817, 0.010359452531315302, 0.005126110548282228, 0.09547321561618895, 0.009433473076946808, 0.02650759869362788, 0.02197411147617461, 0.06253736802011561, 0.02252841208434739, 0.010408808765796269, 0.0015052628587473328, 0.0048987737686231325]
            , [0.03911993741526785, 0.0030090865997637697, 0.15837608391056385, 0.5124916120785254, 0.004335721232214293, 0.014198849296107053, 0.012002826163424813, 0.008369671748169182, 0.029027898374491167, 0.014792240930042234, 0.007447541080030504, 0.02107540758997047, 0.0048204792618234404, 0.08137072362086517, 0.01694178596722238, 0.02791876414032721, 0.020986329439272127, 0.016589364999308475, 0.0015923144030711145, 0.005533361749539429]
            , [0.01682165021312721, 0.0056338439844492525, 0.0006728740664764104, 0.001192459372901261, 0.03915054847503908, 0.0014934984023151202, 0.0013225551743345789, 0.29925635863284894, 0.0012370957891301906, 0.35720623206715346, 0.05969009817375113, 0.001332989566981072, 0.0008317636960084174, 0.0020308877526607726, 0.0015753653477720206, 0.0036805818129292647, 0.011428504533456863, 0.18702316364650673, 0.002646940841596186, 0.005772588450561882]
            , [0.017162215602075606, 0.00233690867918668, 0.625961147090952, 0.0832551072156545, 0.0024302375908698964, 0.01926352869487068, 0.013803024657106703, 0.0038129239354486523, 0.012336575862030177, 0.005416336412876832, 0.002552679134874485, 0.12833445433247143, 0.003425012472647431, 0.013298956458641131, 0.008092999006910646, 0.0332931546464252, 0.01446265558968026, 0.006158116785177104, 0.0007010589246209798, 0.0039029069074793476]
            , [0.021729427527545305, 0.007719220730220357, 0.003968488067510403, 0.006546744959759444, 0.17588441543638267, 0.005518035845670491, 0.012669647812296942, 0.09508429958690884, 0.007835316597224843, 0.374108378078649, 0.08804374044679432, 0.007018220433715593, 0.004636927125558625, 0.011059542608096705, 0.009751740290235098, 0.01360796194584193, 0.01737000266116496, 0.0641811985239102, 0.015507228062332163, 0.05775946326018212]
            , [0.05211077487938578, 0.004784872084490906, 0.022422207062671277, 0.0207674863373241, 0.18046635247330556, 0.03245383322277961, 0.027153498115769226, 0.03164212221228027, 0.021429520913378634, 0.07024359083960964, 0.020034563685483023, 0.02648458867860103, 0.016087903766979283, 0.02209426133842258, 0.024582216174328545, 0.037783406000629016, 0.035826502019194545, 0.04423425159067155, 0.10982062633769978, 0.1995774222669955]
            , [0.06933553272777113, 0.013611100792876703, 0.005183825210697395, 0.005692143933060669, 0.00494954619369928, 0.015286383052749517, 0.004683325855164292, 0.010841160937808068, 0.006611112920735639, 0.011081410460804261, 0.007924278552576066, 0.019734037629463984, 0.00547755518429827, 0.006550593751155278, 0.006727229465430802, 0.3532824511904432, 0.4284558682676024, 0.019515588852268517, 0.0011860500012758214, 0.0038708050201187337]
            , [0.06856939396272432, 0.020790253900708926, 0.0028475229384426026, 0.005400381407454152, 0.019963558729700893, 0.007176927959613079, 0.0046554077146471, 0.23129369994030197, 0.006179570359450426, 0.15228003285359137, 0.05935101558024023, 0.009192680669043258, 0.002931344893052099, 0.009020303451211117, 0.005914297275144669, 0.03210443531432245, 0.07105691384323454, 0.28236514036077104, 0.0013653967535142723, 0.007541722092831487]
            , [0.04597319637328361, 0.016000059967388448, 0.005997245822799391, 0.00997728212852459, 0.0753367792721575, 0.00793840713869711, 0.011378662849273209, 0.21720920192986667, 0.010990471543974135, 0.20592961182858244, 0.04652840352645087, 0.010338645883758083, 0.00640993255492419, 0.010489033534173136, 0.010730506385134307, 0.02390682554509859, 0.039657664920085496, 0.20386345053108088, 0.0029230873835222656, 0.03842153088122494]
            , [0.012842273711154225, 0.006487744701625361, 0.0009383337577164758, 0.0016449473962647293, 0.033953721707414605, 0.001668391439483839, 0.0015482912841826401, 0.17891760642716414, 0.0019006875209207261, 0.5245334213232813, 0.10545233142569305, 0.0021285431178043003, 0.0008356166923676333, 0.004059624059990672, 0.0018656203539285923, 0.005254652271358602, 0.011384914955161342, 0.10047942695524854, 0.00043319316338453454, 0.0036706577358548934]
            , [0.11031024130829614, 0.0005981354949584879, 0.08522679181453494, 0.17139495144594522, 0.0027884941047408274, 0.026056130333715274, 0.014205712345389155, 0.010927163786457222, 0.15011509011012045, 0.019402510284122168, 0.007652118037786407, 0.05064325739604442, 0.0179808105764189, 0.10710199703324898, 0.0684790605423387, 0.06831109724800234, 0.06127464315325094, 0.02296833299803519, 0.000610839331560463, 0.003952622655033721]
            , [0.13052787438159147, 0.0017373516793168452, 0.09494563957466612, 0.13472148208837526, 0.003403779232731387, 0.029205754147781114, 0.011495801487309873, 0.0070201281940209005, 0.07022392239512895, 0.01525107793211422, 0.00426995734305236, 0.030409825443578932, 0.2463813412746424, 0.045803786397224405, 0.03042031550210107, 0.07843703971403215, 0.043454333410857846, 0.01771541789823939, 0.000987694234071869, 0.0035874776691632282]
            , [0.0481463596072601, 0.0016492079419884178, 0.010851627643164285, 0.014082398889349776, 0.0857909823809875, 0.018405026685957497, 0.009488438088204468, 0.16026360174882115, 0.014924578827112756, 0.25761968764338755, 0.05186103857161829, 0.013887819754697786, 0.011096188359146265, 0.014970543512515803, 0.01762327227326699, 0.0220131888021898, 0.034901390768786775, 0.15321903155023192, 0.012941543429035049, 0.04626407352227781]
            , [0.10196897576347044, 0.0157638689844388, 0.009483596338964843, 0.015729163243167945, 0.014318387825774557, 0.01664996493370795, 0.012123004576619372, 0.11000903708894154, 0.019452851562879982, 0.07741623238357608, 0.0488718651659615, 0.03649724788843581, 0.007114579035947098, 0.02430364280820536, 0.017320118868293086, 0.11354405638669757, 0.2056978233679489, 0.14159827812102244, 0.002055559539363262, 0.010081746116583277]
            , [0.1512786661107322, 0.0021226784543382847, 0.0816983292306389, 0.1623525371283593, 0.0030239587437499724, 0.03894131384551453, 0.025132995504133948, 0.0074378382805113455, 0.09913717517208692, 0.021817092264021926, 0.004217980240654426, 0.03517882785348818, 0.008138740143709144, 0.10546109377114211, 0.11538486384913994, 0.06381889129196784, 0.05003413214526514, 0.01837482610315102, 0.0029525254618650927, 0.0034955344055299237]
            , [0.0852833751638257, 0.009286327154712339, 0.013994717917113013, 0.0201445486135323, 0.012496355202228965, 0.018218063217368036, 0.02663164035127126, 0.01856762390553014, 0.02502349169710124, 0.04945499417273686, 0.011452665537385057, 0.02268519332064399, 0.40433328066616864, 0.03909109810062335, 0.03240047673666952, 0.10818160592811922, 0.0578883573787822, 0.030011136492959136, 0.0031910044754230086, 0.011664043967805954]
            , [0.042093957966914834, 0.01369015718120031, 0.01975154682317807, 0.023914724346276037, 0.15722139203655516, 0.01865059759196849, 0.10928954377746371, 0.01959962922049813, 0.025629980162420705, 0.049773820987758025, 0.014945642743590356, 0.03299908085028802, 0.00976463615264743, 0.030587128847487294, 0.03284257937127523, 0.03967780418206022, 0.02816567933038212, 0.026057014112701504, 0.04125660723768498, 0.2640884770776496]
            , [0.18072551355111366, 0.004544188909483299, 0.13495191317409744, 0.15521790963401724, 0.0058803354899283344, 0.07730154192014178, 0.023100414793353792, 0.008728038200119088, 0.0292776863978045, 0.02543235456398546, 0.006897603459998613, 0.026542102047457286, 0.034401567013672175, 0.06078161523601998, 0.068097448918154, 0.07230568294689603, 0.0522137788128617, 0.02603273250366074, 0.003037473677194356, 0.004530098750040397]
            , [0.06431058449374666, 0.001468598684266317, 0.013777020591218835, 0.020635252665649112, 0.01945892791039224, 0.014338328097363892, 0.006769536131866201, 0.21596160912616258, 0.02170541655956367, 0.14298724266962398, 0.0424330607045458, 0.017255164682475895, 0.012788066530537098, 0.018619416874969676, 0.016165043497543344, 0.03356689842078094, 0.07260833573090807, 0.25279328787566996, 0.0024772814486991317, 0.009880927304016712]
            , [0.08682049933043368, 0.011932495069982452, 0.07643574906065739, 0.04171055742050066, 0.004699015714881778, 0.09166347719965606, 0.02462098119197217, 0.008032383294900448, 0.03542574734151791, 0.012223412664415297, 0.006187824405058438, 0.15483226879448508, 0.008053165260816274, 0.03352766159253432, 0.028396098683285954, 0.2572037656444843, 0.09705280158485585, 0.013920963034157243, 0.0012098645268057153, 0.006051268184598826]
            , [0.0222006399481341, 0.006081253368843202, 0.009756130899596033, 0.030387866067897944, 0.003037830084283394, 0.017890575786976524, 0.02191159284288791, 0.009540464117253043, 0.32212262918851137, 0.017359138180069338, 0.011567313000294868, 0.03338939124152277, 0.004715911413944916, 0.06749188218903189, 0.3377661577098248, 0.0365167266195926, 0.027515479165876346, 0.010683950294943734, 0.006389761633190697, 0.0036753062473244102]
            , [0.09010754384702861, 0.005013492779910097, 0.026743476596404657, 0.057987148453950726, 0.007575987914158676, 0.025893420828477974, 0.023598589566406664, 0.01574435926377176, 0.15002515160807806, 0.031001997331609993, 0.010618480655654136, 0.02950804549911413, 0.1537253773263695, 0.07161928408184488, 0.131711468581841, 0.07540550975279292, 0.05504255098921655, 0.028224051545123273, 0.002564971283598803, 0.007889092094647492]
            , [0.03656649249753259, 0.001350810295526429, 0.015974436678345937, 0.045282464513892826, 0.006545622346379045, 0.014103134355127563, 0.03358466902396307, 0.015273984604055256, 0.2748349234313839, 0.029049969339145786, 0.012703732959678735, 0.034449869915889164, 0.007447689637517693, 0.09221166882624307, 0.27277481831581246, 0.036146362315707094, 0.036933983565435535, 0.02051102755093364, 0.0031102675821767607, 0.011144072245253192]
            , [0.08563352826193528, 0.0025813925569720866, 0.08453066501577432, 0.14404032479283255, 0.00803317454708665, 0.03143593565078516, 0.036458646721637365, 0.012783881928050871, 0.12312203496579284, 0.03077612097167037, 0.010405567787610873, 0.07430619714009315, 0.0018010757225707767, 0.10296946662649714, 0.09015794018670927, 0.07447288755087843, 0.05170882804158616, 0.02002340465822609, 0.0010876106205199162, 0.013671316252770948]
            , [0.05545250992213939, 0.0009483881378078576, 0.27692582058559695, 0.1083757878278789, 0.003403644366291441, 0.07363885420725348, 0.016823333262449277, 0.0043423892387091665, 0.04844138612013241, 0.007668083510185881, 0.003355554792408527, 0.17656957478972013, 0.013283349975988656, 0.03448637111990482, 0.017974412205537707, 0.09537838429726324, 0.046572120652813444, 0.00857480626201474, 0.001079997900597591, 0.006705230825306275]
            , [0.1951241566607802, 0.05335591093882108, 0.00580750579404111, 0.009438555054852794, 0.00781755928929033, 0.013179939921765946, 0.0061133871971631075, 0.10394391116572632, 0.009038937257386387, 0.047269711576778124, 0.01640584271605876, 0.01018237437114085, 0.007912634478090383, 0.009835640963603698, 0.009311877857656733, 0.06170160587041715, 0.11872949492097468, 0.30783656431833606, 0.00161550841423712, 0.0053788812328791685]
            , [0.049717483476110255, 0.0074889104815221725, 0.010623493518282356, 0.02820910627765606, 0.01355796490675942, 0.014568589187170657, 0.020077427302818984, 0.04905849071150936, 0.1906118072372545, 0.1182663834351972, 0.0566390343787487, 0.022010012775112626, 0.007826038752254223, 0.07392964472115565, 0.1937885434812038, 0.036807379838433234, 0.04303903188338297, 0.049139066043967276, 0.003935700695141812, 0.010705890896318985]
            , [0.011752673669469927, 0.001089231874361708, 0.001709201268754877, 0.0027998294691940935, 0.03121769265607131, 0.0020772204303327636, 0.0022207377330808902, 0.166016090064613, 0.003333386300637133, 0.5471445904809468, 0.11136879370262398, 0.0025125289472240457, 0.0019902354422536963, 0.0053671824187104195, 0.00445383139619562, 0.005505912304294256, 0.010083393947879257, 0.08576799249614818, 0.0006270724877186022, 0.0029624029094895998]
            , [0.10001231857847727, 0.0006531996437104553, 0.2283432428806195, 0.30411842750647533, 0.0011895203947088551, 0.03247901692677861, 0.009321696693843771, 0.0030905479674467047, 0.058135783740987226, 0.006424762315942667, 0.0025658590863240406, 0.046086633179801766, 0.016751505387877907, 0.06930129440996918, 0.020769632559958638, 0.05417144488113775, 0.03484879914975137, 0.010044641120786348, 0.00039719997697065183, 0.001294473598432195]
            , [0.01141017606077557, 0.001963369816003158, 0.0035880214954596844, 0.004447068062151428, 0.3072956944678822, 0.00408178737193985, 0.03882541665573819, 0.0076886568621078516, 0.0045325519714178855, 0.02547147124952549, 0.006597004326922241, 0.006913216947702798, 0.0025390828575202625, 0.006155074227085627, 0.006259738984966461, 0.00920427732720417, 0.00812603181913658, 0.009239397819392616, 0.045291808176249164, 0.49037015350081886]
            , [0.011550277870952554, 0.000676784021911108, 0.000848740813532395, 0.0014069941892886698, 0.014392478884304014, 0.0012107030028964934, 0.0009772959288492592, 0.46089184257052507, 0.0013883360867817211, 0.15358635222342806, 0.03028237651758834, 0.001392060249315165, 0.0008718681469370793, 0.001722222456688389, 0.0015531361602453399, 0.00317777182226895, 0.009577327692470324, 0.30233233696631073, 0.0003839782242683692, 0.0017771161714379227]
            , [0.046449926691517485, 0.0024229431609335437, 0.028520508612589736, 0.06565121854223703, 0.002195598558612659, 0.020740188848602886, 0.029077039189680742, 0.005643783897721796, 0.29576699599861084, 0.01266039980550169, 0.006344063629875724, 0.059545913453413445, 0.004331284736332751, 0.09620329626361444, 0.22019474865059152, 0.05355676969893766, 0.03781841199536696, 0.008888879240908492, 0.0006462167988837079, 0.0033418122260669932]
            , [0.031169095193861764, 0.0015883070587894297, 0.33451842158411416, 0.4269433326321043, 0.0016795101921328003, 0.022682759637621643, 0.007934403726064406, 0.00363888183158752, 0.0220055294856597, 0.005965312728437413, 0.0033158362124611753, 0.03574911685289013, 0.0021488895625908556, 0.04067954856221282, 0.007173253937382276, 0.026965952450458585, 0.014450372849220103, 0.008804398312288419, 0.00040187633756373875, 0.0021852008525587636]
            , [0.09664088882819291, 0.0007268320255795087, 0.04800039363896287, 0.05947448112089369, 0.019793934736238694, 0.04484491455139154, 0.0175417291781086, 0.04314656019615676, 0.06433430428372772, 0.06682261432340703, 0.01764323806778144, 0.06470703519857678, 0.01469017882719944, 0.0702347340513545, 0.0616389657637073, 0.10929887973384811, 0.10453589602653227, 0.06654497205721988, 0.0038431866613291444, 0.02553626072979194]
            , [0.40275144088606707, 0.06865161392705024, 0.0025248162082187188, 0.003913943949943486, 0.005293477556485134, 0.03399209276418149, 0.0029734113880520567, 0.032545205570189764, 0.003597148859412411, 0.023577234372296127, 0.011160486042963226, 0.006701598385147813, 0.003541012922373458, 0.004587951014056791, 0.0038822829677521353, 0.1475145776381605, 0.1211391582369831, 0.11746500526175373, 0.000902718698333403, 0.0032848233505791825]
            , [0.3357866134166168, 0.009871588695698074, 0.002406896782283272, 0.00303732237972244, 0.004122474613586309, 0.4800687314607909, 0.0021674655682801954, 0.005778155639893722, 0.0024836302605747264, 0.007547682254441828, 0.00473517903560589, 0.005263679963537672, 0.003267666237155701, 0.003237652690058956, 0.003222633864196708, 0.09340752130117073, 0.016579330313408858, 0.013714180171085331, 0.0009765096717252621, 0.0023250856801667105]
            , [0.04183867984241018, 0.001602409318573561, 0.0016926649115959406, 0.002768283697269918, 0.012336859570258709, 0.003693513301441865, 0.00180770789727386, 0.31916359767318, 0.0026729317119349024, 0.1051814941273432, 0.030662156439732947, 0.003130055460890214, 0.004795883118305912, 0.002643785900115148, 0.003386071311837955, 0.00853506810911666, 0.026127630657521477, 0.42580583663989463, 0.0005998493034934898, 0.0015555210078093346]
            , [0.08739232491336991, 0.0025744081883991186, 0.0433079027766071, 0.11512288772284393, 0.010379877674130112, 0.01840323698448007, 0.01521022902599393, 0.059519639260881614, 0.09433691775947331, 0.11160902838734928, 0.04759549959984524, 0.03267331835303834, 0.006223596205517646, 0.09398635713706698, 0.0692726108863594, 0.04921780415425364, 0.06246433466726625, 0.0693707946655823, 0.0015627468429512419, 0.009776484794590699]
            , [0.10978107250774513, 0.0018887392690537363, 0.027438018071816422, 0.019348743473601653, 0.00523502441730796, 0.5910217174648614, 0.007785575744858935, 0.0071545253117633245, 0.01723521616481642, 0.010695682081862081, 0.0050478390000956936, 0.029610798070259837, 0.013599192897568934, 0.014877982661498094, 0.018301117804835166, 0.07235788635004285, 0.025425544098696243, 0.014449187496480716, 0.0031802967442360933, 0.00556584036859953]
            , [0.034514417839502556, 0.012375132249298548, 0.022943008035479048, 0.038703525555087666, 0.010095855124071617, 0.022771270644163306, 0.11597083471004505, 0.010582485464906446, 0.15713592297815843, 0.026559486671932205, 0.009790110416297345, 0.08601781273704148, 0.007006062277483255, 0.10083528104939388, 0.21320370149288578, 0.0574518734561797, 0.03304422797238299, 0.014189644299133181, 0.002726082760742807, 0.02408326426581469]
            , [0.040743578332876916, 0.005384582864864937, 0.024130989192962218, 0.01142559608177864, 0.004094188328365991, 0.01864812683546653, 0.007153369885348901, 0.007816268181938289, 0.014262956428619699, 0.009955072793763543, 0.005466276645318764, 0.05939503309392198, 0.007810853871405659, 0.010158846808846855, 0.011661047601062268, 0.3638352061804934, 0.3806802770010592, 0.01225443328889485, 0.001235747381563721, 0.0038875492014477475]
            , [0.02577107674475631, 0.0013444225826737578, 0.002619133669277299, 0.0020556893811412087, 0.0010464650166516463, 0.9299381918714167, 0.0012550841768489856, 0.0012619662445623177, 0.0016982559722846509, 0.0021774700704466753, 0.0010183079778757272, 0.00341020287551374, 0.0011827339109440724, 0.0016165143692976442, 0.0024278606032785786, 0.014321127019684616, 0.0032769096090920647, 0.0023858033890521903, 0.0004070293569539078, 0.0007857551582478678]
            , [0.2671885626703433, 0.01938576859789958, 0.009674219145531638, 0.012455565536516885, 0.007322464229050486, 0.052039633813917206, 0.009127245441133955, 0.01546978095932345, 0.011272351374143784, 0.02072680828803639, 0.01011093889860877, 0.023340464845811457, 0.11310113685158847, 0.015047926238484543, 0.011935503098657336, 0.24005967772217734, 0.11214729328685906, 0.0419016223010934, 0.0018814530266735975, 0.00581158367414938]
            , [0.020566993725348225, 0.011432244985912353, 0.001274361845744185, 0.0020433346178283505, 0.1815007338335227, 0.003377567831758747, 0.0035179827842358384, 0.1300015915904615, 0.002324540336242761, 0.39865780368033765, 0.07970962150389661, 0.0029396302753089704, 0.0019265303388520203, 0.003793539288609541, 0.002942533830481254, 0.00966769961632072, 0.014758275809082764, 0.0882003179942387, 0.009422225566341471, 0.03194247054547565]
            , [0.04932740023948665, 0.00557584431083575, 0.01512394214883769, 0.061188619655207145, 0.003862802648034003, 0.010924918786304269, 0.023138249792577475, 0.019980125470939206, 0.270654804987517, 0.03716082082301725, 0.01830862144715483, 0.03135804590576036, 0.002676930532083226, 0.11058919552564371, 0.22137006245402224, 0.04223400768226574, 0.044804762164350934, 0.026578369631668142, 0.0007945849820305639, 0.0043478908122638465]
            , [0.21189966478439515, 0.1357198347060925, 0.008286053232360766, 0.008857345521658488, 0.010583459118480841, 0.03668920399690132, 0.008776024181882587, 0.015206412942296445, 0.009682638992530752, 0.02125343162432927, 0.010226275871831138, 0.024138444627450486, 0.008096113513987938, 0.010881926440515865, 0.010823127569670963, 0.31433129189012504, 0.10543045159457991, 0.03770500992744562, 0.0026024801315985497, 0.00881080933186618]
            , [0.011206780172813758, 0.006630945490771671, 0.0017157439796566326, 0.00269595005661306, 0.09312805840657919, 0.002631961904419745, 0.004564161775127911, 0.10250933986724053, 0.003639131792134486, 0.5640069086826605, 0.10102124030157608, 0.0033816047212550143, 0.002368305379477077, 0.0056684124246661385, 0.003980070517620994, 0.0075886678672452, 0.010153415100412925, 0.05481366150751071, 0.0008237530485668515, 0.01747188700365155]
            , [0.03330459602172671, 0.0006046011090180082, 0.003037712948010516, 0.00468517240786246, 0.029744771171892514, 0.004582557795755157, 0.002609541440749594, 0.3074501570676605, 0.0058055818123974165, 0.2000194518289297, 0.04889466741759158, 0.004898161546003115, 0.0039186516141621625, 0.005686514724019869, 0.004798538708442609, 0.010424432215074055, 0.03042130951367498, 0.2888196833038734, 0.0018254494938357668, 0.00846844785931977]
            , [0.10765743582812275, 0.002694698467347409, 0.09037856663820196, 0.22209751290746865, 0.002212439338760089, 0.021480304477835683, 0.01461313149374872, 0.01287948378362054, 0.1218181509626636, 0.024682139865403654, 0.010955716607776382, 0.046488891556385886, 0.002133105206640929, 0.11088405937487922, 0.06661851994513679, 0.06216977590825782, 0.052805111947650765, 0.02440734557269318, 0.00048733687920320806, 0.002536273238202757]
            , [0.12698104876673613, 0.0025462159666113367, 0.030284117816400752, 0.05363579062118393, 0.010534119959809544, 0.02071908982720979, 0.012402313578632652, 0.04692132970400089, 0.045427383452537336, 0.059730541426973455, 0.01662000376097919, 0.023822426018665802, 0.23906496410078132, 0.04765253782623305, 0.037417877365906, 0.07116565092347747, 0.06661838631253954, 0.07841762363058331, 0.0020374284265029822, 0.008001150514235505]
            , [0.011444349708357223, 0.018145241616226875, 0.003579376798521589, 0.0043282548135208845, 0.2887929282142467, 0.004113362498162707, 0.057286823537854366, 0.010573071764139819, 0.00531101475013522, 0.033502645382217, 0.005807859156248481, 0.012039854683284399, 0.0024719358394929957, 0.007901201735127218, 0.008626487742316601, 0.01697061354002242, 0.008601549286944177, 0.01345632459490572, 0.018397751633992, 0.4686493527042837]
            , [0.04386024004294562, 0.005984519367686883, 0.006399229772796856, 0.02192172474655703, 0.01995389978576696, 0.007019726774808453, 0.010768676478840092, 0.1880571366832865, 0.03823266834401878, 0.23810382380010348, 0.08399791618960935, 0.012454451325439476, 0.003638484921030267, 0.03391016154626372, 0.03513235224523091, 0.025494517012331967, 0.05239758598586522, 0.16006743241708668, 0.001438304579584407, 0.011167147980747253]
            , [0.01628680872805491, 0.01188280983946815, 0.0018748360884152505, 0.0025389962872552677, 0.4475658953201319, 0.004168205263965987, 0.009187126177203641, 0.053708510363079776, 0.003290438553954791, 0.16098559358504722, 0.03305171629211376, 0.0045472788543687555, 0.0026168073126168006, 0.0041119488317479655, 0.004101384980354583, 0.012185024217771005, 0.011109600209195509, 0.04471981210515642, 0.016128805640121178, 0.1559384013499772]
            , [0.18081134424823683, 0.004662305327948669, 0.07087516805373198, 0.05072624372691299, 0.005022430926987571, 0.10968629711441501, 0.008785900064772343, 0.00819089597304691, 0.02713435270682533, 0.014680411595657852, 0.006043316134767785, 0.06330113711484556, 0.050458794922359614, 0.029781935995427132, 0.015307838047421423, 0.22859350956010782, 0.09819923336039577, 0.020831181507432798, 0.0018426358801134392, 0.005065067738593163]
            , [0.036235711071119156, 0.004561308655598514, 0.0004655767461641905, 0.0006561621301753173, 0.0279101165477405, 0.004599635451705023, 0.0005710679238888211, 0.34490667208878995, 0.0006443534845094906, 0.19002286380420924, 0.04373542430323086, 0.0012935285912549414, 0.001611642719578401, 0.0011555325471649385, 0.0007791614737824101, 0.007316361862864387, 0.023261941103693888, 0.3076187828062316, 0.0007873927306933753, 0.0018667639576048405]
            , [0.018208640649921493, 0.011223795626889946, 0.004666533021654004, 0.01009197859231369, 0.006365135375212355, 0.01040720789908606, 0.025434357307086975, 0.010650335229802138, 0.1961686312472549, 0.020798253799291087, 0.008944944792009623, 0.015786562078062373, 0.004846672162244423, 0.037309051942394846, 0.551567154758051, 0.023980822148881798, 0.0186216410539022, 0.013070017458157411, 0.0035409804194403384, 0.00831728443834343]
            , [0.024705675928222808, 0.009592973022562097, 0.007224566423150432, 0.009518984977185679, 0.3456177989360946, 0.00856618611856717, 0.021621025459638704, 0.05492917473593826, 0.011289876879727252, 0.17882994566539664, 0.03342947598211443, 0.01298299965423719, 0.006548426896558309, 0.013649715441715591, 0.012075128262049657, 0.024919801171063627, 0.020563208124063096, 0.04776821032253651, 0.0041619812118467965, 0.1520048447873311]
            , [0.016608406339566766, 0.00197372920675089, 0.0017603993392036079, 0.003342980019649795, 0.003622177380493285, 0.0018415864039284151, 0.001679939589839755, 0.41276555495224254, 0.003272699785418866, 0.053694393477620665, 0.009284796917224853, 0.0027300909333534437, 0.0011431890739642626, 0.002913979204259773, 0.002644299486321416, 0.004645275669627099, 0.015385586604884777, 0.4582861651294009, 0.00042042479023018605, 0.0019843256960187365]
            , [0.07950524511177277, 0.010518848790612772, 0.018945164352081937, 0.04077088562573481, 0.022247231753328895, 0.02671879842285487, 0.0311534547977074, 0.04119727711783617, 0.031880501244143336, 0.14716803702798856, 0.10713984642855834, 0.03848659656481602, 0.011996147204230144, 0.1555868928442445, 0.033165600066374895, 0.0666044288088387, 0.0620583201042802, 0.05235275125350069, 0.005027239198198844, 0.01747673328289604]
            , [0.015613149687420586, 0.0008577079747533442, 0.0015114597531246433, 0.0028396751600489063, 0.07883750938392965, 0.002360919186411409, 0.0028315161384957527, 0.18630438554732157, 0.003471768990676119, 0.45276241846170495, 0.08624158395304905, 0.0025733265069700665, 0.0020556079699797286, 0.005097750590596605, 0.004090939032958591, 0.005677782277081248, 0.012441676874315407, 0.11212728142559997, 0.006333025176310809, 0.015970515909251515]
            , [0.11082207333217918, 0.0014279730177602535, 0.054751209827790435, 0.05982779678039173, 0.005452524843667176, 0.03987355419450447, 0.008672741973749544, 0.013830014390406927, 0.0721007534415082, 0.0165731661911801, 0.009190960896636584, 0.08463931444207673, 0.011603332665631141, 0.04536921664250983, 0.02833292850550383, 0.20992409556724073, 0.19110556351026206, 0.029186897910442634, 0.001650135064707606, 0.005665746801850609]
            , [0.23574481908293088, 0.06376819662795513, 0.00581765367185182, 0.007691277259253676, 0.038458677856844155, 0.047518753299096494, 0.007886381435899315, 0.05995125635094942, 0.008129392456526854, 0.08968323200228143, 0.040518137196192294, 0.01449300866273607, 0.007294455729151779, 0.010560397052962408, 0.009209201307386004, 0.12740131716382905, 0.09898031217992903, 0.10718656144070528, 0.004579946459862218, 0.01512702276365683]
            , [0.37722186323900764, 0.0017831934064168695, 0.014809430223286138, 0.01793797432027645, 0.007336145164253215, 0.05673144124427657, 0.006052169273072709, 0.016520996097905295, 0.015417387884447464, 0.0182217339557097, 0.008087833717120739, 0.02041361928474673, 0.017304995447152104, 0.01374280438876311, 0.012413591268355216, 0.21725168416476207, 0.11756702948018048, 0.052728266568969076, 0.002205641838842456, 0.006252199032456079]
            , [0.09273884301367362, 0.0009753252646450741, 0.14614214029567735, 0.21512114394840323, 0.0014741253341663738, 0.031237982505112293, 0.019970034896360855, 0.0033637205916026446, 0.11698497985230717, 0.007835142304709837, 0.002694440735589573, 0.07707340237614238, 0.0022788587890417915, 0.09717920225836565, 0.06209771658059833, 0.07162116935120887, 0.04048063048985955, 0.00747220199963806, 0.00041010055321647745, 0.002848838859680692]
            , [0.16214289161689466, 0.03812581182055019, 0.0016678288235330069, 0.002614353144149577, 0.010062756149531196, 0.011550373813634504, 0.001974244568119461, 0.16800586140951831, 0.0026672658864987046, 0.08115595076798159, 0.028956787981995833, 0.004167924525491566, 0.0024016032440341397, 0.003162825089643558, 0.0027188723929734704, 0.035086987185689825, 0.07246584328178593, 0.3672580354392368, 0.0006782970535925731, 0.003135485805145017]
            , [0.053005476488365934, 0.0066453074727019735, 0.022903341447201242, 0.05986200540720502, 0.053327856268176155, 0.015067182038033708, 0.07834565977277082, 0.045690939944964315, 0.09407016811758095, 0.09426375291595263, 0.02775464888751901, 0.036248169731506553, 0.006140971121758748, 0.07376228772212547, 0.10076054099024502, 0.044085345565147205, 0.049124452744746784, 0.054429447117333704, 0.0035568275778990782, 0.0809556186687657]
            , [0.11899987813181126, 0.00667148768441488, 0.020127885164321128, 0.031058846389114665, 0.007020439405124426, 0.11791017760480228, 0.02045953694645799, 0.011198684920539402, 0.1445407321815053, 0.02059533305804115, 0.01074227380913389, 0.0543622227036857, 0.008973102411292606, 0.054761267963003936, 0.14798852486754896, 0.1380408724139438, 0.057186377334745374, 0.01972178135972008, 0.0025542702569879847, 0.00708630539380534]
            , [0.11421669153542625, 0.012061457498179743, 0.008912543536374561, 0.014389678838953071, 0.01873010928440976, 0.018703351227607468, 0.009758758420675542, 0.11081718732392538, 0.014277539891119895, 0.10167858533811013, 0.027448698249303242, 0.014687387350796728, 0.1935502847289075, 0.01626688527548718, 0.015439794848412423, 0.0523650197015072, 0.07003876222138276, 0.17263147198785425, 0.0033518901342822548, 0.010673902607284454]
            , [0.17547144644938795, 0.001962324307041771, 0.08833096729927174, 0.1518048544565117, 0.015307867321069429, 0.058596800107500506, 0.006402857861780716, 0.03078055906402084, 0.12175834990954165, 0.03692143134478819, 0.008285823720764135, 0.039813681266293734, 0.01849389637589195, 0.04258698294436556, 0.019181749352397404, 0.06494630512178705, 0.05872733020890862, 0.04467538062412638, 0.0050415408382137854, 0.010909851426336943]
            , [0.1839199271603241, 0.010303607812102685, 0.019341923771615203, 0.03296094974180532, 0.005309258964403833, 0.053498195206464094, 0.014385417179295252, 0.020191302988071848, 0.033002588484267834, 0.028207130354541296, 0.02021722131617608, 0.06629566152215115, 0.006137316789234222, 0.05158514366102233, 0.024647520378996833, 0.2381046343846368, 0.1457886000177647, 0.04053041039761521, 0.0009388882030078046, 0.004634301666503323]
            , [0.024110200939737182, 0.005382142739707731, 0.22279166830553554, 0.02389369515295291, 0.005242706127414536, 0.027200381128439213, 0.023608110986710302, 0.008355793797427541, 0.021954727017148113, 0.010165994303123099, 0.004884061521995498, 0.4299016647149239, 0.0051106294425504704, 0.014591403304994735, 0.012832044247992282, 0.10197153760504604, 0.038756590377934996, 0.010254848582307428, 0.0015330275287741434, 0.007458772175284565]
            , [0.04229142127344745, 0.0072563951965150895, 0.02926076779652828, 0.11577012080671699, 0.009332874244981394, 0.019871100288419735, 0.07798642009745999, 0.015035020244571855, 0.06645184460856915, 0.045433273578497656, 0.01881826407176648, 0.034227122460873734, 0.012305908097117539, 0.3323410243373406, 0.05923788455956818, 0.041996565812984006, 0.03329870707188852, 0.022828570992022006, 0.0035918717281296533, 0.012664842732601461]
            , [0.036060520880318636, 0.005416150427926376, 0.15679350127356012, 0.061380317900774875, 0.014474006229066926, 0.03410084711037633, 0.12326204396268418, 0.011024505269817861, 0.04694605064713518, 0.01953630427660761, 0.007962088575365745, 0.2283678968112739, 0.007771892516020749, 0.04682913264645038, 0.0345242840737009, 0.07342343292846702, 0.03486006281231546, 0.01549669448524828, 0.002788087841397926, 0.03898217933149126]
            , [0.03994488402542886, 0.006563171096615347, 0.0003338922141189602, 0.0005096581996339667, 0.0905572071326905, 0.007126096844848328, 0.000606647306894475, 0.21528346744217253, 0.0005593519657804114, 0.3695120412165978, 0.06449994089603803, 0.0009677970363312115, 0.0015406118627403955, 0.0012137619639476216, 0.0005938412492441774, 0.008828312915384062, 0.019877301642891573, 0.1600525456445916, 0.004313789321824269, 0.007115680022226067]
            , [0.278673700289808, 0.00470389331687555, 0.005742327233224294, 0.008556596655990538, 0.00957938497668971, 0.02865517993216821, 0.0038264033819363236, 0.08604115306464286, 0.006563335246941874, 0.052077544011887536, 0.029424520209984664, 0.009810648647966312, 0.010301721867103287, 0.007721200195418306, 0.0072042035763734665, 0.08987395924694015, 0.1393452266045532, 0.21600550531840962, 0.0015376907617910601, 0.004355805461294913]
            , [0.01750370105711515, 0.00259965136761329, 0.0038441237515730265, 0.011810774579138367, 0.002479022834533695, 0.007475901244596346, 0.014114245895143734, 0.006383693010648889, 0.42293744063951205, 0.011957192837816927, 0.006278167534327103, 0.022859522829787, 0.001403779723603874, 0.04323993987725199, 0.36955423874244975, 0.024232417245248994, 0.01952788970437473, 0.007926116934152759, 0.0006848420443259123, 0.003187338146786321]
            , [0.03415937994192129, 0.008197258918606537, 0.004673956302182352, 0.007942437138327391, 0.0274550525984377, 0.008512967251334365, 0.007203099942027127, 0.07946712289031176, 0.010012190433335278, 0.4011996140724005, 0.24502757755286003, 0.010003981718071995, 0.0045731740987173235, 0.02311723197617698, 0.010189299690474092, 0.023214712219569365, 0.03178507893931423, 0.05345713492589795, 0.002339682504118594, 0.007469046885915072]
            , [0.030057530267461115, 0.0029478787440565058, 0.11567971232541416, 0.04987774134417536, 0.002915311753861724, 0.35182400318034607, 0.03153770680506104, 0.0034348472283202073, 0.07338256855222372, 0.0066191825431503705, 0.0033714084597876734, 0.17091660129423125, 0.0030284026960097936, 0.04065988923094814, 0.041509962224261926, 0.049804255664952994, 0.012550683357363044, 0.0051104707223260624, 0.0009137222354002279, 0.0038581213706487165]
            , [0.015080898472155515, 0.001528861372443014, 0.0035235111231048566, 0.004677339015024424, 0.4253690420559854, 0.0045711563057007415, 0.013724910778436098, 0.03296014933377547, 0.005397071781599823, 0.09956430975196412, 0.027249111138262828, 0.007465631603164024, 0.0028676304661556786, 0.006938609083369093, 0.0059107874137454735, 0.011275657198444481, 0.010952235064291195, 0.029331541757128373, 0.03446931453802565, 0.25714223174722384]
            , [0.07418558192592457, 0.0030210018671172688, 0.03545277623346215, 0.13411284664274029, 0.0065588203867745125, 0.012336079253901367, 0.015221967289380267, 0.04853686106059953, 0.1201198108101844, 0.030809566742737392, 0.008351307648657335, 0.03149661589331049, 0.007542221178454125, 0.07821944845850858, 0.05784594877636296, 0.06496702636817317, 0.1566810641602424, 0.10605581485277008, 0.001806689777053979, 0.006678550673644809]
            , [0.062886474416797, 0.009765739408442574, 0.009689624805081799, 0.03994742397697424, 0.007491550146591336, 0.008318410326401066, 0.013366204613423286, 0.14467460248414774, 0.08870855264816727, 0.07917198410406388, 0.025849073796662816, 0.018292254935658288, 0.0045009254704602925, 0.0468826692930761, 0.07879388027658704, 0.043365369051368105, 0.10663799007003474, 0.20289299277415182, 0.0018340133317180697, 0.006930264070192486]
            , [0.05154509029698702, 0.013184579931773544, 0.018490426275427845, 0.037023529164691725, 0.03238277580682851, 0.022149997737873312, 0.0692804640681636, 0.024794116508905662, 0.11570190588879568, 0.06875706520481721, 0.020996323913128476, 0.03773279564312351, 0.009588494960316062, 0.07588981136041088, 0.19093553697775553, 0.05456005127038696, 0.04359920452066665, 0.03198684387017826, 0.033148302060949396, 0.04825268453882012]
            , [0.08403017387487041, 0.040321465852552356, 0.0073848820740248546, 0.009085892332883167, 0.18076774875137652, 0.027481652401543728, 0.013318041063887825, 0.07407447404812009, 0.009354564056381949, 0.15581247252515326, 0.041012308519445394, 0.014199953917975251, 0.00875092141248648, 0.01134257485324289, 0.01230585422666977, 0.05307171086139273, 0.042388928436117766, 0.09102135705791765, 0.035689968100548704, 0.08858505563340925]
            , [0.14031463597023813, 0.006321317937110437, 0.011347213319985333, 0.013717790579781163, 0.07908633566011798, 0.09735143502007675, 0.009346153056101262, 0.0769469829850673, 0.0134064841587352, 0.15174735335424883, 0.03993631704219821, 0.018842211641376037, 0.0217669224033307, 0.017085897085559836, 0.017303986644914896, 0.06349102161028938, 0.07068655879236635, 0.09902518023448878, 0.02370091490768162, 0.028575287596331916]
            , [0.048873571089464454, 0.01099117026375758, 0.007887208681012276, 0.023830420017817888, 0.05046634930707824, 0.009730731629085413, 0.034358841414237305, 0.09170571617701606, 0.05540678847119464, 0.22439852389333892, 0.06752090916469469, 0.01909332792086136, 0.004435165964732822, 0.05129909297545252, 0.07922795175942586, 0.03384625767682416, 0.04285982596050113, 0.08475035027579171, 0.015553717078324456, 0.043764080279388315]
            , [0.07528189704213575, 0.02608032012238571, 0.022641258627918746, 0.015138848021856246, 0.014401517747084466, 0.03546320695788799, 0.04963953139982138, 0.01746167453810206, 0.018480162496904155, 0.024366634088195598, 0.013810205974950026, 0.2654818033138113, 0.008051917109326298, 0.026120088680697116, 0.01940540569952183, 0.2282643040876424, 0.09239096780101037, 0.025348624431381302, 0.0032189865835503743, 0.018952645275816596]
            , [0.10941664705644531, 0.004954925752795765, 0.0039199219441393655, 0.005341647823884329, 0.005097190460596246, 0.0132970825525496, 0.0048266295915108315, 0.011059353125322755, 0.005277931232451675, 0.015436557023781236, 0.005388166933236027, 0.006450932738482986, 0.6879390552412479, 0.007423998101951246, 0.005875502161439904, 0.05194279294805617, 0.02847976669062813, 0.022569691193342515, 0.0013282671812828576, 0.003973940246855111]
            , [0.4663690455022643, 0.019492291309777445, 0.001093921991678769, 0.0013844332362318932, 0.006582336469757767, 0.1295087758865999, 0.0009628575201480644, 0.014167044848969267, 0.001070235452990917, 0.013270471259410036, 0.009961000477890869, 0.0045565222031547555, 0.0040767161393602345, 0.002050160448630785, 0.0012141559563313184, 0.21689734491089024, 0.0667040554598246, 0.03748398931431849, 0.0009554748483690301, 0.002199166763401341]
            , [0.023880042898274854, 0.002494479824102196, 0.00938057938067678, 0.011320813805779784, 0.2704125579396409, 0.010548467054688626, 0.05780396228455618, 0.01918898552725093, 0.013932857660321166, 0.0519241993038318, 0.012293436225480563, 0.020805339033848486, 0.0064310399952450985, 0.01611061108423391, 0.013372922070611505, 0.02381933549583491, 0.0187311162206967, 0.022729308111388662, 0.008064138155373102, 0.3867558079281637]
            , [0.12534040132147276, 0.01545449831979297, 0.0003269767137116013, 0.0004521689687104415, 0.0665745877343661, 0.03439796909660878, 0.0004133343098748727, 0.19041983005235114, 0.00045391184522340004, 0.23818668563572543, 0.03611230141435336, 0.0008457710883447853, 0.0014965755160504907, 0.0007208569360341989, 0.0005123387762645207, 0.02741443292860282, 0.04166943231365506, 0.21533545103515908, 0.0016359821967117073, 0.0022364937969866234]
            , [0.24444248424651174, 0.025600268528352246, 0.0013382374962966823, 0.0020032691494439735, 0.04007543290706258, 0.06588690472507872, 0.001524568878196849, 0.10096965882680631, 0.0016951906539634763, 0.10736811560910202, 0.03788466883619786, 0.003918496193041322, 0.004534230594915299, 0.002746684427008215, 0.0020070788832272975, 0.09141223405217765, 0.09310309180908936, 0.16654867039778068, 0.0027635516156131815, 0.0041771621701343605]
            , [0.027851828894639517, 0.01300151209020605, 0.0169222246025974, 0.017175356813666564, 0.06739252272969838, 0.012852371451655019, 0.29059727355347564, 0.012338128187530979, 0.023970684175591582, 0.03219020197574669, 0.009831235879538765, 0.08679048252516826, 0.006248459048388914, 0.050432885122466145, 0.039439611035994214, 0.04693518320608065, 0.02397984550224781, 0.016393695189390555, 0.004124549951962228, 0.20153194806395486]
            , [0.039929714236718615, 0.009048712080465602, 0.019723392060813565, 0.023580480006555035, 0.017925792605974034, 0.0183071548384822, 0.38925734183724353, 0.018742577621737328, 0.024293638755400738, 0.03772688693769291, 0.016099233978705964, 0.08063672801595248, 0.011392321831645506, 0.11757134937135202, 0.03301098762156261, 0.048132707487523775, 0.034993446672718365, 0.024951668123725484, 0.004225478353010052, 0.030450387562720328]
            , [0.015454311110531268, 0.02346597480234057, 0.006153416885517214, 0.006304607961816764, 0.29923360741636157, 0.007117857278829309, 0.05245855599076418, 0.015444665627659213, 0.006917348617305707, 0.04998345494529942, 0.008720684115772379, 0.014963718611885082, 0.005097103912004854, 0.010398170391606263, 0.00990610321585827, 0.023736654006114407, 0.013108175946191309, 0.018175304074710824, 0.002392559395068679, 0.4109677256943628]
            , [0.05234677927665943, 0.023598247450255818, 0.020282159322299806, 0.02304033972634439, 0.0487748312103354, 0.03908136625738918, 0.02582233005411892, 0.027603545424629117, 0.028626342212710394, 0.06265979329026196, 0.022032121146052394, 0.027432669120305904, 0.018917729736113196, 0.028925883468304926, 0.043363303641732465, 0.061284531444761176, 0.04199230296301325, 0.03821438317245223, 0.32182079989684065, 0.04418054118541944]
            , [0.016300684825535882, 0.00682117925563595, 0.004299440461741989, 0.005955472136921828, 0.09384654712642267, 0.00925895408903764, 0.009421645823546694, 0.012997397200941485, 0.006894355005012995, 0.035687102703617316, 0.010230331179806193, 0.007186277561973358, 0.004100673791738014, 0.007514551490264673, 0.010435770629676986, 0.016023430168473768, 0.01269639491599143, 0.0149300181641483, 0.6429417321810956, 0.07245804128841725]
            , [0.07020312517230433, 0.004427223270031923, 0.0011586299169975272, 0.001767025608655287, 0.170130656563794, 0.021709296954264694, 0.00173765206435601, 0.14354660557866267, 0.0021712054104203495, 0.2685739776815202, 0.04865911772718276, 0.0031480772632054275, 0.003907955719366902, 0.0033200303886225984, 0.0026335431832602268, 0.018845655023284034, 0.032444535794186664, 0.1378780303124685, 0.02728061585492182, 0.0364570405124941]
            , [0.013301063861267174, 0.838031434124216, 0.006454416950184874, 0.007704634878490148, 0.006424536408986776, 0.009518196311967354, 0.006231715431648588, 0.00895117348646028, 0.007645051474683972, 0.012044672942750093, 0.00463953127287347, 0.007229588295662262, 0.005579468246681273, 0.006639621823098809, 0.008955181543923005, 0.019562279323630097, 0.011391583300871647, 0.01074613100286619, 0.0025712432380666735, 0.0063784760816714475]
            ]
# The number of clusters.
n_clusters <- 192
# The base file name of this file (for reproducibility).
fn_distributions = "udm_0192_clr_rb"
