# This script is generated automatically.
# Vector of amino acid stationary distributions.
distributions <- [
              [0.0423715782278291, 0.010749952192357517, 0.021136724598518335, 0.04137688914031838, 0.010412151094612434, 0.0230082464755968, 0.0335117559982218, 0.019644388049024682, 0.21636773383187416, 0.03450954898039923, 0.016460419976312902, 0.04060895796240453, 0.012351997514508606, 0.06971594406031874, 0.2724057644809667, 0.054232418723113684, 0.04024688347273171, 0.02468177224284357, 0.004065931477388388, 0.012140941500658677]
            , [0.05548541543366435, 0.0061176642075771665, 0.13738858946977175, 0.29855694579540415, 0.007346326381140785, 0.029149804169586797, 0.025356102432765617, 0.014036151190857063, 0.06746473047767584, 0.024617009387957713, 0.011345287195249614, 0.04511584568346672, 0.013899861153333037, 0.09215137482098656, 0.0425249303372185, 0.05448840637588016, 0.037882241979872326, 0.025370891790237226, 0.0022304714593161545, 0.00947195025803864]
            , [0.022388911557249386, 0.009444298571875455, 0.0030310548512724805, 0.006056035292138212, 0.04621311528210547, 0.004543368298356757, 0.00688836982410728, 0.14872853539492387, 0.008963152127791004, 0.46798768669632596, 0.08920541568788451, 0.0064104176190486065, 0.005277282170686613, 0.011175001193400083, 0.009893055251428454, 0.015264241369112638, 0.021521285344856037, 0.10322754345549046, 0.0021308704748662305, 0.011650359537080362]
            , [0.05125369184752443, 0.006227232751803006, 0.047695340017628166, 0.09842464359524954, 0.005172048316065631, 0.02630484337515248, 0.028327213386186163, 0.0165785814338237, 0.2106426490415352, 0.02657159404622428, 0.014456830444863481, 0.06263448299888852, 0.0126256190157542, 0.09333412448448031, 0.14556851773963297, 0.07073441719033245, 0.05238716900179466, 0.02149059679113522, 0.001985319912228023, 0.007585084609697621]
            , [0.13180895560672615, 0.01859401425254827, 0.031248181971865213, 0.03677521779642775, 0.015014854172909611, 0.04415130528142658, 0.020522508232213077, 0.030358436516302642, 0.038169353091544365, 0.038723706313684, 0.019258397099252245, 0.05303934826245219, 0.024008324018687136, 0.03311976134032091, 0.035378301869340344, 0.2176225331704447, 0.14798409963469894, 0.04719605634225056, 0.003906085796750689, 0.013120559230154684]
            , [0.04235937262792109, 0.00683369751122415, 0.3573622193671902, 0.1415832272484389, 0.007087376987947159, 0.04196020106390828, 0.023909795341465978, 0.010590049171252156, 0.0356456729383443, 0.01611004178593167, 0.00760564343286045, 0.10602632993814669, 0.012799811150796796, 0.03573409879664412, 0.024693384284854902, 0.06623715179991777, 0.03392798101304544, 0.017377884018657308, 0.0022588998207876856, 0.00989716170066499]
            , [0.3797936629507772, 0.022557345058061652, 0.015613769048730733, 0.02192096614019801, 0.0069723480454459835, 0.0715988407441528, 0.008565860965523498, 0.014564630608207334, 0.015981700516682677, 0.01846971035501454, 0.00932743482797729, 0.02105106208957323, 0.015030328417088448, 0.016449472132281123, 0.015559056219139706, 0.23099271089726164, 0.06920846584691888, 0.03898374485606575, 0.0015503895674758596, 0.005808500713423667]
            , [0.03207869607740787, 0.012097402947107604, 0.0012743868278549135, 0.003206238408452622, 0.017540538041228345, 0.0027002668269887377, 0.0027248375690570713, 0.33650807181716935, 0.003835065663707115, 0.14655854929310239, 0.038929702345522954, 0.003647040855212172, 0.002614823569886405, 0.004677798044616224, 0.0037150829101403734, 0.011712000196802528, 0.02906034024956685, 0.3405529872790799, 0.0003648957828863817, 0.0062012752942101745]
            , [0.029516710784719746, 0.016032750407360068, 0.008169519272739486, 0.010759071440415087, 0.2736975605067717, 0.010969160587522805, 0.04307801218362369, 0.0337673490085467, 0.01345895374941671, 0.07647909463449641, 0.020961711794856713, 0.016723211629857987, 0.007548304066529788, 0.015512291222637047, 0.01762781464766625, 0.030952056077372808, 0.022664339255020267, 0.03586580256477356, 0.027609844625995954, 0.288606441539677]
            , [0.025207059712607276, 0.004571053999248491, 0.0016837954759131868, 0.003469445505338997, 0.03057070692470229, 0.003577353387598812, 0.00270651199187013, 0.2823287196635912, 0.005010399261229747, 0.29795889739827647, 0.07128153273746317, 0.003571291444523209, 0.004102224955725064, 0.004982322617875302, 0.006366949464301862, 0.010200404205177658, 0.023112997825011826, 0.21222446662275588, 0.0027303706365745094, 0.004343496170215007]
            , [0.05844618560671434, 0.014109392796252274, 0.08036183175597639, 0.05252447131221938, 0.013114031363431228, 0.04947862781275009, 0.043682771184553736, 0.019281159311355735, 0.0601270564256013, 0.028038534441048906, 0.013793494234634792, 0.2109616231098973, 0.015084113863773299, 0.04505619467699463, 0.04771178504102846, 0.13376327549911196, 0.06744564933246715, 0.025476194968801612, 0.003554007467798721, 0.017989599795588753]
            , [0.046870547704710025, 0.011927499846673668, 0.004684076865699845, 0.008377785505783436, 0.02422883693337195, 0.007117455322052139, 0.005725427177837056, 0.28129578930153576, 0.008822555560246201, 0.12976973012831902, 0.0395810642365665, 0.00818058971358877, 0.005769443763850908, 0.008011873898408524, 0.00863015711266514, 0.02156890816195417, 0.04363528669422198, 0.3239771471435742, 0.002153785220022281, 0.009672039708918459]
            , [0.009007530517802722, 0.010719669216702029, 0.0017824326589020792, 0.0023976581757216885, 0.426714426011127, 0.002517012997196441, 0.021826067256212296, 0.014816300261093528, 0.002526191069362389, 0.04985489533219384, 0.012078423426018987, 0.004430390216155393, 0.0019267932095754865, 0.00380797523112957, 0.0035202260457791843, 0.00917545458543138, 0.006582540380117711, 0.015488558254582452, 0.02172955313295908, 0.37909790202193683]
            , [0.04558965996168561, 0.01174202447247402, 0.00093328148472534, 0.0012952855765198594, 0.06313789906082513, 0.008154994509457622, 0.0017762155922108685, 0.24511433865711932, 0.002201238865379742, 0.2789744819749864, 0.05619822491628735, 0.002112178862974265, 0.0032764310120353326, 0.002431016790882807, 0.0025371977404481526, 0.012165910996958865, 0.024797026164343743, 0.22851159955729947, 0.0033588301265552204, 0.005692163676830595]
            , [0.014961853902983695, 0.007911428866681383, 0.0011918045795206536, 0.0020638775816791775, 0.045935944443375495, 0.00273085084599052, 0.0019875679529046736, 0.1228173349377905, 0.002674356885903387, 0.5606901777822845, 0.12182593871964272, 0.002287635633953132, 0.001660918355739469, 0.005140376129757315, 0.0032157103036533573, 0.007709644774680964, 0.013020062895874433, 0.07307837260810471, 0.0033037171020542993, 0.0057924256974257226]
            , [0.13437672483255456, 0.01143772086033811, 0.016410736064277644, 0.014984452167628413, 0.005738067572497043, 0.5812550932482294, 0.007760665411270773, 0.007736778490323386, 0.012704106130204246, 0.0115273279469864, 0.005759473969357213, 0.022184428504496825, 0.009225191600517463, 0.011111865409066704, 0.01391844081347911, 0.08865413077023337, 0.02396095768056727, 0.015057185938106003, 0.0015458629662892089, 0.004650789623576867]
            , [0.05128435569517008, 0.0013439583663482258, 0.23578484986504508, 0.3390326115060562, 0.0040311405409415345, 0.02421626578651706, 0.016602942363210745, 0.008753376208980887, 0.04402714205535844, 0.014170452783802896, 0.006657872575396315, 0.04682421543285921, 0.014462668335651479, 0.06796723805068937, 0.023304315705690557, 0.04935023540669632, 0.029673935004669905, 0.01644356792204618, 0.000513875430389853, 0.005554980964479675]
            , [0.008351393501437496, 0.0037721327859773996, 0.001029934655787101, 0.001478743432740408, 0.059851649002831776, 0.001784153321092526, 0.0031383207919507715, 0.10049412245469995, 0.0019387383633124285, 0.6542061167589045, 0.06718029007406574, 0.0017846765921842574, 0.004315101954322539, 0.0034502916704712452, 0.0033385445736915727, 0.00615751217507887, 0.006574635570134798, 0.06326412895831726, 0.003331835772625452, 0.004557677590374095]
            , [0.03018202258279343, 0.004340303020282947, 0.3516872130002865, 0.3636715721148109, 0.0036218108771456483, 0.019469828857377906, 0.013464268185360317, 0.0065278485245543255, 0.020122620760975353, 0.010583676995693885, 0.004989740370651101, 0.0391732127966849, 0.006276239669733287, 0.040621067149748814, 0.011750881969412654, 0.03542624872440709, 0.019141693282502138, 0.012730462976941168, 0.0006969820601504047, 0.005522306080487447]
            , [0.0822346005334725, 0.010495743509137873, 0.04935567566199163, 0.1001778040422908, 0.015147040791615083, 0.03281729758587248, 0.039345987471165834, 0.026256536134992105, 0.09350620135628805, 0.04907377818084533, 0.021307033681631112, 0.048125408734769476, 0.020629008959187185, 0.11153517360564297, 0.08774671789793137, 0.0850838734647112, 0.06347397784455036, 0.04046986596414541, 0.005454330807660498, 0.01776394377209898]
            , [0.023816796868269218, 0.005614773984298573, 0.008958876401633961, 0.020193419324868806, 0.0029346283177602776, 0.012628391071127374, 0.019152604685884523, 0.00842050383576754, 0.3723775006441611, 0.015077675407354874, 0.00821206650895267, 0.03125690028555422, 0.010768019682962331, 0.05432037911933871, 0.3244197892402508, 0.03764580441920486, 0.02724042288311969, 0.012365889969639955, 0.0005426099408154264, 0.004052947409035226]
            , [0.3640034949427904, 0.025841409681999074, 0.00932102177179026, 0.014864690065284463, 0.011789180437721095, 0.04089222819830044, 0.007716913633813404, 0.04177419476151439, 0.013269743477510886, 0.034021923527760435, 0.015939239670838316, 0.014967681042040196, 0.011327214417441755, 0.012514255484090565, 0.01294626141092614, 0.1464291279052676, 0.10214583357969705, 0.11043829542491804, 0.0020729690137432154, 0.007724321552552216]
            , [0.1082291527067916, 0.015304074347182553, 0.015470848779091084, 0.025992153887618226, 0.022277690807726194, 0.021660002603976058, 0.012698249139532998, 0.13437217967359394, 0.026726676001646178, 0.0979561104436843, 0.04362361190225554, 0.024219917984665724, 0.014880400547580452, 0.024547694901605525, 0.023353402296768005, 0.07737801563737758, 0.10863078002830497, 0.18658507532170662, 0.0033560657647242953, 0.01273789722416815]
            , [0.014434781648211785, 0.007400279013317559, 0.0010012316396243815, 0.0017977802739234034, 0.04302787968342553, 0.0020461813422558445, 0.0020101997374258026, 0.18712540364634284, 0.002369322744786161, 0.5125658994090849, 0.0794497593141659, 0.002082977045368997, 0.004495289180134565, 0.0039566793233977654, 0.0029946138348318687, 0.006385712059070672, 0.011460375098796358, 0.10840676227681781, 0.0004642797371331975, 0.006524592991884864]
            , [0.04331961432829744, 0.010970772788697833, 0.010084858152487308, 0.01730360776640925, 0.046514162996384174, 0.012351835228322599, 0.01599502161936217, 0.12106655697776951, 0.024404521674480484, 0.30830234797006945, 0.09638150019688713, 0.016991249234680008, 0.014374761919527202, 0.029690044965722147, 0.027302965607073213, 0.037802589943538356, 0.04356433139912235, 0.10189446139132512, 0.005212732776074138, 0.016472063063770317]
            , [0.10547231589027108, 0.015514098691729088, 0.049469486075599985, 0.04721853599415156, 0.012663148058305493, 0.3119786645755205, 0.021543498434961554, 0.016346360586669755, 0.03518990434372894, 0.025714976218420577, 0.012473632024436913, 0.055848924587593635, 0.016531055886789253, 0.031188646943673373, 0.03552806621923289, 0.11882624972685188, 0.04553711852006622, 0.026931845081656802, 0.004131730749011514, 0.01189174139132892]
            , [0.045963801347217316, 0.004077808093825161, 0.05867461609365018, 0.03218255213780667, 0.0038495483714936223, 0.6251267683417604, 0.009646268988058697, 0.004777400577266465, 0.022486388094330893, 0.007943755300482427, 0.0042654351703182575, 0.060542101252988804, 0.00544170655626882, 0.015749011253831203, 0.01603846587299645, 0.054340848098519266, 0.016084510076247484, 0.008072824198358317, 0.0011006378706199167, 0.0036355523039594486]
            , [0.30014161934788935, 0.010239416145525308, 0.004416838657680049, 0.004671816298126473, 0.0031682697015296777, 0.5334618923498088, 0.00278222978935001, 0.004626022199374345, 0.0035233378842368054, 0.00656749915868522, 0.0038411322565414384, 0.005595023013266134, 0.0034308000070827132, 0.0038744585833095286, 0.004660980102179286, 0.076030753166515, 0.014328408698880626, 0.011534716429598848, 0.0008321787013988425, 0.0022726075090215504]
            , [0.07149834972411011, 0.004560809750644373, 0.14734460311708825, 0.24584888739429303, 0.0024241221492058342, 0.029391583136639737, 0.02064899946926908, 0.01004143953262008, 0.08767621002519962, 0.017779924939409348, 0.008948000657647455, 0.06554267924903717, 0.00722703130198964, 0.09307077053611791, 0.04539100824226602, 0.07140343326980002, 0.04741409016040696, 0.019204963041664573, 0.0003461219422377837, 0.0042369723603533724]
            , [0.05380357643411775, 0.015649685665651423, 0.03305978820728667, 0.03943925488868552, 0.038161011213600333, 0.029559830456970762, 0.18942232368641923, 0.02498720346771471, 0.049093705186702016, 0.051720162204607886, 0.019176226894378073, 0.07123859467769571, 0.020434498471840656, 0.07229535574938148, 0.06300267317964012, 0.07470366407729638, 0.04559086697875258, 0.03307620897811261, 0.007807853599748424, 0.06777751598139796]
            , [0.09415000169740453, 0.013036718295494848, 0.025446536857445655, 0.03503291126148008, 0.016714773419256, 0.0268985775976033, 0.031255451478116134, 0.023441850707504434, 0.039905575792034374, 0.0475414964766036, 0.014438948042575207, 0.033377899715561876, 0.2777903672609385, 0.04378204387000049, 0.0430640337133587, 0.11341472270366786, 0.061470802883934, 0.03669698208491877, 0.004988783701675798, 0.01755152244042563]
            , [0.011704525101020824, 0.0015997093550174921, 0.7277600238700982, 0.06467428005073227, 0.0020291857837954654, 0.012484616201669251, 0.009443146948654295, 0.002977862199585961, 0.007614925427761709, 0.0041328806400584795, 0.0019993473510285646, 0.09331842460310387, 0.0029340393207091015, 0.008495269811914277, 0.005204335531489871, 0.024738106469449534, 0.010319693430938432, 0.004815751308374346, 0.0005248593249727592, 0.0032290172696252]
            , [0.009951064586055318, 0.018008034617624336, 0.002500869829209334, 0.0034626175154138083, 0.3020865917329934, 0.0035649113984425216, 0.05178158638828836, 0.012007477501443702, 0.004950676261913015, 0.035976966093600474, 0.006264313586420193, 0.010213911169279033, 0.0018286663504694105, 0.007058486405125495, 0.007889554081089385, 0.01637233642162151, 0.007870940231084209, 0.013864238971416755, 0.014987598819481635, 0.4693591580390282]
            , [0.04247468295268884, 0.010223186233787249, 0.004313718001900569, 0.004487984125066995, 0.003591706546836817, 0.010379808975632348, 0.0036725282411557312, 0.008035572943319276, 0.005200879870729143, 0.008335403921789322, 0.00586732666569432, 0.015571775392321211, 0.003602975729345623, 0.004942153545949884, 0.0051827982379456135, 0.332345588498715, 0.5139416975927559, 0.013845385163606835, 0.0009090315344984946, 0.003075795826260649]
            , [0.04056026965803368, 0.0020638514979650904, 0.35975467653239274, 0.1635543953041366, 0.0026902860320863024, 0.04544008846332999, 0.025124232639765345, 0.0035280742661420814, 0.037341031907164826, 0.007112839739511722, 0.0031432677453834793, 0.12224397510128979, 0.0158210435819488, 0.03839126480603338, 0.020178178730196564, 0.07054411622657564, 0.029748782560451895, 0.007477542930967489, 0.0006328715641302841, 0.00464921071249426]
            , [0.6079861348903741, 0.018700977367599684, 0.002041450576056796, 0.0032721361057002833, 0.002365219203887777, 0.07559434799598204, 0.0019472269753797538, 0.005322923647025093, 0.0028383939591970406, 0.005503716040192741, 0.0030867677917669075, 0.004005095116838654, 0.008916671553017022, 0.003456777430923656, 0.0032324939577985036, 0.19707405917705367, 0.031901210485594904, 0.02056418966968818, 0.0005977170043012847, 0.0015924910516216468]
            , [0.06411363029910368, 0.01710399328159144, 0.017346540084064416, 0.036523628389598266, 0.023119765952434333, 0.021685084295534, 0.028252101610999048, 0.06645749820924038, 0.10803243650690678, 0.10478233770372683, 0.04952507232276426, 0.03596215002256285, 0.012472882787843009, 0.05906927291731903, 0.12668274287895573, 0.06607083583693922, 0.06585826033539686, 0.07276791366060602, 0.00665388689347897, 0.01751996601093489]
            , [0.082525274666605, 0.010694518167894454, 0.01464761794636024, 0.011234455223302351, 0.005387969060738639, 0.030416829131392067, 0.00928001895913424, 0.01053612493144153, 0.016603851752096752, 0.013686195887769651, 0.007997550344088, 0.050957964377455464, 0.023738862367775757, 0.014015985234098615, 0.013262723331041589, 0.4029802272766814, 0.25801394882490225, 0.017858228595139924, 0.0012749142389830719, 0.004886739683099058]
            , [0.017299962670759707, 0.005889723375193276, 0.007110767052143033, 0.0243036648353785, 0.0023735576187476548, 0.016335644399222013, 0.015606599463117455, 0.009792529735457262, 0.36541067650697273, 0.015176965649791305, 0.012680587863099925, 0.03249904157432138, 0.003919458776437458, 0.05319158557282331, 0.3409062049743748, 0.03462285158065353, 0.026202132201015544, 0.009344798521866201, 0.0048628593723072855, 0.0024703882563176962]
            , [0.1431210409636591, 0.0064325384266850924, 0.04337655514543596, 0.05521486682903212, 0.005833048086548025, 0.054182881799590486, 0.01585514925355151, 0.01784048912171709, 0.05070816797588875, 0.023883920625802323, 0.0132461507014518, 0.07507031523930893, 0.02828313324158791, 0.04869903826861733, 0.033334393263741345, 0.21639754408737574, 0.12849560409557717, 0.03410665390490929, 0.0006791345191150457, 0.005239374450405008]
            , [0.0903717334202504, 0.004448527132848658, 0.010599544630001312, 0.016896593132109415, 0.0048812708611058325, 0.013472649433473647, 0.007025806343003966, 0.010361862912875639, 0.01467525168396546, 0.01753646777886802, 0.005630383126265749, 0.009251186660498551, 0.6722135571885197, 0.01198663181296704, 0.01252287380525186, 0.04668439948663231, 0.02384385120165718, 0.02222769082020258, 0.001408480316851455, 0.003961238252651527]
            , [0.022080681364656046, 0.008412108385428206, 0.0008108416839021145, 0.0018752380676506505, 0.01518298925621135, 0.0019065751694385341, 0.00149724816946673, 0.3888370094067333, 0.001784694096858016, 0.13513380461162136, 0.03257592498098671, 0.001865980317186502, 0.0006571575237828655, 0.002076116538154761, 0.0020575328684123728, 0.005042837261938737, 0.017333339199166964, 0.3563853633270887, 0.0018216239390206302, 0.002662933832295462]
            , [0.024502330775412202, 0.002150900175039921, 0.00838668582253192, 0.02111918327416624, 0.0046707762106306845, 0.011282185600768891, 0.02244538993874067, 0.009896270871806718, 0.3269546031795969, 0.018790279416956802, 0.009632372914187002, 0.023768107843525833, 0.01077100060370144, 0.05522297702871893, 0.37123121457667696, 0.03142814497637613, 0.024207451640545052, 0.01289291519595762, 0.0030876868182705824, 0.007559523136389687]
            , [0.009929374431876636, 0.004628308577711015, 0.0008311129982948944, 0.0011885651114458408, 0.027849858009697324, 0.0009647028733849516, 0.0011663126114289536, 0.28760631732485203, 0.0011827539581727533, 0.43606402850175763, 0.06096994929038895, 0.0013851958801500133, 0.0005625056649889907, 0.0019081872050695928, 0.0015171183948844247, 0.0030617017187848814, 0.007188426754322263, 0.14960763809779293, 0.00036954252240868857, 0.002018400072587224]
            , [0.014434891527579466, 0.005151116315274585, 0.000704163188997643, 0.0010656142650269733, 0.01212501833358094, 0.0010932532662051245, 0.0009441012937340069, 0.43330227838879937, 0.0013735217764115092, 0.14059929796713241, 0.026616719786167364, 0.0013900015822855987, 0.003371090668352156, 0.0014978661267930713, 0.0016946300691109502, 0.0034035672778341066, 0.010760624786559871, 0.3382085618795911, 0.000252833261181272, 0.002010848239382621]
            , [0.017751268795345505, 0.007938304639610979, 0.0006985860475629578, 0.0010821617817330452, 0.006409017770212346, 0.0011308174969336788, 0.0007915928261765061, 0.39092597383867855, 0.0013207635127727112, 0.07259236180350544, 0.017662710525732553, 0.0011891727020334549, 0.000581468100855823, 0.001197699847121336, 0.0012040590544025568, 0.003830346453084581, 0.014770831519383649, 0.4580287860113848, 0.00020477243919185005, 0.0006893048342779017]
            , [0.016609256512888207, 0.005852811375767805, 0.0005860325975867568, 0.0010434479912487557, 0.0339380309926909, 0.0012833287227233653, 0.0015379426277043174, 0.315654615641875, 0.0011847241955372369, 0.33500759065174135, 0.05477631479931821, 0.0013334563654312322, 0.003174032806994612, 0.0018241117950265498, 0.0015187865520882916, 0.0038416113480465508, 0.01131904498176332, 0.2015955198214268, 0.0019307889905713965, 0.005988551229569243]
            , [0.10893559437269562, 0.002951029523717439, 0.02671030374121671, 0.03797752823899903, 0.003871464197612304, 0.02741136405200222, 0.01297431979935132, 0.009195213738844982, 0.03275343124501643, 0.01860269238691192, 0.0052312311206430505, 0.02109322281115656, 0.4680734984842779, 0.03217753366481494, 0.02242358134345533, 0.10415451716754952, 0.04240654296949391, 0.018051627285022683, 0.0009198350220470374, 0.004085468835171142]
            , [0.014863487364082113, 0.006187870769676334, 0.000613190613357927, 0.0010492243675796554, 0.015328007295449787, 0.0011879659940124492, 0.0008197202688206033, 0.43557178915423606, 0.0011119225244364107, 0.11573656161728299, 0.022602781864183866, 0.0011808362095703866, 0.0005254485928376289, 0.0012684520688053837, 0.0009912260011843913, 0.0031899355696983858, 0.010614752252634654, 0.3624266808356468, 0.0002188405591684809, 0.004511306077335717]
            , [0.026632811079190476, 0.007390124681909536, 0.003781452353964043, 0.007430467440297569, 0.10078775198512527, 0.007064828326484987, 0.010307636019736938, 0.12286023077867005, 0.008511378508583675, 0.3964655806336131, 0.0892358029682425, 0.007294829103733728, 0.008848441161625753, 0.013560494898064126, 0.01160360345334058, 0.01961133663438349, 0.023863517336230152, 0.09458710766640621, 0.012307416288983913, 0.027855188681413838]
            , [0.013106930463208908, 0.0064473590094092145, 0.0014118905607634132, 0.002165040571347428, 0.21367651449201108, 0.00217330027404243, 0.003941479666755069, 0.09969653345793214, 0.00254905224222972, 0.4338364914318579, 0.08539483593072872, 0.0027485883088827294, 0.0018964868356380563, 0.0042848112825386335, 0.003165737596481246, 0.006693194368196942, 0.010129416150126485, 0.05761476393414132, 0.01158662075092679, 0.037480952672781884]
            , [0.09550525357728586, 0.0053919025102009506, 0.042199539253098245, 0.07941920583745558, 0.010052261261867146, 0.030106480223351318, 0.03117097479497121, 0.03542253248545498, 0.09075829913120473, 0.04948899115096866, 0.026543261863852, 0.06530218455004423, 0.009003542876076975, 0.09034455759800143, 0.06822635476928014, 0.11247843917793542, 0.09340485615818761, 0.05241298129736448, 0.0006955961071180032, 0.01207278537628114]
            , [0.45014384846505595, 0.04201729373691398, 0.003744397411582215, 0.0049353068926609005, 0.011949589046673056, 0.16150966979823794, 0.0034816729850587814, 0.01989983450832189, 0.0044384242192878785, 0.024760994794999415, 0.011724367073673043, 0.00688035572359736, 0.005256308294171051, 0.005251909035516126, 0.005822264140654305, 0.1326465387700406, 0.04531105043781641, 0.05248340757396089, 0.0023720016544520276, 0.0053707654373261375]
            , [0.1342037910420593, 0.009102529522665794, 0.09518053369949453, 0.1374748983414988, 0.004411274994132381, 0.0716103651367503, 0.022753967683016383, 0.010395303086049645, 0.06538844348831112, 0.02068324168280101, 0.008990016335454421, 0.054856182939017326, 0.01209337138081185, 0.068946757313828, 0.057804555020569595, 0.13138319548493696, 0.06334669309156077, 0.023505296393403857, 0.0027489340992298754, 0.0051206492644080915]
            , [0.03476823883333573, 0.0013960005850853577, 0.001229102294666162, 0.001871864915499508, 0.012219841029194519, 0.003268421511220294, 0.0013093059981985433, 0.3320384044426128, 0.0021049986624124225, 0.08485925555618022, 0.026656348526911858, 0.0026889269763061678, 0.0019743460974182845, 0.0018967691306258606, 0.0027637541765854648, 0.007022409321355414, 0.02164342768331995, 0.4585113984953772, 0.00040564982963417327, 0.0013715359340599883]
            , [0.11311627802362464, 0.07364087647767276, 0.014549123846155717, 0.011644043182056096, 0.013215472697874929, 0.042969136496216614, 0.012808640178463759, 0.015124331857200963, 0.013974402451687101, 0.021207084749771617, 0.010167734050504524, 0.052981552031091596, 0.010618197446120501, 0.013210370785249753, 0.01669296945627092, 0.4035292644381273, 0.12099189966733008, 0.024232872307939232, 0.0031306724606922805, 0.012195077395949477]
            , [0.09085948139339795, 0.007630324720966924, 0.011813541928033118, 0.01620552478200205, 0.009711290558638697, 0.01744974336003508, 0.010989355138818243, 0.0498446059759408, 0.02941368851091493, 0.03356413113661523, 0.02396601243737949, 0.04320964218331748, 0.009473743551987535, 0.018009106279713603, 0.025037746917364132, 0.18356480313996568, 0.34309486931173233, 0.06616639348957455, 0.0020509237494578817, 0.007945071434144246]
            , [0.030556456380170335, 0.011312704575866563, 0.0019675801880666677, 0.003680339520324828, 0.07068967732571271, 0.003405688973140829, 0.006895791322083779, 0.270953005619651, 0.00485753687809284, 0.23619423317623198, 0.055871382101729684, 0.003992059576288469, 0.001957314601974959, 0.005336476373077637, 0.005680443898370973, 0.010559507157629475, 0.022833705753419517, 0.21992146758628411, 0.004530682318293414, 0.028803946673590368]
            , [0.019553431575837114, 0.004335301895360484, 0.0009506713896274544, 0.0016602091622464235, 0.012949329099649312, 0.0018457754988051732, 0.0012303228412948355, 0.39152711100106635, 0.001887374335704668, 0.09265372044729228, 0.01799023256866576, 0.0017732549183522611, 0.00396496583730829, 0.0019384786635264478, 0.0018218519064710484, 0.004903804081573037, 0.015014681112648838, 0.41909511540499217, 0.0019881919968957854, 0.0029161762626821355]
            , [0.05441630312612682, 0.0016362950813574907, 0.25092409085328166, 0.3411116185657137, 0.0029754959423806157, 0.027279984793770248, 0.016434394543450647, 0.005516784520406088, 0.04601505770624407, 0.011141239266678956, 0.004805208080987003, 0.045965319695995495, 0.004608463684855726, 0.0680956902539427, 0.027795338284690226, 0.04536292517515174, 0.02653465106561804, 0.011385328487099798, 0.003234947272807138, 0.004760863599441987]
            , [0.39431003739934756, 0.04758961714551625, 0.003816242028821141, 0.005670025310573886, 0.004341156355477113, 0.03935545115161003, 0.004225175977325186, 0.008725755251932222, 0.00574299457475922, 0.010992868961226063, 0.005580611929494008, 0.012225068162665257, 0.0031310552013562396, 0.007654590169983743, 0.006035107151694416, 0.3290443841070483, 0.07907188366756239, 0.028090228717932757, 0.0008332594138280055, 0.00356448732184641]
            , [0.49084738192390875, 0.05250206704697505, 0.0020247721086952904, 0.0033518369578589783, 0.003627527039839017, 0.040428809200248064, 0.0023479269282799886, 0.020179897154356693, 0.0029464581827680692, 0.014508826210302703, 0.006540780971400954, 0.0050606039583135235, 0.003634314013892578, 0.0033150785099987806, 0.0030444699642331375, 0.17113025575810414, 0.09243089542338223, 0.07895817076660719, 0.0006319926300851967, 0.0024879352507494556]
            , [0.0903876781924532, 0.00891139786262133, 0.0013462226800855335, 0.0021343784635630735, 0.02770501207698119, 0.013012042365645904, 0.0015191234522255466, 0.24771930195748346, 0.001734588686367061, 0.12085428555248781, 0.04172151990540571, 0.00348781636604866, 0.003327702414427547, 0.002382989995919118, 0.0020649271992814397, 0.024818919776201893, 0.05517468823702098, 0.3460034386827273, 0.0021012025876408903, 0.0035927635454123625]
            , [0.019348290633394025, 0.00624938579940027, 0.003825875548541051, 0.0063689793507526555, 0.3161798617474396, 0.004517878080379863, 0.02111202427150664, 0.0646608953311804, 0.00804456265493853, 0.2030338251516801, 0.04930101466040878, 0.00785352960206961, 0.002898025526263125, 0.010000318851847153, 0.010957028983578998, 0.013632549766022324, 0.01469966543127928, 0.050960617221226114, 0.022685889887829814, 0.16366978150026187]
            , [0.009722144820742813, 0.0009264430162346695, 0.001333186085627044, 0.0018667096028868004, 0.03701550305451332, 0.001863243081102842, 0.0020002194370737016, 0.16457298835623602, 0.002464016468593723, 0.5744589480856976, 0.08879747927156778, 0.0019614213648811536, 0.002073393889032842, 0.0037064352795700252, 0.004231444054923838, 0.005127328380258849, 0.008245621631025504, 0.0857572163812905, 0.00045205154295211954, 0.0034242061957888282]
            , [0.19657426506915135, 0.06436715515953292, 0.004905970425389618, 0.007756117967317328, 0.021747662396151193, 0.02402165439195382, 0.006676743810937587, 0.11743637469745387, 0.008671823940692906, 0.09707904406846864, 0.03419434683100776, 0.009137952103559463, 0.005930718022598119, 0.009665061404763252, 0.009010395127917941, 0.05524890443506056, 0.06169096136848821, 0.2529482533326867, 0.0023857733322344547, 0.010550822114634437]
            , [0.0877605131398355, 0.02184608983537326, 0.045155234191967465, 0.023298831571912926, 0.005940213909611607, 0.09678064545334321, 0.020313394205217564, 0.009825396310488161, 0.025852448647832017, 0.013118271700199016, 0.006950928430953481, 0.14358043586393668, 0.007329061344862037, 0.02219166784422394, 0.023643997264933436, 0.32385906635631667, 0.09895611841482761, 0.015341071917862693, 0.0013223805873066798, 0.006934233008996037]
            , [0.12204576909975985, 0.03462509584461957, 0.0012893880098116795, 0.0018790056569846676, 0.010521559974443031, 0.007348418283375905, 0.0016109350474982351, 0.19960753558591787, 0.002164924226097742, 0.0861068461521193, 0.02751416416360561, 0.0033826016086637464, 0.0016234001624863769, 0.0023964071974234952, 0.002160952128679263, 0.02461465280509943, 0.058167345444170335, 0.40904213046384064, 0.000499705491344433, 0.0033991626540588182]
            , [0.01607472284809599, 0.002917086765232002, 0.0037942476354738772, 0.013163467657995203, 0.002946729267623997, 0.006527618628681813, 0.014961687822668865, 0.006274193506660386, 0.42722314573543485, 0.012240661250038117, 0.00664327624520022, 0.02057142494130078, 0.0010042285291590083, 0.04269152470181136, 0.3684052418062981, 0.02316804636200613, 0.018305394289778825, 0.008350097498003528, 0.0007458980206298822, 0.003991306487906872]
            , [0.09603698413649983, 0.010425671348074459, 0.04303569914535105, 0.046656039624009306, 0.007881108135127508, 0.060300125721421495, 0.03315808987645141, 0.011984056825310868, 0.07749138590070341, 0.024557079699163105, 0.009345209355855595, 0.07052363962844967, 0.10528762568780037, 0.05425299095990593, 0.07353948094554645, 0.1673390852466095, 0.07508685083953524, 0.021197103454321364, 0.0021383677500135976, 0.009763405719849814]
            , [0.08237490258044954, 0.01446953451586453, 0.0029258023270971106, 0.004700343477277797, 0.07191819590634027, 0.018390757602177687, 0.0054140334807994085, 0.16000906365592035, 0.005600185951433403, 0.2389093943853465, 0.06804496652116825, 0.006708034442002932, 0.012110271410468474, 0.007252608831258101, 0.007029028225505469, 0.03585590163425205, 0.05155899915691699, 0.18501508719335286, 0.007205139854231573, 0.014507748848136758]
            , [0.06325546373565644, 0.022775078839028143, 0.009354533202236915, 0.013673672710358763, 0.14336581271733426, 0.015045590644179626, 0.031113368046961333, 0.09723554868349646, 0.014957127875205319, 0.1438059765768562, 0.0429452323774109, 0.022309917543230775, 0.010999123454348754, 0.02023617953019403, 0.0177330050928658, 0.059005166893239314, 0.05807181696958858, 0.11529985610290636, 0.006678237602785988, 0.09213929140211605]
            , [0.0526616704391879, 0.00915767870058719, 0.02228711692607812, 0.06514001444976604, 0.0030774839600511868, 0.015853053920182394, 0.028848758037515253, 0.011281524001891616, 0.2591788941917072, 0.02372846111847731, 0.012301771681558302, 0.048867241676874326, 0.002054116153142055, 0.10537821820464409, 0.2118707710424178, 0.061537704753651175, 0.04486808146561883, 0.017285034112087722, 0.000574055133024542, 0.004048350031536976]
            , [0.010206957822960121, 0.005867304419762574, 0.0009668679815539933, 0.00206470239680364, 0.050090572848941674, 0.0017163514328143068, 0.002352696294819057, 0.09697744200030554, 0.0029328744522944543, 0.627673622443839, 0.1149790309976958, 0.0023339086620103944, 0.0007524470089917678, 0.004608543169186597, 0.0020414532271951324, 0.005585958890393393, 0.009619803604695, 0.04972810601340895, 0.00042109811186844746, 0.00908025822046002]
            , [0.24299508875483125, 0.01186871878377522, 0.014230451771125174, 0.0165591894539619, 0.006544662243134775, 0.07224100178600985, 0.009763226038172675, 0.011437400725038223, 0.014186859893210545, 0.017389068035346303, 0.008264261992789753, 0.020803956742176173, 0.2407306908404254, 0.016424937900478845, 0.013824367521401046, 0.19185131318754023, 0.05772290166595963, 0.02532047942054824, 0.001865309422889375, 0.005976113821185576]
            , [0.11977394711440047, 0.04245141533744492, 0.007187454890983396, 0.008831502404124184, 0.012729474768948605, 0.01686505563911791, 0.009497619866480192, 0.06971304842115751, 0.010751950324210006, 0.04770183727833368, 0.028971892658287424, 0.03350229338426028, 0.007351301970160153, 0.013446385129717223, 0.010319982814142044, 0.1676602172699015, 0.2728687331728773, 0.10989942802256664, 0.0018233565013474526, 0.00865310303153916]
            , [0.025810273345442992, 0.00229575237340871, 0.10627961016865564, 0.04772023158125517, 0.0024499397388183662, 0.4519619161856793, 0.021515215853873258, 0.00277076258544034, 0.05913066681581245, 0.005245784236810547, 0.002939053568361949, 0.14674379137560128, 0.0028538634746052794, 0.03029671178927551, 0.029802206527231805, 0.044853974115640384, 0.0094556604742499, 0.004151808282202325, 0.0007614211440977396, 0.0029613563635370274]
            , [0.01021099498295554, 0.0014591399011675572, 0.002154005112624036, 0.0027775655254948725, 0.4416579871074369, 0.003145856889897789, 0.014560514825202025, 0.013789906672669187, 0.0033898620228087744, 0.043634893345772606, 0.011487323417328468, 0.004571958061612588, 0.00177909514236545, 0.004155966779480841, 0.004247778170395013, 0.008789067520290322, 0.007697311803716012, 0.014453293494124199, 0.026653938005951224, 0.37938354121870643]
            , [0.023501396644081077, 0.0008118840672660137, 0.003603135288796178, 0.0018195627815911684, 0.000898027072594998, 0.9348023851062047, 0.0014323644014098567, 0.0012047716199205818, 0.001885595296855277, 0.0019592344809243505, 0.0010755977718370478, 0.004144049891578782, 0.0005596743323840397, 0.001751913465198298, 0.0019395894542482291, 0.012707077762466129, 0.002951465203747508, 0.001878357069989359, 0.0002854297190341498, 0.0007884885698722301]
            , [0.0691738692572975, 0.019653462919571624, 0.003788371144798689, 0.008778736857497004, 0.007718797722222431, 0.0056814930357131, 0.005172433793495394, 0.22561636799380277, 0.01016444521877787, 0.06880023551078447, 0.03090854011868984, 0.010845002157950756, 0.0029532771081354626, 0.010962267622773044, 0.009169880151651821, 0.03781271849887465, 0.12417924207546245, 0.3428396524437457, 0.0010122012299793749, 0.004769005138776036]
            , [0.016924641154194085, 0.005569999839626624, 0.0015653242700774217, 0.0031277137556956582, 0.015638811755444876, 0.002515922263494743, 0.002273468929815866, 0.20428976662560674, 0.0034612197277955805, 0.42187076369054644, 0.17062017716822472, 0.0033067318039319334, 0.0012122486244641544, 0.006714215911006986, 0.0040894956766357425, 0.007749531838462054, 0.018116750131055202, 0.10822531589430125, 0.0005895732512453166, 0.002138327688374464]
            , [0.09778743084065404, 0.0006418883669132275, 0.18082337722570613, 0.2976898348973693, 0.001191811518589987, 0.026506719129563632, 0.012153968316719735, 0.0037040146842351363, 0.08275987246578038, 0.007306038227710759, 0.0022992837052393986, 0.04944912993913594, 0.007029651676993334, 0.08243386610646945, 0.03980064702626198, 0.060306116933933986, 0.03540924110040601, 0.010316094545276813, 0.0003229100803433635, 0.0020681032126973827]
            , [0.03883834451011607, 0.0011276720793397725, 0.3335491976045069, 0.4123574965543677, 0.001556001637466446, 0.01899726913243319, 0.005295864143486088, 0.0029053151920164625, 0.02316907831251334, 0.0048105440757543454, 0.0025793733881424984, 0.03558231687712156, 0.01127149695148899, 0.038822595277515824, 0.007195492751807798, 0.03396146374255707, 0.018824437529118894, 0.007259718625945213, 0.00032363233726449614, 0.0015726892770371649]
            , [0.007583616262210892, 0.0009070853673310645, 0.0009796555881172327, 0.0016828420221757056, 0.005133820500662483, 0.0010756754419717187, 0.001067161180738057, 0.5346258216822385, 0.0018172973861227738, 0.0856251426196604, 0.015290372501405764, 0.0014148275867001897, 0.0007482661160961671, 0.0018026011732055114, 0.0018696178978093842, 0.002619825428289734, 0.007483925165039141, 0.3264889080345149, 0.0003554063234781998, 0.0014281317222321296]
            , [0.07114218058310713, 0.02355057060894946, 0.0020473219804513563, 0.0038966736007688277, 0.03486473924039622, 0.009259022763532522, 0.004491334800403579, 0.16920864624066143, 0.004371126922056709, 0.23239599150432547, 0.10764441425006412, 0.010872680663819018, 0.002139122718786163, 0.010249803358739283, 0.00462260918715998, 0.04020135441592018, 0.07109372315742211, 0.18444193491622052, 0.0021869686883461623, 0.01131978039886953]
            , [0.041245214984315, 0.006132046968738342, 0.0095449862735955, 0.007202509885971076, 0.0013692217330184729, 0.8561080298954217, 0.002607972301687687, 0.0018386493237790833, 0.005241952844296694, 0.003045995807195073, 0.0017351267645250663, 0.011249675657956225, 0.001541552850697879, 0.0033639613519915925, 0.006899633579143304, 0.02992118560837337, 0.005560177314590009, 0.003712873868703044, 0.0003749205808066483, 0.0013043124051942097]
            , [0.037741155715041275, 0.02265222595480661, 0.0032241464097319, 0.004257469347688564, 0.2801657316800272, 0.009669351308036188, 0.01198077615452523, 0.08578807607260162, 0.00557647598169215, 0.1976286401726336, 0.04601870459010488, 0.007298820405800933, 0.0050591826482173, 0.007275040799360294, 0.007604426357760609, 0.027230991400057965, 0.025991816637034777, 0.08838878211421006, 0.018979798624670665, 0.10746838762599824]
            , [0.10638933059047935, 0.0016002691312781427, 0.0957249862241661, 0.22442402237454018, 0.0015483152937145774, 0.020814764072398226, 0.015264194945181655, 0.004649813255888952, 0.15094054642184937, 0.013309664964577576, 0.005211055234625666, 0.05026976065014317, 0.0009660070221947074, 0.11066561722484208, 0.091718704008491, 0.0590029060390733, 0.035101927724769666, 0.010072191852601938, 0.0004674295421784214, 0.0018584934270058327]
            , [0.0081679568997533, 0.0029936110023121775, 0.0024194998675984296, 0.0032102375788151376, 0.2626885450708919, 0.0028199364307048055, 0.03830603413571924, 0.005377179451083203, 0.0029980837683465187, 0.014739328056749622, 0.00364512101053673, 0.005383101571641355, 0.001784447307487724, 0.0040582617803068075, 0.0047228870611470955, 0.006762472410793058, 0.005349714155658667, 0.006604501717606258, 0.03372945684151234, 0.5842396238813355]
            , [0.3015253565423025, 0.019696645317652188, 0.007403139168324311, 0.007470744006884548, 0.004079445199801168, 0.12383077210161711, 0.005162762578630012, 0.0049803370395439875, 0.005927535502101335, 0.006815015547943644, 0.004479817480008455, 0.022191956911183728, 0.0037319283480172064, 0.00817724218872905, 0.006277269603875738, 0.4039799771735658, 0.049289057032225296, 0.010515828103222394, 0.0009417288549208234, 0.003523441299450912]
            , [0.031907068956739226, 0.01703374910262219, 0.0008622902620479827, 0.0014960381301403257, 0.21013845838574727, 0.00793882639043256, 0.0027533047273699206, 0.11695468949700241, 0.0017484039627058698, 0.36524849925904695, 0.07289650843867294, 0.0028841028743731138, 0.0021992678874766325, 0.003079602137332616, 0.0024961954084795506, 0.015694653509970322, 0.02071551733074765, 0.09307169767638475, 0.006945821385025201, 0.023935304677682595]
            , [0.014168986384282118, 0.007297018082861281, 0.002916784950219578, 0.0039068981612675495, 0.2422364388988433, 0.003857681676316723, 0.007587794148184525, 0.08122854683118336, 0.004821795554944827, 0.4222536180038336, 0.07120286926438835, 0.005533503213038881, 0.0035561603218944044, 0.006672545876279607, 0.005703932194130163, 0.011185523152986073, 0.011861401174969954, 0.05037543471800212, 0.0018807881576095886, 0.04175227923476425]
            , [0.0866955979961769, 0.01046065641862692, 0.11583420826312608, 0.18513993717168922, 0.016413179827868205, 0.027419220133817052, 0.019017885295689593, 0.05220802900300452, 0.03465689746389464, 0.062306694805741504, 0.02600579795143628, 0.04072902086940217, 0.010762359799812427, 0.05213088928720881, 0.024400985936713564, 0.06977315683935421, 0.06420599750494095, 0.08317124806324697, 0.0038054834647209706, 0.01486275390352918]
            , [0.048126412935309885, 0.00228127062782587, 0.005650165427234381, 0.012916330160453675, 0.01741158300216361, 0.00622552475302607, 0.0049132950471778335, 0.2728001901728446, 0.012731869787295572, 0.13405280594046026, 0.05373570596795915, 0.00910117113785967, 0.00789619482124456, 0.011641510696923957, 0.010724772658577072, 0.023006750696464975, 0.06811926622037934, 0.2917202871773532, 0.001078970213653827, 0.005865922555792134]
            , [0.22165202577562892, 0.004762925119536216, 0.005131041338167421, 0.008190916714530769, 0.012036143228017682, 0.020543319310063188, 0.0035554148737742936, 0.11755702209310016, 0.006598381540284395, 0.06393005151414916, 0.032195179077920404, 0.008410928255666182, 0.00785146273380014, 0.006680995230485011, 0.007128409726020313, 0.07046605385452927, 0.127558411912011, 0.269857196929704, 0.0014726220512528713, 0.004421498721358504]
            , [0.1910419060283199, 0.011099887262832293, 0.012019680528405128, 0.018087592159223655, 0.01122634116397166, 0.03142310493066512, 0.01267785321754731, 0.04061812934419027, 0.01765197484534083, 0.047074504808819834, 0.020402327679866952, 0.029788435233161093, 0.11451408192244927, 0.026668049042149058, 0.017707759009876044, 0.16566164319113835, 0.1387633449399557, 0.08496144245145458, 0.0016211010817444235, 0.006990841158888579]
            , [0.3304339792336227, 0.056908911655786355, 0.001998427936325182, 0.003651184711146936, 0.009739851987968345, 0.039105853488177675, 0.0024946651476361087, 0.06861300394563384, 0.003183502554523992, 0.052574478463241606, 0.026379962917307834, 0.006132272864950587, 0.0023229550249245843, 0.004862157704593259, 0.003273421645058045, 0.11269522763396972, 0.10783125461067039, 0.16316101039680767, 0.0008711409098931368, 0.0037667371677618483]
            , [0.033430274926454964, 0.0038654098084097994, 0.3874144703983234, 0.16999471202680466, 0.0025725052923137853, 0.04546749763939459, 0.023555030363705234, 0.00428901517634897, 0.03679806597368579, 0.006244266179106596, 0.0029180200425266856, 0.12953888888222603, 0.001749532087002621, 0.03735608463913398, 0.02041530258177334, 0.05849290972442646, 0.022566470508112554, 0.0073642361422840315, 0.0006515037303752144, 0.00531580387759123]
            , [0.24938554316498515, 0.026182164383088014, 0.0016832859132523467, 0.002559262399059256, 0.04768633678723883, 0.08054076746372785, 0.0018678958476678587, 0.09361547792732514, 0.002283865766937137, 0.11048588640811705, 0.034933519259996, 0.003936675415434697, 0.0050178212067205396, 0.002993796742925821, 0.002782621391814727, 0.08937126367376202, 0.08174972395428833, 0.15439650210510067, 0.0036629264653974323, 0.004864663723160831]
            , [0.03209421989479025, 0.0011390421019167062, 0.27451478897929754, 0.4860720861655933, 0.0014165997674055718, 0.02042584310621689, 0.007057038396468072, 0.003912724273730991, 0.02699782908885169, 0.006359178345709825, 0.003575991934133523, 0.031156902885045, 0.001297399972776434, 0.047573319652794765, 0.006772933375573666, 0.023611137388818634, 0.013138291363276329, 0.010693860843428124, 0.0003081700038655808, 0.0018826424603073794]
            , [0.07926970359017448, 0.004559480206960933, 0.007439338838618087, 0.010041447234586448, 0.0056878404785542696, 0.011554014890001801, 0.019798827379662688, 0.00973871977054185, 0.01224676326709523, 0.03353050243424761, 0.005307989407710812, 0.011697135810054007, 0.5791466163594512, 0.028886967289649568, 0.0191246993102445, 0.0990026459911093, 0.03997801252647799, 0.017257427115686008, 0.0011038816391553677, 0.004627986460017758]
            , [0.012501495559929061, 0.0008564890928707021, 0.00121988310449234, 0.00220621737200039, 0.054032991480998854, 0.0017690280427520438, 0.0024336497617237275, 0.2259676388770476, 0.00386218716441966, 0.442623985129949, 0.08298760858640412, 0.002296161361628516, 0.0012262155470647857, 0.003948732869481526, 0.0040963987011820545, 0.005137135610603709, 0.012435322563192824, 0.1248905732669498, 0.0047022911884281315, 0.010805994718881072]
            , [0.0890984275830073, 0.0024106361065289596, 0.06665785968682024, 0.23712215702647463, 0.004034025323094694, 0.011401751977635774, 0.012656255241670855, 0.028343176916980038, 0.11519133985487075, 0.03512407686253885, 0.015299721830858462, 0.029095896051864766, 0.0033329985167146864, 0.11228266077008901, 0.062117614126278725, 0.0533406529185822, 0.06765260411896186, 0.04978124816213956, 0.0010927706589843598, 0.003964126265904323]
            , [0.05874203488450424, 0.014767065972129215, 0.0015203978106866174, 0.002347415769141957, 0.0055487302634109415, 0.003195405578176012, 0.0016348057842681804, 0.2681684351681286, 0.0023257322540670674, 0.07016167096475222, 0.019775564310602005, 0.002580113543786409, 0.008326954693583475, 0.0028752074551428065, 0.0025322616137853702, 0.010975481352901424, 0.03221150193987403, 0.4899323565435964, 0.0004941508889212148, 0.0018847132085416682]
            , [0.015056553740229184, 0.0005751147744435492, 0.0006961996505564079, 0.0011116940384970758, 0.019681912527160644, 0.001331500363580492, 0.0009484645661048484, 0.42178901513085554, 0.0011011309511254628, 0.1798216496727249, 0.043675077583489395, 0.0013797403465533183, 0.0008962608396084724, 0.0015561140879000014, 0.001234685067556554, 0.003989740613124514, 0.01356158283757761, 0.2887614125517119, 0.00036058438113242646, 0.0024715662760675244]
            , [0.022663551323602767, 0.004818385243561242, 0.13388837770574616, 0.028637479635446553, 0.00706459134900193, 0.03287852423366369, 0.06602708413164109, 0.008667403116887868, 0.04403240822833005, 0.010886612190694292, 0.0053382842944079386, 0.40202200083335043, 0.005379973535612522, 0.027705643212426783, 0.029235376151585696, 0.1080236344774024, 0.03485821129533712, 0.010020252381169596, 0.0012829764818636574, 0.016569230178268137]
            , [0.033477901490516444, 0.0098770484395215, 0.023312864176875007, 0.03773286616628577, 0.013720128070010974, 0.01999810344488207, 0.16789188779270683, 0.011091996665375853, 0.1198464235413481, 0.02787388781929469, 0.011340135861743254, 0.10862685769399276, 0.005431288975792695, 0.10052126417906047, 0.16464237187226438, 0.05718430495877841, 0.031881089355482166, 0.01581081919045917, 0.0026209264487110583, 0.0371178338568986]
            , [0.018081056269351383, 0.006874950157138581, 0.0007010690140972717, 0.0011531372510869302, 0.05640557540027468, 0.0016764812047142337, 0.0011440947835409398, 0.2722336771556665, 0.0011012760927106245, 0.3759283802561996, 0.061398914428772225, 0.0011483839371009363, 0.0005697768738029847, 0.0018716535109023476, 0.0017924568830503403, 0.0037526852323253937, 0.011404678277071019, 0.16952960978921863, 0.004070518344532159, 0.00916162513844317]
            , [0.028887836428864954, 0.001174284832445307, 0.012722353454370547, 0.04903378181851125, 0.0021056458517402896, 0.009988513712853418, 0.01487246455786987, 0.012317624694196552, 0.3836738607534749, 0.020367929043832597, 0.015089116156327294, 0.032972084781609096, 0.003042371901674734, 0.08407272831072309, 0.2530446772455126, 0.030225335861366203, 0.030572308372519244, 0.012453578992200872, 0.0007076113837684655, 0.002675891846138713]
            , [0.06035491933115377, 0.006334073666652638, 0.09198923194724404, 0.0933678317500426, 0.004531935294324812, 0.06366768094214979, 0.050699040331792795, 0.00527205267023357, 0.11394728501229635, 0.012283169343377375, 0.005092068234588618, 0.13773227123128642, 0.004765656312639879, 0.08074821418444286, 0.08930340125846131, 0.11345851026605974, 0.04613164132603788, 0.00877395616441521, 0.0007948499043391325, 0.010752210828460807]
            , [0.275425856384071, 0.03442524792548858, 0.004935571110827462, 0.004623687017687886, 0.0054579264977218135, 0.03706313301504933, 0.00433190056188323, 0.00956908971943399, 0.004578774332868317, 0.01105783477366892, 0.007154901605225385, 0.01593687618869862, 0.02519545743857265, 0.006016053998739213, 0.00460859264102128, 0.3869953852987368, 0.12966503794554046, 0.02759734380451714, 0.0010589171227527927, 0.004302412617495347]
            , [0.0699304275076739, 0.0013790276686351261, 0.04824945566100239, 0.1105230728092736, 0.0019320911444055766, 0.02239723386690956, 0.022937554469367342, 0.006876100783402763, 0.2342810217602461, 0.01385618821806866, 0.0066920129910312594, 0.05469062403721307, 0.015483249058929652, 0.10345577111744364, 0.1578182162420746, 0.06655875531303806, 0.047363290404157155, 0.012457052972649266, 0.0006699513392018754, 0.0024489026352763443]
            , [0.03832657702222723, 0.007142708205959948, 0.0002703269316575767, 0.0004054128327606015, 0.0935290220884679, 0.0064352013578845, 0.0005595465594337705, 0.22183217864176324, 0.0004501456392507842, 0.36325530897647634, 0.0605344807165224, 0.0008517392950946687, 0.0015372325637234502, 0.0009577908251663541, 0.00044029739927047685, 0.008057373422777415, 0.019010891344602793, 0.16441088734524292, 0.004605063452071828, 0.007387815379645633]
            , [0.03306439608940888, 0.007266098994437073, 0.01570136238631102, 0.018721910032903445, 0.142845413474033, 0.011549212153899011, 0.16743668753970117, 0.014154735958945388, 0.02095985549397533, 0.03743337441167164, 0.013048273584119498, 0.03856420939093363, 0.005190428477349124, 0.03132241491411715, 0.02892402645497414, 0.03804448227412719, 0.023485666354239737, 0.01926678308610834, 0.021549924761385737, 0.3114707441673595]
            , [0.10426270868022264, 0.002710718993798272, 0.027289419106511417, 0.05157654488733743, 0.009375452877645287, 0.017842481367081796, 0.012776532464345706, 0.04450139285838683, 0.06703097903432835, 0.054612805030633906, 0.020749193147613827, 0.02625143211077746, 0.21854761825182942, 0.06511886252515364, 0.056870483639948885, 0.08084324720751564, 0.06899905585272294, 0.062383950601812226, 0.0016215698932810412, 0.00663555146905323]
            , [0.027643763369437344, 0.0020864029365501133, 0.09047771427554394, 0.6746038837861216, 0.003011752093916796, 0.008490505763202625, 0.007055897090707743, 0.005699977418266164, 0.01672634994787322, 0.010090917124817474, 0.005843694054687689, 0.011056145474632673, 0.003366152643634094, 0.07559813652459482, 0.011278509271449263, 0.018158466556166642, 0.013532272524112165, 0.010935718333974215, 0.0010630316504676987, 0.0032807091598436216]
            , [0.08160665021115038, 0.0011001310200564995, 0.09015761604097142, 0.09050130215222092, 0.008172540556692705, 0.06864243969674974, 0.035412583053574184, 0.01141458471751808, 0.09170341040810606, 0.022114381416122535, 0.010181365894891808, 0.09696894463964253, 0.018518570878541668, 0.06892571384946371, 0.08413613594806112, 0.12433294022765107, 0.058643870495210734, 0.021286074423393697, 0.0036851811229693956, 0.01249556324701144]
            , [0.01475930625769872, 0.011066237351704788, 0.0037894979681807584, 0.008019405487378964, 0.004572841996219863, 0.008434765876656343, 0.018479031150573217, 0.00856780307504896, 0.159244421140829, 0.015605015070564889, 0.007370998139915798, 0.01203213088810024, 0.004287931388329379, 0.028399551059659696, 0.6451672949186461, 0.018467063466051366, 0.014597179667213142, 0.010222688139673936, 0.001283190022895799, 0.005633646934658643]
            , [0.10629019017412092, 0.1761230093024016, 0.019881535228974158, 0.02396182483637991, 0.029968444372948072, 0.03692094142656896, 0.02489389648389465, 0.04396354243581878, 0.028717220213207995, 0.06773587252481234, 0.02818831600632008, 0.039922639052422305, 0.014724815756612391, 0.029649849291043803, 0.03499881919004462, 0.12420112744929462, 0.06806802223717771, 0.06962477160391106, 0.0069888249821148446, 0.02517633743193094]
            , [0.014991532143615394, 0.00630319752596999, 0.001263286804531974, 0.0016993231656015893, 0.4911728950928704, 0.004095243978320737, 0.006278425855820928, 0.041876213595086746, 0.0020375356127997507, 0.12617065410441775, 0.02886165879395847, 0.0036669219003606364, 0.0018290699786153452, 0.002959060604503778, 0.002593950894644512, 0.008606704932499987, 0.008890940044475321, 0.035307967783364834, 0.02924739544378783, 0.18214802174475397]
            , [0.0665550555378256, 0.005301075230350923, 0.14206599421961671, 0.05719300182955664, 0.004376319157083731, 0.08860520700870787, 0.018357489662324887, 0.006148932082005413, 0.029479113086318596, 0.010094833361177055, 0.004786257829543461, 0.15935875686942427, 0.022421894642206043, 0.027425244680470775, 0.01896887830829861, 0.2305272845147766, 0.09167112576680381, 0.01083170234036488, 0.001051341743340994, 0.004780492129803272]
            , [0.19462980561820203, 0.019133555408908123, 0.013014667058427139, 0.01626665780999719, 0.02292974925975626, 0.3323813820033324, 0.012211357524539466, 0.02485343753027229, 0.016243551701612763, 0.04268675441050547, 0.02043019096767265, 0.022591027370072462, 0.011913437530680538, 0.016313722725075325, 0.020339092439199964, 0.10461127658929174, 0.043831002376469, 0.04460034067344814, 0.007192836869053148, 0.013826154133484127]
            , [0.11569029387943384, 0.00549317213579222, 0.002665672166899144, 0.003600651207040947, 0.004321656852283407, 0.012292159959172447, 0.003745130170703447, 0.010942588361421743, 0.0038033587098288057, 0.012765535554907231, 0.004926004441053956, 0.005503373812385655, 0.6923301980379473, 0.005696439770264172, 0.004158984264596034, 0.05559130890365029, 0.028861608574667835, 0.023001464181442305, 0.0009978276690074978, 0.0036125713475016635]
            , [0.039550938308931735, 0.007241954408906054, 0.004357221522892925, 0.018192251070970424, 0.026266247602402485, 0.004611759650215723, 0.012167540121896962, 0.20662570598709865, 0.02513041336187522, 0.23681137991344126, 0.07270020433557546, 0.009364211483645772, 0.0022721124252446496, 0.027735353929838193, 0.02739394419485539, 0.022609884052594575, 0.0496541396996583, 0.18771241295687865, 0.0013074685719996941, 0.018294856401077853]
            , [0.11789367935156815, 0.0017029436623410487, 0.10376290896281724, 0.15668318912604598, 0.0025265207734141214, 0.029824826564041874, 0.011155447408959905, 0.005551885900851791, 0.08551858825100479, 0.0116520421672449, 0.003548698010249224, 0.03792823932666584, 0.1967988977170483, 0.05124547674892487, 0.03684693270422794, 0.08819236364942701, 0.041814411047849456, 0.01396885980416604, 0.0006497430507329526, 0.0027343457724183593]
            , [0.035518912740320846, 0.007458999765996471, 0.00043084265730289963, 0.0006323179856445254, 0.03871859300878806, 0.005541411266055252, 0.0005725753936884782, 0.3052665398017915, 0.0005747365140611435, 0.26490957667486686, 0.05765494210391348, 0.0012462664353122843, 0.0007341182708990925, 0.0013358584404853605, 0.0008983514660717562, 0.007576196936194555, 0.021729025132422457, 0.24652432338112729, 0.0004801927238739312, 0.002196219301183557]
            , [0.02465292700564758, 0.007950138852690572, 0.35323472483646845, 0.029921040054675236, 0.005262137975716297, 0.02414907021397462, 0.01683745458454361, 0.008201291544367518, 0.014306376540199445, 0.010493547267005443, 0.005061783554140063, 0.33272690447439934, 0.004064030078937962, 0.012003051103764775, 0.010507772060255665, 0.09300470589898906, 0.029873301267441196, 0.01052564976791045, 0.001444486952062522, 0.005779605966809934]
            , [0.030131051578485286, 0.006471091356528703, 0.022154343034559373, 0.09982811552970826, 0.007591949621774834, 0.015230232421234917, 0.0958353212779944, 0.012312118207501574, 0.04957960865123731, 0.038052118434213106, 0.014758448041741916, 0.030666283777242506, 0.010113889173051862, 0.42413168016987723, 0.04999054639590661, 0.036109090765519325, 0.02593271213680045, 0.017614138261656184, 0.002481529083145864, 0.01101573208182033]
            , [0.07038555053538084, 0.004201333098774174, 0.02778487049777843, 0.07398846586786398, 0.01283875721899223, 0.012713348072012824, 0.01350081827786018, 0.12057036923392436, 0.04616581416698228, 0.1469608595619704, 0.06711786451133778, 0.024002775536433197, 0.00531995932792676, 0.06258041607119226, 0.03760611261303249, 0.0483160383798102, 0.0756591866494137, 0.14082272625140488, 0.0014059455836109979, 0.008058788544297932]
            , [0.01068507711315146, 0.01546295437642135, 0.0027154618376861303, 0.003141535374267983, 0.5291084181851515, 0.003684694358483314, 0.01105376213705993, 0.03585433918722263, 0.004312395840065755, 0.11610587652545956, 0.016082655342031335, 0.004919088621263458, 0.0029424093479635594, 0.004058353794085089, 0.004952008305251379, 0.0156038539821053, 0.009164839972236764, 0.031099907433058613, 0.003360622807796164, 0.17569174545923882]
            , [0.01774770879171311, 0.004543359800694367, 0.003308567038754802, 0.005943110956885754, 0.030625194587704307, 0.0044590474105685365, 0.005155715580827056, 0.06373834446248632, 0.009328091058756451, 0.492385350686446, 0.25635320053245486, 0.005516771128366295, 0.0028420552962605283, 0.015746480778788395, 0.008701337219869982, 0.012374089974816866, 0.016089333230013346, 0.03444606249498608, 0.0023358625483205107, 0.008360316421286583]
            , [0.018604640478894437, 0.0052802278110266505, 0.0012185223814482422, 0.0020487043269903867, 0.0033848923188540317, 0.001522826982303973, 0.0013506167970493681, 0.3494619398234691, 0.002151798505297676, 0.035247799794666954, 0.005432589495891896, 0.0021115863134446365, 0.0010707624268845302, 0.0019779741188008983, 0.001911375407208926, 0.004646900320194046, 0.011513663116743678, 0.5488772081118365, 0.000429730193313924, 0.0017562412756800595]
            , [0.08781051047526726, 0.012766274660906584, 0.006024158407424842, 0.01128668971723194, 0.021452970532970864, 0.019314067605759374, 0.010081683259893165, 0.0894637877511996, 0.013908110766446486, 0.21202430959072446, 0.16825861706910836, 0.02190213953293656, 0.004935813434587657, 0.0346133072020995, 0.01503156341147728, 0.0739569174045099, 0.0951810816586627, 0.08983523136035296, 0.00276621836831655, 0.009386547790124074]
            , [0.0803093598874701, 0.023387669578147474, 0.0154407218523715, 0.021798867611128665, 0.009414521903793927, 0.031169518030031883, 0.03753482678155266, 0.017698840163208825, 0.09969202122460438, 0.025405528200486922, 0.014559209359748896, 0.09101985592246203, 0.00625909064426344, 0.05037336864500151, 0.10285344913163291, 0.20033908611843784, 0.13004876639428364, 0.02822031134472514, 0.0023480515827196866, 0.012126935623928567]
            , [0.6322971513911614, 0.021042092499738485, 0.0013834121737878922, 0.0018234047511004419, 0.0017372496332543797, 0.08497015990735098, 0.0012190246913925448, 0.0033721316910930825, 0.0015338873537924717, 0.004365512376244742, 0.0031422905292648753, 0.003361384170839993, 0.0009356796721029283, 0.0023350885825671867, 0.001729289148368496, 0.193581168138814, 0.024636606318886534, 0.01467166144502417, 0.00038597985022089716, 0.0014768256749945533]
            , [0.04727040700514245, 0.006946839122068518, 0.010858262046853816, 0.050916017148231005, 0.0121181191362115, 0.00827196684242225, 0.025550810404794046, 0.041037228938527986, 0.1824192901494224, 0.12735529211220017, 0.05713208804027834, 0.020102469347763278, 0.0027932306181175943, 0.11271557524710073, 0.1691819426961017, 0.0327633497098009, 0.036067926928515945, 0.04176558452742112, 0.0014929020991646283, 0.013240697879861686]
            , [0.04556167730873772, 0.0042757080593772015, 0.0060951251766018545, 0.023031410296856684, 0.005395046337793494, 0.010308684335359546, 0.013720513697335337, 0.043046234375573575, 0.2929298515795939, 0.04455704243741623, 0.02116372719471488, 0.022435993433809746, 0.005333006560252348, 0.05660930983273137, 0.23332015601522949, 0.04277340748202981, 0.06613913328261603, 0.05684739830802778, 0.0016343588422151176, 0.004822215443727936]
            , [0.05903907700490603, 0.009050540058593173, 0.03460824675077249, 0.036932755754010185, 0.008130242288145701, 0.2567230178158107, 0.03424558919666999, 0.010399970722849759, 0.1096260540308251, 0.019463381578498293, 0.010445291831856123, 0.08392071015447322, 0.008891719195441189, 0.04932312834286926, 0.12332702604164653, 0.08620192305526951, 0.030921785695322276, 0.015428862509450282, 0.003675420889934108, 0.009645257082656027]
            , [0.03336498683649831, 0.0029460218174256975, 0.02115483217995841, 0.029946479594091295, 0.0037844801731693276, 0.029697016663134304, 0.037196110859122694, 0.005571805142279894, 0.28015890960727335, 0.01190325177160436, 0.006624398443808696, 0.0748681022693749, 0.003950052323832046, 0.06556248643897064, 0.28811669842218274, 0.05934825677825926, 0.03034478664286459, 0.008002561970067474, 0.001748480558161301, 0.005710281507920643]
            , [0.06504306862821052, 0.015098799099308441, 0.017182010495735152, 0.030180677291120395, 0.0401185716304952, 0.012905811367401177, 0.05091684509547105, 0.10089315368418757, 0.03372365324226493, 0.10807364724455235, 0.04434737363162829, 0.05817401257583467, 0.004685911878190564, 0.053566073131288826, 0.03205574417203427, 0.07919463897810132, 0.09431413191332635, 0.11201459527422694, 0.0022711399879121086, 0.04524014067871015]
            , [0.07412869825509658, 0.0016925934412237327, 0.08341748589502809, 0.16139099592355383, 0.0078209859456405, 0.021601143592370246, 0.03617574595804522, 0.01231943842195115, 0.12776605996561816, 0.028710157086151718, 0.012473632203665949, 0.07019272761203274, 0.0015057177535618073, 0.106480166825119, 0.09362653754111329, 0.07403285123322786, 0.052134687506782115, 0.019808996823753623, 0.0006026591893387317, 0.014118718826725586]
            , [0.07449165958667683, 0.004474211776261826, 0.020914494126914117, 0.054444400900380954, 0.00667767490960029, 0.018282204024087544, 0.023390168439306917, 0.013540512297548091, 0.17453659363084584, 0.02562709074255033, 0.010355845614157613, 0.025311632464552505, 0.17001110871391756, 0.07128271390912504, 0.15992270113725238, 0.06876552634161377, 0.0438745114163188, 0.024635594153524724, 0.0023785314663699697, 0.007082824348995022]
            , [0.12699771486854575, 0.0025769055548025463, 0.05887430532065244, 0.07028688633086211, 0.00320059535626411, 0.07076806956547352, 0.01912546086062793, 0.0077012854840048, 0.06580815065878207, 0.013365287711156746, 0.007935859601698618, 0.10668256419722016, 0.0030085669434854576, 0.06498034227323286, 0.04629348790256363, 0.21367352666157224, 0.09926524364266066, 0.01589791418025864, 0.0007565133671521607, 0.0028013195189835025]
            , [0.1964766266527079, 0.012778595223333373, 0.014944093510030792, 0.031143711385044303, 0.006001120314826835, 0.05263424170189711, 0.01319392445383561, 0.02641106857708091, 0.023092886026270524, 0.03569256933917162, 0.02710434163902805, 0.060404173602518596, 0.0031564936074704227, 0.055966324529535455, 0.018166329501605447, 0.22971858178200755, 0.13698296577690366, 0.0502962878879003, 0.0010533729761645389, 0.004782291512667276]
            , [0.06990939133425852, 0.017990954307152918, 0.024620134157916466, 0.03720962535250832, 0.048569283269714825, 0.03806616630710775, 0.0441879200710927, 0.03443786080684613, 0.049554654811956596, 0.07594324834881662, 0.029811788924958713, 0.03855830458543205, 0.017007016303010335, 0.04928535892581417, 0.0768470136166711, 0.07828060379743326, 0.05285846531057776, 0.04537651149950734, 0.11608017976918575, 0.055405518500038574]
            , [0.05031146617230376, 0.004230646398301142, 0.019665070094941693, 0.01390990304084869, 0.00307418113222532, 0.7587737336856545, 0.005481251120655206, 0.0045153526145493015, 0.011514369487512029, 0.006714039519787027, 0.003165762361814405, 0.016972011862182407, 0.003948421973014336, 0.007491099256694596, 0.018388473882518623, 0.04440475178461114, 0.010534862290819643, 0.00875655698607972, 0.005414797372697018, 0.0027332489627893454]
            , [0.028614617257516656, 0.00472739820413591, 0.004667972589607442, 0.012896332551397991, 0.011111849469309158, 0.011140255210429044, 0.02274410818847509, 0.020540589399167534, 0.22493143852351813, 0.041671099846666594, 0.01795985970242917, 0.01738025723571173, 0.00384444632143272, 0.0494369926421971, 0.4182500358874979, 0.031280704927939995, 0.02810932972415455, 0.02324088428816924, 0.015095423085303317, 0.012356404944940754]
            , [0.04025407398591072, 0.013169261973306293, 0.02525891040851915, 0.012188760429826877, 0.008696886066149974, 0.0241417602318524, 0.04773640232522466, 0.013997377446105167, 0.013790448076413503, 0.01798823523039499, 0.010250088364172726, 0.5037365140887764, 0.006440102996530399, 0.021097695923292276, 0.013469845842234892, 0.13554476747315847, 0.058665358102079526, 0.018820288352058942, 0.0025140142810126886, 0.012239208402980163]
            , [0.029305616932147345, 0.002529710636778718, 0.0003727071143026082, 0.0004753444187543689, 0.022785958634353776, 0.003191553423656215, 0.00038308621795452914, 0.38419260030298286, 0.000538800256802626, 0.1646863728208173, 0.03726195927044777, 0.0008630281908505876, 0.0023299784128262904, 0.0008195256565481328, 0.0005448326718020028, 0.004910840797060247, 0.018867803327171744, 0.32355444992461146, 0.0010575070625449953, 0.0013283239275862623]
            , [0.09488235822027578, 0.01602592379436919, 0.0004568712972861587, 0.0006297943959801127, 0.06748423046059941, 0.02112898725463348, 0.0008647628632864247, 0.21466598587320715, 0.000790017820935114, 0.22745857227515326, 0.04174483432876091, 0.001489822542824015, 0.005339872747816818, 0.0012001756716094297, 0.0010048683016903386, 0.025878312550796943, 0.041704456526636124, 0.23196866533609284, 0.001788137040881943, 0.003493350697164799]
            , [0.04859281799846289, 0.00799947122351672, 0.005173176507943456, 0.016039039002043717, 0.009396557746313644, 0.008253207557622102, 0.008241725140209856, 0.1657766142907073, 0.0900399372953353, 0.19164902530099226, 0.0683754971348279, 0.012006010974330886, 0.0042423610323268825, 0.0387846339608133, 0.08265635392216306, 0.027687486876978598, 0.05576111491200357, 0.1514084731298287, 0.0019516888419131922, 0.005964807151666752]
            , [0.03655534555194625, 0.011805663266348122, 0.009569089878220732, 0.024098043606960783, 0.05855696504153264, 0.01208031450685506, 0.09003562744971967, 0.03090905139951062, 0.12579484326733228, 0.07316796704823308, 0.022863462632611815, 0.030424202570291086, 0.00528556035190251, 0.05976248381820211, 0.19557935403190005, 0.04053474114883823, 0.037572722174130865, 0.03741477196702862, 0.007012817339507614, 0.09097697294892779]
            , [0.09777907524595933, 0.00421284324361297, 0.16171646638194154, 0.17377017805143208, 0.007106348247341337, 0.03011345322591991, 0.01703888996408662, 0.01352566012837674, 0.038242846060966264, 0.021592934171925544, 0.009169407600457345, 0.0426945825561747, 0.1457535931757042, 0.0433598104287222, 0.020053907716681925, 0.09013253599784006, 0.04792814045851132, 0.02559353996559481, 0.0021033668979572847, 0.008112420480794025]
            , [0.02770518393589692, 0.00380158140798067, 0.031475911002313464, 0.011236156916196652, 0.0035903763198612657, 0.013600753436378225, 0.006118025570777936, 0.007975048180566569, 0.013568457659000516, 0.009251344403581512, 0.004970027582731701, 0.07131976019743691, 0.003827894693890809, 0.00872744399885703, 0.01117818916075705, 0.3306904606715413, 0.42592854024813065, 0.010736641231066482, 0.001008185905405566, 0.0032900174776287487]
            , [0.041152987434815345, 0.00937164588463712, 0.012369320540662969, 0.02130195841562037, 0.1190866808520874, 0.011997104525903898, 0.05765206295140128, 0.04475113986272022, 0.030261112305512313, 0.22781110061365106, 0.08326521182671738, 0.028614183524393065, 0.006852504954606365, 0.054420402616338084, 0.03469342108357234, 0.038455772758545774, 0.0297847974285842, 0.042968271910097444, 0.008127024050948327, 0.09706329645918506]
            , [0.2314252959513538, 0.06781075887639233, 0.002989500327804035, 0.00449005164280343, 0.0044715356912797275, 0.009058811800645385, 0.0032856334821942806, 0.0726682595624825, 0.004617313777821452, 0.02487028714320557, 0.009580641544020626, 0.006593783582048175, 0.003935572699284682, 0.005036457416712063, 0.004772745218221418, 0.06642165510190955, 0.14765018933074844, 0.326087249013266, 0.0010998859600718348, 0.0031343718777346974]
            , [0.05291502536673703, 0.010309278823849372, 0.16718203200105453, 0.10813809900828156, 0.037299037661878025, 0.02933631187330646, 0.08550707707461491, 0.01621084697744945, 0.03352726977929031, 0.032051150421608894, 0.013330412680979472, 0.100032652538501, 0.00771772701506158, 0.05151051899279845, 0.03239935960357062, 0.07803067968624043, 0.03892601837588663, 0.02551626434861979, 0.005983521942977451, 0.07407671582729386]
            , [0.09238485766661157, 0.011024697153568696, 0.006643008938449209, 0.012315375276270264, 0.017150496106123157, 0.01155542604828399, 0.008707304059075981, 0.14410538170384757, 0.01327533111449793, 0.11855923947412737, 0.028286962840124896, 0.011264534225017055, 0.18672938060565603, 0.01570341277164916, 0.013559953718294382, 0.0387015443487151, 0.05912756586563624, 0.19995564383443404, 0.0025074464346145167, 0.008442437815002942]
            , [0.48307843383291904, 0.013754981468453087, 0.001074195666241769, 0.0011897593703035462, 0.004120078884697172, 0.15957301374538585, 0.0008039232988701427, 0.00737180353839626, 0.0008601507937563549, 0.006878388172393766, 0.005701202537447922, 0.003955092515297578, 0.005058734029643475, 0.0016028297200557826, 0.0009221929232453651, 0.23614143726256326, 0.04406713791223379, 0.021439006730710135, 0.0007119492653552132, 0.0016956883320306288]
            , [0.01447266576950964, 0.03320873757754903, 0.007785152890563452, 0.0063714083724350085, 0.2046635770244589, 0.007113197284133888, 0.10337691373530651, 0.012253663627716486, 0.007260754781481934, 0.04054948110687577, 0.007330450593096109, 0.024746765285899634, 0.004755614498623693, 0.01329738754685434, 0.013690847849619985, 0.02875772639057007, 0.011663484290780545, 0.014348906792521219, 0.003920516432391922, 0.440432748149612]
            , [0.1240574572961374, 0.022999088798550348, 0.000822117152880191, 0.0012020921449064105, 0.10183160435850094, 0.03753056886691961, 0.001052033994538831, 0.14428299723890017, 0.0011844683503093153, 0.22927787400395463, 0.051557004618140806, 0.0021985037798626615, 0.0013999817594321992, 0.0021074400921782307, 0.0015219371377949292, 0.04016878791438864, 0.049676007731528686, 0.17104789077071356, 0.007593308087682982, 0.008488835902679518]
            , [0.050899390568030334, 0.0039120611680140025, 0.04736820761439486, 0.1420717894656651, 0.005653807726711218, 0.017627795304608465, 0.04018925608626284, 0.009937968433887119, 0.1784403813080123, 0.027270678196502193, 0.013695571362805315, 0.04681239940595041, 0.0017971119453169503, 0.13967775556217776, 0.15662602958408572, 0.048636046329655576, 0.03523251819588739, 0.016139673958559947, 0.007209889320514913, 0.010801668462957823]
            , [0.07624124873473122, 0.0710114925172474, 0.014917138514440357, 0.01710406593768854, 0.10753624845109305, 0.03212863002024289, 0.07477973909482204, 0.023305494770636925, 0.019879987682234895, 0.046270657634587965, 0.016567266141239795, 0.05628727514285366, 0.008261855462445507, 0.026837311783405732, 0.03113920439898388, 0.1365939907661192, 0.05048363605482773, 0.03331432513824052, 0.009167987975415955, 0.14817244377874284]
            , [0.21327255776993528, 0.2637849094338286, 0.005763227748984876, 0.006917714485358994, 0.011315052724026674, 0.024584469647824278, 0.006371782601112537, 0.019798562579430586, 0.007320351902577898, 0.026112253545700088, 0.012979482570252743, 0.01365272863555458, 0.005344538060565124, 0.008344122128593116, 0.007637428067915091, 0.21137832848833513, 0.08985651411928709, 0.05549639685415355, 0.0024790778295475445, 0.007590500807016187]
            , [0.16193138182072334, 0.007131323573480933, 0.01587618930853155, 0.019377457133846695, 0.05059641257347173, 0.04381688196335471, 0.03060009797915499, 0.02205367864748997, 0.02089265468492392, 0.03874782930894363, 0.02116140356872738, 0.0530861557930757, 0.00944704142752922, 0.029340195939255125, 0.02141818071691068, 0.24195029930702233, 0.10934122630784787, 0.0409936881878202, 0.005505935876806557, 0.05673196588108338]
            , [0.587349770957931, 0.0034005383321743785, 0.004332584588797161, 0.006190777090482655, 0.0036609768364572063, 0.059098115500856856, 0.0022616701205980224, 0.01174733270003733, 0.003739235386564028, 0.011408190680389571, 0.0073270233045850015, 0.00543395317922064, 0.006028946199299628, 0.004194962726096295, 0.004760199934633686, 0.16510749538694341, 0.06120634416943131, 0.049279991002675494, 0.000995009510209324, 0.0024768823926171707]
            , [0.04768367559683893, 0.007537981257353057, 0.004641002192364038, 0.018445767572754075, 0.04984125290138583, 0.008145778760243489, 0.02023562066986409, 0.11964794843237736, 0.04748361859435266, 0.24121000104087614, 0.07606287611862018, 0.011753085919884906, 0.002999847656133838, 0.03616793508312961, 0.06496818072441775, 0.028813545007614277, 0.044441515419801084, 0.10873519954658792, 0.02234533973093128, 0.03883982777446915]
            , [0.06487058140153543, 0.011397092325762404, 0.01368161252613501, 0.0477935349536888, 0.018026919975540186, 0.02247307569575208, 0.038485082596271, 0.037972635364560935, 0.029227773732761652, 0.13245671107491178, 0.10050630408765932, 0.03031361955723469, 0.009689015048692814, 0.24752648136920974, 0.029144227917168038, 0.0568583226760851, 0.046221166111602985, 0.04477695477478798, 0.004521278005290988, 0.014057610805349337]
            , [0.02084012002616238, 0.010573321412534866, 0.0187968473940236, 0.014381064449027595, 0.048186346682025226, 0.011860186334558542, 0.35584669188702284, 0.010475122463337897, 0.02173749945265742, 0.025893279814838063, 0.007713999809648102, 0.1156809496492287, 0.005592167359177121, 0.05743344638662954, 0.038151480807672916, 0.043423713563880105, 0.01970994248672636, 0.012745255841651844, 0.002764074040638155, 0.15819449013855852]
            , [0.22698783568107936, 0.0027297783920611964, 0.03211085437486743, 0.027318333754555384, 0.005650562173751373, 0.13962033208351027, 0.006352766265866696, 0.007709840495303405, 0.014807837049121414, 0.01253752459532714, 0.00646140500797918, 0.04025762916982044, 0.009122230518076275, 0.018784758163142973, 0.013426961767907229, 0.3204257051643615, 0.08981990295028176, 0.019573834491726467, 0.001576231239810764, 0.0047256766614497394]
            , [0.0615777017359483, 0.00837243754601621, 0.013939215935567325, 0.06496275827994369, 0.007316940127997544, 0.007287744279204254, 0.014090616264426916, 0.13323664854310233, 0.08311454317209122, 0.047683541822026235, 0.014181034097954646, 0.02183319139403321, 0.003977285536436846, 0.04534835856621797, 0.05796172249157479, 0.052960332006130637, 0.14038372489703305, 0.21240627266101575, 0.0016282304793773903, 0.007737700163901679]
            , [0.06824313215961213, 0.0017362906781726135, 0.031710466064268396, 0.08183218129214241, 0.024781492393950638, 0.014189774401198058, 0.03829128303692041, 0.05108544411177337, 0.0981543422237597, 0.07658857985799217, 0.03178538549185115, 0.04031347863036752, 0.004639469971420141, 0.08226755348031702, 0.10198253418869481, 0.06595315577476941, 0.0802196847109874, 0.06563106398820719, 0.007387427349307198, 0.03320726019428836]
            , [0.014430257952903926, 0.000978114196772546, 0.0012290970988172302, 0.001824319575888541, 0.0009268041161043428, 0.9526855517440725, 0.0008370545849719425, 0.0009192463491801491, 0.0010735087808918368, 0.0017945854581163535, 0.00062934006038391, 0.0019276431639288912, 0.002519877189471237, 0.0010967518365949127, 0.0023028547425678635, 0.009795559742908716, 0.002285721153335873, 0.0018889603890810606, 0.00032961834856244855, 0.0005251335154456457]
            , [0.01627845547090165, 0.007055235331749602, 0.0038690255414152363, 0.005633465583482614, 0.1295603374952033, 0.008642993639571332, 0.012128048384444512, 0.013209568580315677, 0.006242591735958909, 0.036230133190379536, 0.01005221052821743, 0.007363111287451614, 0.003696634986379797, 0.007156264897008167, 0.009423041331695949, 0.016426479146597384, 0.01197959815242627, 0.014439581553676445, 0.5706535621021726, 0.1099596610609519]
            , [0.02083892246063814, 0.03181890725613053, 0.010546153758085635, 0.020474247981602925, 0.006831208469765637, 0.025177108177756403, 0.08445528085520342, 0.00955062912988828, 0.13765230592956254, 0.028944739159711564, 0.009320861493915972, 0.02975581041096298, 0.00858867103243378, 0.08880042788513594, 0.3845933611313722, 0.04570848226105042, 0.02090137020134423, 0.011964875031478722, 0.011392001246825375, 0.01268463612713506]
            , [0.023733557260464676, 0.0013734910353490823, 0.00045813169802244775, 0.0009985547392726028, 0.06337125354513255, 0.0035527507152772406, 0.0006208084736417292, 0.16817752077291176, 0.0007109377344263622, 0.4997154549623409, 0.0990343302410528, 0.0013468563810987253, 0.0010990133376127898, 0.002690986627674091, 0.0008141004901470681, 0.006160205302711907, 0.014602406844146288, 0.1030030692178359, 0.0020918299862195213, 0.006444740634661277]
            , [0.07949152840034188, 0.004521541607919049, 0.029113432963549863, 0.05128366395515899, 0.046782343348459876, 0.018807152001162758, 0.023853133447435462, 0.07112253039368263, 0.029772242791344283, 0.14579224876361196, 0.03568609292013916, 0.028995667871398085, 0.1106318796988906, 0.05136755177291198, 0.03921641174637183, 0.07073786000804466, 0.05434107589001037, 0.0759326595576573, 0.0036807983328837907, 0.028870184529025525]
            , [0.19400333832826394, 0.013345477274844047, 0.0031472881028406707, 0.0032308142036446925, 0.012814436916628806, 0.04759961732499505, 0.0028603283266330787, 0.026414279101324944, 0.0030672608539305994, 0.028494284636158433, 0.02041990842350928, 0.021908680887343174, 0.004020003496792004, 0.0062923112755877515, 0.0034897057488918106, 0.29583016435593473, 0.25367721282852557, 0.05195768803672061, 0.002095207264835955, 0.0053319926125947395]
            , [0.13915168541006467, 0.004367627701271827, 0.0007942959957019231, 0.0011781780949560745, 0.0036840904891287103, 0.7473875758011385, 0.0009235306903529943, 0.004063858608502907, 0.0009998190318422924, 0.004901194211512476, 0.00298852283117095, 0.0040577329342025735, 0.0014795396221141135, 0.0016251397640447177, 0.001355304686717246, 0.0617588559881013, 0.0098690856375621, 0.0073771726346850116, 0.0007262615759726968, 0.0013105282909566707]
            , [0.2350443305540883, 0.006145035658206609, 0.010086949659361607, 0.036673534354370825, 0.005674011070403868, 0.07437816663904544, 0.009965251590142355, 0.013289311841140008, 0.12762680809545252, 0.022068641956552212, 0.013366584177384401, 0.019584359401128376, 0.005491050401084991, 0.05879276969663933, 0.11213189278777677, 0.1583982987520746, 0.0577423311191729, 0.026105361248692376, 0.001780794266875594, 0.005654516730406975]
            , [0.10893845241001524, 0.011684330030407097, 0.009245650038585808, 0.013507543909075909, 0.04039026665035913, 0.030176496072260167, 0.015315692065840216, 0.03980779946741842, 0.016571388742748418, 0.07881442987837589, 0.02392037560600881, 0.015544971741625457, 0.3351409645966658, 0.018096709574177878, 0.018038212221093634, 0.07798409604430817, 0.053002626185793905, 0.057442424261362035, 0.012343676565588688, 0.02403389393828939]
            , [0.4290507496406432, 0.029759773599674633, 0.0006763303039381592, 0.0009866757455457128, 0.009399999889764067, 0.10450765604792336, 0.0007120480646615594, 0.02975579692396311, 0.0007393697348247862, 0.024986319653877716, 0.019247055594245263, 0.0032123974776203526, 0.0035299211424454613, 0.0016494547954370152, 0.0007931884943031579, 0.17042291520311764, 0.09717268209063329, 0.07086464828509938, 0.0007440510491346653, 0.0017889662631474382]
            , [0.056600462594742745, 0.016507096692731732, 0.0072125253251199796, 0.009666358939299116, 0.14008666314923876, 0.021815350463901692, 0.014170431336169523, 0.06721583476805502, 0.01550111831140181, 0.1579119473922214, 0.04557150865456876, 0.013689096941936294, 0.01051677146092068, 0.01460794873022036, 0.02198096484229056, 0.04097141928588638, 0.036649164853996885, 0.0720547189337432, 0.16665590091706053, 0.07061471640649461]
            , [0.16607537393550315, 0.05817847523917318, 0.005368730202709365, 0.0071520256941112, 0.10847807199063733, 0.04962462621686943, 0.009382648247896835, 0.04678951439991092, 0.007862557516792556, 0.0954876164577758, 0.03706694133198415, 0.015072086286404773, 0.00709835302014589, 0.010133260222149902, 0.010471563709382353, 0.14404982318897536, 0.08843882389831115, 0.0755124494282103, 0.01687079019295779, 0.04088626882009864]
            , [0.054418568429749056, 0.004183634503294851, 0.0010294326090449894, 0.0014328979842613914, 0.21538083353992546, 0.015139181556514232, 0.0016952916331363294, 0.13761357277589623, 0.0019290799135209197, 0.2506722095571609, 0.0465602646697106, 0.002406956392418723, 0.0035607156983617585, 0.002520149213750959, 0.002279586606223835, 0.014234172831156688, 0.024651503143894044, 0.12495509699604755, 0.03699362985519376, 0.058343222090737654]
            , [0.25644078782507385, 0.022001019858410038, 0.0029490836329606088, 0.004067099726123971, 0.014954582508825769, 0.036718447745437276, 0.0035241703776586596, 0.07573207464958194, 0.0036801000170668084, 0.05773961426226048, 0.024819512980324896, 0.00944245632165887, 0.06463774350524429, 0.006302327505308032, 0.0041730265650024925, 0.12138957480204696, 0.12086460819801811, 0.16277661747291813, 0.0020385202900832853, 0.00574863175599576]
            , [0.1778584629113456, 0.019459349329582654, 0.00044283630038306944, 0.0005943330256107792, 0.044640332416040346, 0.05152782399182414, 0.0004831368114990038, 0.16555991124922043, 0.0005048568689151564, 0.1739531367100162, 0.0333181600638809, 0.0011262620276848495, 0.0010058403035224607, 0.0007589454320589966, 0.0005389230518222519, 0.04387549780020331, 0.060907764043432455, 0.22139108305103952, 0.0006633330291712788, 0.001390011582746371]
            , [0.10268495573908822, 0.010684407657580325, 0.00018295559855297368, 0.00027243302642025074, 0.06926907028964441, 0.026256300756655106, 0.00019799288511924742, 0.2112803574860422, 0.0002542145508868504, 0.28376835649545856, 0.03194706266106779, 0.0004056383358337981, 0.0012634831363388906, 0.0004369985993051144, 0.0002437457590731111, 0.016410164256980164, 0.029756920768775928, 0.21006874324176633, 0.002570381057741754, 0.002045817697669049]
            , [0.0107390837081317, 0.0027738067556655, 0.0028191006658757414, 0.0033199503521198913, 0.4517158098745814, 0.004606777478676327, 0.020035587816882146, 0.010605711233797678, 0.0037787041869251524, 0.033368173517641236, 0.0073022957375096864, 0.007045819278906533, 0.0023255946578205266, 0.004920040709505204, 0.004439282727391454, 0.011439853998438628, 0.00823222833849678, 0.013288053196334873, 0.0018926926831452989, 0.3953514330821542]
            , [0.01979937904323562, 0.018536006557286135, 0.007165195906288804, 0.0089761568225694, 0.035383230375454114, 0.015683042554234215, 0.01047208806371493, 0.013344309472383029, 0.012063742574325145, 0.03419058862767201, 0.010351821519723957, 0.010542822714257064, 0.006841957308929553, 0.012370923714195518, 0.020384150552055873, 0.02917860007311948, 0.016998917169628213, 0.017148236463710588, 0.6756457859286509, 0.024923044558565415]
            , [0.023679753427117024, 0.006344723644746447, 0.00984745730305633, 0.011471624324734735, 0.012074223759231806, 0.009941999634239014, 0.6354581953209997, 0.012044487160259014, 0.011049602255198167, 0.021374080929392483, 0.010885231062307996, 0.05347282382267977, 0.005764930095662399, 0.07573073010679238, 0.015804674057883446, 0.029269131094070425, 0.020505115687544633, 0.015072519911037538, 0.0027878243244941737, 0.01742087207855253]
            , [0.010570399653075248, 0.8939077359406001, 0.003145839540431044, 0.0035613080598583054, 0.004507554995249247, 0.005716359950825908, 0.0036722639073621783, 0.005613529005195819, 0.003671674142834227, 0.007769104845618893, 0.003087125531998491, 0.004414354542683726, 0.0028197035741421603, 0.003573830294809197, 0.005109415863428081, 0.016480911549971045, 0.00804159015633463, 0.007899693862233022, 0.0016542624625621929, 0.004783342120786655]
            ]
# The number of clusters.
n_clusters <- 192
# The base file name of this file (for reproducibility).
fn_distributions = "udm_0192_clr_rb"
