# This script is generated automatically.
# Vector of amino acid stationary distributions.
distributions <- [
              [0.07609144491883581, 0.013292687254505137, 0.05361342608953096, 0.079707527783449, 0.019520441405481346, 0.049790442695294715, 0.06315867232227902, 0.024243590157930248, 0.08545604879483712, 0.04488800830325732, 0.021870110758616963, 0.060906202041797794, 0.02917124470645022, 0.09065969974309931, 0.07749171231913266, 0.08571476631042613, 0.05761953239809786, 0.0331925047836278, 0.007046694720732607, 0.026565244539849077]
            , [0.03912455889496415, 0.012121801663325993, 0.0034788095908237643, 0.006785488311374377, 0.07831675150950801, 0.009079646146521514, 0.007804729744353733, 0.1897126984808084, 0.009475681226700818, 0.2978880438390602, 0.08992052117984671, 0.007148249201800891, 0.006541997654468237, 0.012039456873554937, 0.011024421459093, 0.01917484185731385, 0.02961430583584968, 0.14287026128648753, 0.007282854475015647, 0.020594880468783106]
            , [0.03536176711280268, 0.00938150264980937, 0.001814845993904822, 0.0034996490883937303, 0.018702998665145416, 0.004182428234617994, 0.0024066777994194086, 0.3499104795435892, 0.003934989723640793, 0.11100756981148535, 0.03157059530559247, 0.0035391891865504538, 0.0035346908462303393, 0.0038202942572939033, 0.0038716657780201794, 0.010427390034577058, 0.027614925940637726, 0.36897324080420635, 0.00141682278406034, 0.005028272372465319]
            , [0.13908914180310333, 0.03483029203278057, 0.01002618437132139, 0.01808598493551259, 0.03440315738016765, 0.02975447763859459, 0.012061839606705956, 0.10982590616479387, 0.019384636072134684, 0.09590935018048867, 0.04627881224362412, 0.018665279997717225, 0.019421443302157983, 0.019785273884608462, 0.01902580317131437, 0.07091374480898875, 0.09807665823898722, 0.18027249658712213, 0.0062766656555698404, 0.017912853321990302]
            , [0.0330379694642605, 0.007871666614753706, 0.014465793525083412, 0.03377368437413214, 0.006608635363175991, 0.01784169426149132, 0.02759182093043415, 0.014973245212074757, 0.2839217012576266, 0.02589278897309677, 0.014008808901354593, 0.034228875417395214, 0.00959523037244377, 0.06226566441574438, 0.311183650057409, 0.040122989171625774, 0.031938211559791374, 0.01820658320764676, 0.003786029028978276, 0.008684957779933344]
            , [0.15637074033294518, 0.033536957485111894, 0.023120231574239997, 0.02117754279890764, 0.012243589670749656, 0.07075299096144422, 0.014167306052090435, 0.017548247192537406, 0.021200630598658628, 0.02312599193610128, 0.012834574129643679, 0.050229080797301075, 0.02486520682461145, 0.02174964344347166, 0.020493707480260463, 0.31795040270693575, 0.11413461833688095, 0.031210621845174216, 0.0030279415118237623, 0.010259975031286353]
            , [0.01909232172007387, 0.014095181697595147, 0.00529039326085784, 0.0062668787351489175, 0.3372202677579833, 0.0072718121007716435, 0.0405177835974515, 0.02843531162078243, 0.0076868333939342365, 0.07596791756667262, 0.01958921265142679, 0.01234482441156658, 0.004783505917623814, 0.009712997543969915, 0.01055105948357836, 0.019888210235149105, 0.014233051754128027, 0.028084533075466545, 0.026371783314599766, 0.31259611778652274]
            , [0.016098132129564055, 0.006724246514303155, 0.0018428617466871439, 0.0033451919827638676, 0.061704051479493274, 0.003604844483951722, 0.004282455352412059, 0.11403068964598782, 0.004695132185091565, 0.5666454627404994, 0.09102179301970925, 0.0034925182153447004, 0.00367469856865325, 0.007342527236320902, 0.00573432402796812, 0.009004342612482064, 0.012882897589254039, 0.0698097561384326, 0.003413052485227582, 0.01065102400708584]
            , [0.4745993774562927, 0.029020377127373775, 0.007151998920267681, 0.010947866853230348, 0.007898175937703457, 0.09898038594119035, 0.005157987289948703, 0.01762460684265564, 0.008676450305875973, 0.01894183118886937, 0.01052639641539048, 0.010642236465765079, 0.0138746288514678, 0.00901988922030061, 0.008408891510673366, 0.15458142953819365, 0.056286547690401006, 0.05069146655741938, 0.0017886936921115565, 0.0051807691266668385]
            , [0.05470414034756077, 0.0035178309127606097, 0.1899861230292525, 0.36716005064218665, 0.004559087348830142, 0.02668254771040683, 0.017018636000586014, 0.00960618445870974, 0.05057674470654882, 0.015446412984958732, 0.007619367800654437, 0.040804085949211324, 0.012484506631098343, 0.07231330748888995, 0.02773354352947203, 0.044169205345167814, 0.029443081059725502, 0.018274912385115055, 0.0015115917229525907, 0.006388643591004484]
            , [0.07952646220288732, 0.007935593421442419, 0.022050625561910342, 0.014957681442124365, 0.004382556234487016, 0.6981574060969364, 0.006931350910801735, 0.005125492235949672, 0.013473551357695422, 0.007854379784029308, 0.004210543775651037, 0.025936453642304756, 0.005775179335659943, 0.00948075169670028, 0.013384036965197271, 0.05199389512232541, 0.014053612975767002, 0.009415138961201622, 0.0017996774226154456, 0.003555605872183565]
            , [0.09785730271815717, 0.007293549784914153, 0.018191233946612408, 0.025211797330984505, 0.008238596278500376, 0.021631257220596216, 0.013717561348780515, 0.01670310183613348, 0.024237828116350574, 0.02974885542601631, 0.008926311198554644, 0.016844139769376664, 0.5103858197831963, 0.025497910971454374, 0.022333960403794033, 0.07649572386540199, 0.038854379192863636, 0.028229578426738927, 0.0025620537182836755, 0.007039039838753338]
            , [0.030622324987231775, 0.0049025318381668865, 0.47925990567158105, 0.12896780244382833, 0.004583879272295387, 0.03302502283034734, 0.020463007834504606, 0.00641284488933995, 0.024598947559338783, 0.009439516884786878, 0.004856274264970751, 0.10894108731297616, 0.009638672290309808, 0.026279962427892725, 0.01559750160981889, 0.04935142666059576, 0.024108871053845335, 0.010519140279125178, 0.001336785959794128, 0.007094485897654129]
            , [0.03968535508383431, 0.01251809087588316, 0.10237508725171365, 0.03729857874069385, 0.010627588700411271, 0.059786251334387856, 0.05614667723695033, 0.01309118024960454, 0.04411096884372035, 0.017651726350416397, 0.009639359305915814, 0.32089981915005733, 0.010115200279447518, 0.03277371939238638, 0.0319432320487188, 0.11259319111673524, 0.051736377783612786, 0.016377965780871223, 0.002778648261394085, 0.01785097926289153]
            , [0.07400631946809687, 0.018676368207232112, 0.01487859579785495, 0.01472760180194619, 0.0088133253648126, 0.019778677475727077, 0.009774980696118539, 0.02763749060168088, 0.01976319255601003, 0.02332493796936863, 0.01671400730631427, 0.037982483162999, 0.011809700848501602, 0.015224325891518259, 0.01672152722802174, 0.21232652142651828, 0.4056269136348552, 0.042976126239743305, 0.0021694983974344774, 0.007067400970474438]
            , [0.025529965897877538, 0.24772097339741547, 0.006980974184558515, 0.008006444929560187, 0.060662004158412816, 0.014986004532759271, 0.012864821178406633, 0.01642465612488464, 0.01012042034758541, 0.03691859321008946, 0.011933890984004849, 0.010300177135958183, 0.006856987933558871, 0.010251434907720677, 0.017503061239310974, 0.03278197896032007, 0.018220477396800952, 0.020078873018455776, 0.3805348177127038, 0.051323433200246085]
            ]
# The number of clusters.
n_clusters <- 16
# The base file name of this file (for reproducibility).
fn_distributions = "udm_0016_none_rb"
