20 A C D E F G H I K L M N P Q R S T V W Y
192
0.012884275366451833 0.0152663427423636 0.0060977542133688 0.0015221793137009 0.0027197426305884 0.0468833226268260 0.0029780441095617 0.0033189940961488 0.1519031009074813 0.0036250299556219 0.5563001755201405 0.0730415027312969 0.0029696075358566 0.0034956784486498 0.0056535783930943 0.0046964035677734 0.0074970306998672 0.0124719649606022 0.0893786315648517 0.0024008481711377 0.0077800774442231
0.012753094165288314 0.0130263199188283 0.0058513386082290 0.0015711498459750 0.0026725082388193 0.0520587905433810 0.0029055413678445 0.0036471157378131 0.0930425979651163 0.0040969048790251 0.6339718928890882 0.0854117631999105 0.0028667116811271 0.0034625834116726 0.0062193864684704 0.0046501842332289 0.0077069855525493 0.0105482127014760 0.0551952690697674 0.0027119438233452 0.0083828036970036
0.01128728683054811 0.0366931297599798 0.0093507395215008 0.0018133639909803 0.0035302847705912 0.0222846173211218 0.0045422022779181 0.0024225091091207 0.3311433569984839 0.0039448279868619 0.1253936589514906 0.0345805946184942 0.0034091350654371 0.0037922079689237 0.0037766939954522 0.0038907018749368 0.0106556000399191 0.0287562933329965 0.3630699502273874 0.0015092793727135 0.0054408439482062
0.011136143272685792 0.0212598772522408 0.0019097924120615 0.0045086991685019 0.0030406786304735 0.0011431859916263 0.9257755544174116 0.0017189516578745 0.0013344192030729 0.0026596412622279 0.0021775837869398 0.0011400004944940 0.0054358335708066 0.0014887180038667 0.0021543885830986 0.0033191496650447 0.0139706915154929 0.0031421037078101 0.0023776004985918 0.0005546730995390 0.0008884442478361
0.011127587976957736 0.0300418444361865 0.0104986415886725 0.0027719885758586 0.0052486438749615 0.0704627291260892 0.0068262080609944 0.0063933726381343 0.1349559069502820 0.0072237418850078 0.4431947068170176 0.0897108946745259 0.0053114339718092 0.0059077284000513 0.0102594848528959 0.0087741628521783 0.0155584462913891 0.0228250693823680 0.1035128332906202 0.0055120328195797 0.0150101329718093
0.011016369132493013 0.0443097066312791 0.0111369936162610 0.0019611527630244 0.0041646162301658 0.0567101733480062 0.0084316913524081 0.0040999679783273 0.1897452933583635 0.0052612142369499 0.3529229075608494 0.0643444744458828 0.0040574454243916 0.0049653223265148 0.0063536217863800 0.0062642694885551 0.0142290814984465 0.0266014396711549 0.1799027990937337 0.0041036133133351 0.0104342085673226
0.010582900815604859 0.0333452290056589 0.0087228901546214 0.0014687606627323 0.0027563055828350 0.0345954805874427 0.0047662885246563 0.0025511276340609 0.3223215847480467 0.0033009156233091 0.2061970657504715 0.0497490770816492 0.0032423359975748 0.0034051011842360 0.0040457125613042 0.0037066569823228 0.0097821494505526 0.0248444119706279 0.2722307181352738 0.0021882692908381 0.0067799160493128
0.010254947812696058 0.0679854390772651 0.0048697239074485 0.1430510590327959 0.2975530264035579 0.0062860448729850 0.0302141063035020 0.0218570696892718 0.0134119019724846 0.0658271411256254 0.0220764640444693 0.0105959895605892 0.0446384212451362 0.0140432930422457 0.0861818758198998 0.0387657230516954 0.0564805793746526 0.0403666953307393 0.0247798764785992 0.0020485238855753 0.0089670475780990
0.01014087720298865 0.0489462366722973 0.0137747048254786 0.0028135558561655 0.0058862825361769 0.0606516494051238 0.0099912093088402 0.0057091709954111 0.2307739149774771 0.0079089473217907 0.2340858795045045 0.0716656836570947 0.0061861693733108 0.0064555247972973 0.0086482527018581 0.0083144937992400 0.0200956434006192 0.0390739864695946 0.1990661185810810 0.0051956420103885 0.0147569219487613
0.010109507785319112 0.0367100642651621 0.0088826653001411 0.0150496025165021 0.0344878499390691 0.0072892618251058 0.0205646453853315 0.0330055913782792 0.0155539479088856 0.2353648033850486 0.0285496465387869 0.0151666923977432 0.0369519049884344 0.0105804226005642 0.0718988191086037 0.3131072733427364 0.0472351238504936 0.0358375591904090 0.0198649776530325 0.0043028422016079 0.0095963082747531
0.010078138367649574 0.0576881559156524 0.0099539277942542 0.0291351296266629 0.0544238563716388 0.0101388309484857 0.0335000585960940 0.0374017179606567 0.0211483149230116 0.1820468888763092 0.0349876752292670 0.0191204287613926 0.0535437948429097 0.0146988373634305 0.0805547944749505 0.1935032408717803 0.0703705814831588 0.0519884285592980 0.0274457260571752 0.0050075897249080 0.0133420187647891
0.00982433126105059 0.0749233381857765 0.0186411645462700 0.0050176492221480 0.0103623723036285 0.0292292605808418 0.0121844448124817 0.0062938698037736 0.2256723625834541 0.0114323175033381 0.1104047579390421 0.0462626010531205 0.0097678387872279 0.0083750059117562 0.0107507283195937 0.0108641870534107 0.0329683191814224 0.0666086783105951 0.2958369497822927 0.0031386343646444 0.0112655270284470
0.009795813608623739 0.0249897099709047 0.0075588825290951 0.0011472455743381 0.0022043328486471 0.0407129499546116 0.0037067093974397 0.0022629488948211 0.2945163959848697 0.0028603018284258 0.3068095513529238 0.0555080328338668 0.0026860204855978 0.0025603292563282 0.0035538712545825 0.0032310141846960 0.0072967183898748 0.0183671780017456 0.2114829424498104 0.0021843031043934 0.0063605748315391
0.009781554782410311 0.0573647103527696 0.0057523651314869 0.0136894802264139 0.0095045451565599 0.0030452102393586 0.7928369102040820 0.0043783874236152 0.0035513442994169 0.0087880908125365 0.0054296521883384 0.0028631050446063 0.0166586790889213 0.0036999619320701 0.0056888095667638 0.0100121504096209 0.0375647118833819 0.0088318815676386 0.0066273905880467 0.0014651173506122 0.0022474923448979
0.00963326298979068 0.0167236953966843 0.0060552735455299 0.0012741337222912 0.0024471508177029 0.0394108092670219 0.0026945954668442 0.0026270133241563 0.2195813632918886 0.0033100806405566 0.4681727847838957 0.0660360341977502 0.0026455671536411 0.0028878558398461 0.0044337915541741 0.0040221406116933 0.0063060495337479 0.0135035024248077 0.1288513769952635 0.0022908170763469 0.0067259509526347
0.00962185592881994 0.0231578489508004 0.0067590731813574 0.0011027034141672 0.0020124263470658 0.0106402990942503 0.0021121757148787 0.0014296540163011 0.3551894398340245 0.0021983243482512 0.0675252039033788 0.0171861696917605 0.0021889897634855 0.0023952036560758 0.0022028006490811 0.0021844755646117 0.0054620624893304 0.0175539209344991 0.4752059285714291 0.0007882070800830 0.0027050859356847
0.00937090058746364 0.0961351627862363 0.0071515027780146 0.1040707700883068 0.1741923395249696 0.0078923237079782 0.0454476830481120 0.0284871676236297 0.0149778662481730 0.0735280115499391 0.0270456776613885 0.0130684376997564 0.0577294560779537 0.0181827056196711 0.0856549296741777 0.0548861519244823 0.0926989507612667 0.0588129203775883 0.0265568932308161 0.0026165856278623 0.0108644637740560
0.009205498203387896 0.0166180168680297 0.0054823939977076 0.0011434297685875 0.0020133539129491 0.0113044579129492 0.0020507151502478 0.0013735962318464 0.4475357109665427 0.0021934024237917 0.0715247316418836 0.0186213588104090 0.0022243812205699 0.0022779276750929 0.0022188313773235 0.0022748982840769 0.0051165649058240 0.0155553957716852 0.3867686592317227 0.0007608255722119 0.0029413479206940
0.00912564877659271 0.0418556654843749 0.0072519752869375 0.0227630904950000 0.0547185398737500 0.0067255859612501 0.0218343317253125 0.0299648851956250 0.0173956378196876 0.2765375590624993 0.0289232085999998 0.0161930149540625 0.0479704662437500 0.0099351607821875 0.0857884011562499 0.2058946893750001 0.0515403015093750 0.0410672860312500 0.0214141474124999 0.0032104590888437 0.0090155930725000
0.008965949923002339 0.0216236394147582 0.0070034767107506 0.0014563619316159 0.0027411767061069 0.0231823862846692 0.0032433492080153 0.0021690652127227 0.4216437096055975 0.0033757722744911 0.1443897046755724 0.0397562540162214 0.0030537575559796 0.0029311337670165 0.0033506086335878 0.0033577380944338 0.0074955246870230 0.0219423022280535 0.2800743645038166 0.0014831418794529 0.0057265303237913
0.008937432270575486 0.0711536963285487 0.0053626784644338 0.0643792277763955 0.1415685741945773 0.0062582599342902 0.0268169996427432 0.0295199411100479 0.0156067029907496 0.1564437280063793 0.0285376637559807 0.0141067649508772 0.0553245332089314 0.0118923825601276 0.1085173031770335 0.1165463706762359 0.0648133812185008 0.0486348896746411 0.0233556595786282 0.0022762152176395 0.0088850326459330
0.008911766383391318 0.1144356651488000 0.0228902216054400 0.0358511918124800 0.0331164506992000 0.0158569426947199 0.0631944559616000 0.0233397826611200 0.0176050968851203 0.0343010456576000 0.0280115197408000 0.0144272035193600 0.0716344098208000 0.0252308422758400 0.0348600354400000 0.0339005112387200 0.2857888844799998 0.0993166025472000 0.0272477344448002 0.0038731394056960 0.0151182535641600
0.00884617578280956 0.1319772623628148 0.0109520071971595 0.0547201618528083 0.0814690512201420 0.0105670962937378 0.0531078858747579 0.0280542502081988 0.0202778516207232 0.0608001424951582 0.0326374502614590 0.0179516413608780 0.0647155677146545 0.0206351057663008 0.0703594538960619 0.0486139789628793 0.1561374411878631 0.0855642112976114 0.0360052626985151 0.0030093671413493 0.0124448396823758
0.008532481606114185 0.0716168833411137 0.0192893347732578 0.0119538437525843 0.0215177722760920 0.0342877777359120 0.0168477074231409 0.0155787849733245 0.1581355803601199 0.0233399217802601 0.1327424045648550 0.0674974798632878 0.0220886327805935 0.0148460512890964 0.0264373953751250 0.0230350865131711 0.0559645911737246 0.0860392618539513 0.1720208729909972 0.0060678948569523 0.0206927125018339
0.008503963953687332 0.0625171547986577 0.0055183413766779 0.2001559256711412 0.1948331572818793 0.0071113009516780 0.0432528066778523 0.0300588086661074 0.0119796854134227 0.0625572232449665 0.0201449509006710 0.0099347637080537 0.0801482029395974 0.0178893499466443 0.0678901825872483 0.0393743420973154 0.0713123213322148 0.0417021650637584 0.0203918196708054 0.0022096270515772 0.0110178824302014
0.00847544630126048 0.0605338893438762 0.0156146391830417 0.0027997216581426 0.0059629336339166 0.0186976204734185 0.0063012226783310 0.0033305617836474 0.2301186705921936 0.0057292213075371 0.0947225671567968 0.0307725627994616 0.0049127418320996 0.0056030038940108 0.0051885195447511 0.0054218711026245 0.0170553756433379 0.0431386030820996 0.4362765992597583 0.0017335558858681 0.0060861162288021
0.00840415217019335 0.0069533959429930 0.0036821738018324 0.0009487871011199 0.0016222155863589 0.0368488513182898 0.0015690238486598 0.0023764672772310 0.0649740417699355 0.0022776210271463 0.7475961197828298 0.0651806817543265 0.0016859275877163 0.0022015559932134 0.0038501990980658 0.0028653767811333 0.0049164943091282 0.0059054385965388 0.0382642047777404 0.0019286496835087 0.0043527801180862
0.008292933325728625 0.0747695878824338 0.0132388123661052 0.0313363879113097 0.0641180685596425 0.0220046533221038 0.0277572591062221 0.0406761789828119 0.0398872740838776 0.1015000259711242 0.0663716048573393 0.0312953568683396 0.0453171335097972 0.0185363954114816 0.0841497844757649 0.1106788005156410 0.0729825200378137 0.0698924037435544 0.0520102108078378 0.0085366718516329 0.0249408626266758
0.008258712142816404 0.0604563921312608 0.0171883836573402 0.0070017509737478 0.0152252111454232 0.0518583037699482 0.0156101570435234 0.0135636671851468 0.1371743999999999 0.0205613082877375 0.2496735592400692 0.0855356885043177 0.0147422439001727 0.0111890567530224 0.0236518451664940 0.0219727534656304 0.0409773008324698 0.0571328399309154 0.1275007950604491 0.0079490666518135 0.0210352796459413
0.008170307420293161 0.1087144998184991 0.0206242528446771 0.0251235073165794 0.0304538441989529 0.0176434912931937 0.0381838738408377 0.0202571706935428 0.0372211324460733 0.0358490835012217 0.0399654181047120 0.0244853594345550 0.0569157488132635 0.0242408690502618 0.0346343623350785 0.0318257535602094 0.1996756068760903 0.1803755691797553 0.0541624527923211 0.0043757463012216 0.0152722562408377
0.008161752124565106 0.1054674568483578 0.0229061127948987 0.0231535826523410 0.0357984216872816 0.0285862354238295 0.0327015113242488 0.0254858229095038 0.0706862500593990 0.0382741277561146 0.0884583382599581 0.0473119402271139 0.0432808493151642 0.0217460060255066 0.0469104365932914 0.0375558915548567 0.1100371425925926 0.0967365074772885 0.0954162592941999 0.0068026698245982 0.0226844406030748
0.00800490503621742 0.0502462878019238 0.0028675889057001 0.2310684121838265 0.3715586989668683 0.0035389667524047 0.0267494535447097 0.0156571515824724 0.0076143502597080 0.0418491432632704 0.0125311971389382 0.0061445096508728 0.0405899349447809 0.0110084590188813 0.0650412566690417 0.0219200066729605 0.0428016588279302 0.0269145663234770 0.0154629744446029 0.0011680905070182 0.0052672926202351
0.0076997661552500995 0.0302987516888889 0.0063623966529629 0.0137977894548149 0.0328369806222222 0.0053861000225927 0.0167839607837038 0.0229140798448148 0.0135414868044442 0.3514485896296300 0.0229092509777777 0.0134675890559259 0.0359307516592593 0.0080504368322223 0.0630211262740741 0.2634957714814813 0.0404277888481482 0.0322314053814815 0.0170753331292592 0.0029545422803704 0.0070658616681482
0.007522956710203616 0.2271746436694466 0.0260464320849128 0.0233802965902199 0.0304295382725550 0.0149982314833207 0.0795073172896133 0.0175900058150114 0.0230798076497347 0.0264718867486732 0.0320097272592874 0.0185696375212282 0.0445032585284306 0.0231340993013647 0.0318905373616376 0.0248756459510993 0.2143167767247914 0.0808822336087946 0.0439436713760424 0.0037642679117134 0.0134319730568612
0.007417441396224263 0.0708453479285165 0.0190835751341276 0.0532215271714066 0.0422988223212913 0.0153759044066103 0.0547327829323597 0.0448095750576479 0.0212037326129901 0.0506723735564950 0.0295148934050730 0.0164263775872406 0.1673282528055343 0.0158803433854727 0.0520746415219062 0.0429631140007686 0.1685528965411222 0.0822217830707148 0.0276293416564182 0.0041628145591852 0.0210019112878555
0.00738892374379741 0.3507102832883053 0.0387758673454265 0.0108565119853339 0.0142689137746044 0.0106763298965651 0.0583109565418757 0.0074708222153609 0.0198364265611733 0.0120790979347742 0.0224936711308374 0.0126589085642609 0.0194764749872636 0.0164521117738325 0.0139188287414125 0.0119184619332304 0.2376837757622541 0.0861072507912003 0.0466749276263991 0.0021879708653030 0.0074424253299885
0.007249187246905835 0.0609234419315500 0.0174479730924469 0.0204582311561762 0.0382617260818253 0.0428304371164437 0.0217049407395751 0.0378733871943352 0.0683928968568057 0.0419163953111723 0.1867121886703382 0.0673970619708890 0.0382084119276161 0.0181259063878836 0.0695902746262785 0.0461628606298190 0.0611129048033045 0.0525827136428009 0.0663079956648308 0.0112277772891424 0.0327624731199843
0.007217817829236297 0.0167898970683524 0.0060388896483603 0.0013107259256815 0.0025205834138284 0.0359780318818649 0.0026224104934808 0.0027922980665744 0.2963129822204657 0.0034909061881076 0.3826426068747540 0.0691938672817069 0.0028331077431845 0.0029439003318846 0.0041746491651520 0.0037116719157645 0.0065710421801659 0.0142341249107072 0.1368666213275385 0.0021924750530225 0.0067792147981035
0.007214966063993612 0.0503952271496250 0.0034028006170549 0.2874489569680216 0.2763981097512831 0.0045956759956573 0.0335422073391236 0.0194516890619818 0.0082600206304778 0.0402129349056455 0.0136878297062770 0.0062125303280695 0.0594606204026846 0.0145618492530596 0.0535929722818792 0.0231046705448085 0.0522701973943940 0.0297753350611923 0.0156661635096725 0.0013221675248322 0.0066380435479669
0.007203559003022871 0.0316509779532858 0.0078329070249010 0.0012880264988124 0.0022517075035629 0.0087341152513856 0.0026299718531274 0.0014426000055424 0.2656181397466351 0.0023538778436264 0.0568464790459224 0.0154321756579572 0.0022066746326207 0.0022074537763262 0.0021953369457641 0.0021917277038797 0.0061838376409343 0.0191238690954077 0.5666986373713385 0.0007418018486936 0.0023696682011085
0.007195003707294816 0.0389059388149029 0.0143003536738010 0.0022055712889813 0.0035516391644867 0.1683784427269123 0.0108086201062228 0.0058933809191438 0.1454598188267934 0.0043128686916370 0.3198861664684899 0.0656884783987316 0.0046584643987316 0.0057364986321840 0.0062019416559652 0.0056497538628617 0.0189171973476020 0.0241401031668648 0.1125551246413001 0.0113896021038446 0.0313600478307570
0.007152227228654537 0.2233802627591710 0.0385833132133174 0.0089108962157097 0.0137506020929027 0.0215273309449761 0.0397939692623604 0.0083084398512759 0.0675818621531101 0.0129324264449761 0.0571253188397128 0.0304206845055821 0.0177819679385965 0.0146193378488836 0.0140107884920255 0.0120053583640351 0.1375544478070175 0.1310117019936204 0.1365062630382775 0.0035497314708931 0.0106452901834131
0.007072377801859351 0.6289846955645162 0.0190707215306452 0.0033896840556451 0.0052554683096775 0.0035965126326613 0.0570942107346774 0.0027516200258064 0.0083070903258064 0.0042072861673387 0.0084203562959676 0.0054247584375000 0.0057094119399193 0.0074947334629032 0.0046942309536291 0.0042185225919355 0.1612959170564516 0.0368962159072581 0.0295584401895161 0.0009836266421371 0.0026464964665323
0.007023897792733702 0.1821408321559074 0.0332473358384085 0.0070817594970767 0.0116387947697929 0.0287093910600893 0.0335344544376776 0.0064710477661389 0.1236430333536337 0.0103977653162809 0.0847317788428746 0.0385416297685749 0.0124412950763297 0.0129336738526188 0.0111904426601705 0.0102344613487616 0.0706859053187170 0.0879192255582623 0.2197549012180267 0.0039411550113682 0.0107611259874137
0.006852791878172589 0.0830725731973356 0.0133699610016653 0.0328992634845962 0.0479657033763530 0.0098976314825145 0.0473583011365529 0.0322538052872606 0.0172912652460448 0.1278785399167358 0.0265047273272271 0.0155056581065778 0.0706202591382183 0.0185144686248959 0.0628991997668610 0.1185675067152372 0.1527833789342214 0.0811058797710242 0.0256972249375518 0.0039381929729392 0.0118764387485429
0.006829977756231107 0.0110139565048015 0.0102760372405010 0.0032371974400836 0.0040630149816283 0.3248311281837163 0.0045011656004175 0.0340833869645094 0.0146440287198330 0.0047397421899792 0.0358430400793320 0.0096239307582463 0.0084905216847599 0.0029310525770355 0.0061295699181629 0.0068379381574114 0.0126163823757829 0.0085305658066806 0.0154393235903966 0.0218659129845511 0.4603021035490603
0.0067929048080761995 0.0117678022355166 0.0038787231593619 0.0008744987898405 0.0017072993925273 0.0112623617942905 0.0016019164781696 0.0011643282616289 0.5482624685138541 0.0019633703900084 0.0760700914231738 0.0211786732527288 0.0018061681381193 0.0018596989559194 0.0017829856108313 0.0019409226519732 0.0041082342052897 0.0123964210701091 0.2928738627204024 0.0007059986101176 0.0027941832346768
0.00674442479895055 0.1203845945454546 0.0222674596382664 0.0023659858955602 0.0041324963255390 0.0603616991754757 0.0297617075928118 0.0038828857559830 0.1552113230866805 0.0043416508097674 0.2066897036363634 0.0460947914038055 0.0044612217027484 0.0070199389416490 0.0054403018431289 0.0056141307235940 0.0327252004651163 0.0477117056405920 0.2267357336152219 0.0050885729784355 0.0097089014558139
0.006701648320310272 0.0646059982510638 0.0071620937229787 0.0329502735178723 0.0771748031702128 0.0081826756374469 0.0259603474102128 0.0241269244400000 0.0232320247906383 0.2605522940425534 0.0335257370808511 0.0202016114961702 0.0539859472765958 0.0136713288770213 0.0787150376893616 0.1079589517829788 0.0634550618978724 0.0612035381319149 0.0302043630042554 0.0032825665514894 0.0098484211668085
0.006604688302058974 0.0179718625863557 0.0048165885975820 0.0069913498613989 0.0171085843657168 0.0039191639149395 0.0109542207405008 0.0183047827318653 0.0096254971830741 0.3731367396373054 0.0167459324883421 0.0096942578065631 0.0241751983765112 0.0061348382858376 0.0436727579145078 0.3708673044041456 0.0262501301165804 0.0211534333031089 0.0108796566178756 0.0022855353294473 0.0053121754222797
0.006581874180117493 0.4675980554592721 0.0352811647218371 0.0091405223687175 0.0147977929397747 0.0086130634293760 0.0610261632339688 0.0063138759878683 0.0194641856195842 0.0108987854839689 0.0210318439991335 0.0115146693193241 0.0127287447136049 0.0141808564016464 0.0108773004393414 0.0100528424116118 0.1523633437608318 0.0717375237391681 0.0542790820883882 0.0018891027980936 0.0062110877010399
0.0065305424057491585 0.0581387057516340 0.0088276415311547 0.0971135697864924 0.0950033086143790 0.0096149861738562 0.0546976609891068 0.0476561489115469 0.0141664056000000 0.0989418356557734 0.0248798649542483 0.0118391213224401 0.1121350797385620 0.0166910954596950 0.0769843337385621 0.0784827887363835 0.0997305749542483 0.0546974756732026 0.0207427797215687 0.0037521269644009 0.0159044927111111
0.006502024753322307 0.0488558836303774 0.0065010138810360 0.3304012928007016 0.1542443022388059 0.0069591916707639 0.0450399707489025 0.0270260433564530 0.0094322992120282 0.0405859275417033 0.0146965994798069 0.0073822315263389 0.0958141794688323 0.0156230260307287 0.0413818040474100 0.0252959821246708 0.0664429502107112 0.0356971515452151 0.0162741435948200 0.0020374423154083 0.0103085641237928
0.006439285917983231 0.0571449374047829 0.0038491732354296 0.1078369499291407 0.4356724924712134 0.0050832883144376 0.0211176384654562 0.0167898071904340 0.0111602925079717 0.0551518500119575 0.0173970818303807 0.0091472443046944 0.0278111485097431 0.0094329035597875 0.0968878467759079 0.0303770923449956 0.0358633291275464 0.0288707024977857 0.0218274719313553 0.0018546290508857 0.0067241272449070
0.0063993612045856385 0.0506807461631016 0.0131279887149287 0.0017925465427362 0.0042095793752228 0.0338067581831551 0.0065945634211230 0.0032987391782531 0.2070796266042783 0.0045345094565062 0.2300861354723713 0.0481454594028520 0.0035364006934046 0.0046949055000000 0.0052974813471480 0.0055015545975936 0.0120437121688949 0.0295380439010695 0.3262192406417108 0.0026595960004902 0.0071524002419786
0.006387954143614897 0.0105666977053572 0.0091936517147321 0.0030148405321429 0.0036888574209821 0.4297750486607143 0.0040405979973215 0.0257895975950893 0.0156336517245537 0.0040938952441964 0.0454170217053572 0.0114889308593750 0.0067555510897321 0.0028467857727679 0.0055575095299107 0.0059392128044643 0.0119866536821429 0.0079857817473214 0.0169939413852679 0.0208636750549107 0.3583680933035716
0.0063166600125477675 0.0159759414130926 0.0051683823772009 0.0013156469946276 0.0023526406492098 0.0298011716013544 0.0024115801322800 0.0022213449419865 0.4033375945823930 0.0027287149864108 0.2594281688487586 0.0542919317742664 0.0024978364306998 0.0026216786766591 0.0031286181580136 0.0033671091395936 0.0056337209349885 0.0145706422880361 0.1809905746907449 0.0018819583377427 0.0062747538036117
0.006288142360120915 0.0578426942902494 0.0186360713265306 0.0215891700335601 0.0395774147650794 0.0159625638789116 0.0316892137868481 0.0431879287573696 0.0255199331133786 0.1119084576598639 0.0437427122403628 0.0200652972834467 0.0390494820616780 0.0167926946167801 0.0654440243265306 0.2786186340136053 0.0607090696462585 0.0463521901814059 0.0334685224671201 0.0099450724358277 0.0198988602988662
0.006233958820509896 0.0234374646752060 0.0177258387676121 0.0073498590521501 0.0087007909332113 0.2531709053064957 0.0094088496720036 0.0577303001861848 0.0275578670494053 0.0108489932012809 0.0650713588426350 0.0179956729597438 0.0171616274894785 0.0061376303257091 0.0142502333119854 0.0150877665384264 0.0262619974565416 0.0179678825892041 0.0287864358737420 0.0317895971500458 0.3435589199451052
0.006233958820509896 0.0571045251601098 0.0195440440626715 0.0398509418069533 0.0407136981747484 0.0457294574839890 0.0297379317063129 0.1546749272644101 0.0262389108211346 0.0438710450365965 0.0517016164958829 0.0219211682525160 0.0798367081930467 0.0183711944387008 0.0689654770951509 0.0543782497346752 0.0764174877127173 0.0474948505901189 0.0342056633257091 0.0113887037383349 0.0778534034675205
0.006102777619346376 0.0513137897428705 0.0176108999971950 0.0101194537110799 0.0197556217751286 0.0442805981813932 0.0148877874258999 0.0220470767980365 0.0678381534315100 0.0287940738106592 0.3425257353903693 0.0905405729640019 0.0183345051444600 0.0145618109756896 0.0417331903894343 0.0352933361337073 0.0381024225853201 0.0426263260028051 0.0634830286863020 0.0101006074450678 0.0260510153819542
0.005954485826726744 0.0866685752729885 0.0186491038213602 0.0230001117279694 0.0181662261661877 0.0092434336254789 0.0387740254932950 0.0125463627174330 0.0165213232567049 0.0227737061154215 0.0190756619827587 0.0124144548553640 0.0586023543869732 0.0199688798663793 0.0198324236254789 0.0201151741278735 0.3384231810344829 0.2286796235632183 0.0255005803113027 0.0025930396403257 0.0084517616666667
0.0058803399304169284 0.3548754097963142 0.0393473882681863 0.0074596302803104 0.0125250414422890 0.0190902899422891 0.0677658471387003 0.0078083285213385 0.0539315991561591 0.0103206222856450 0.0539387892192046 0.0274909917458778 0.0113817664039767 0.0131260678724539 0.0115302073317167 0.0106277809180406 0.0913278866149370 0.0678418819592629 0.1264825664209506 0.0036383667148400 0.0094895452875849
0.005817601095077853 0.0183765188088235 0.0075312456000000 0.0024484600755392 0.0046724453842647 0.0462739285465686 0.0044012273460784 0.0046821609867647 0.0828258506323529 0.0069095090387255 0.5156090931372559 0.1880835540196081 0.0046836889828431 0.0036067927313726 0.0114764751000000 0.0070443861895099 0.0112002054078431 0.0160788343235294 0.0499166393578431 0.0035834656892157 0.0105955322303922
0.005814749329835168 0.1043282900882786 0.0167361370475723 0.0296636421427170 0.0263861004149093 0.0101055219740070 0.4721377135850915 0.0126112115080922 0.0120263313683178 0.0217225739382050 0.0179471239480138 0.0093989449450711 0.0362595471383031 0.0149763803805787 0.0184619402305052 0.0262865633354586 0.1046273485532124 0.0335390570819029 0.0205209621235901 0.0043621125762629 0.0079024880716038
0.00577767638168026 0.0698138527344521 0.0138198174294176 0.0481900520562685 0.0536664591219151 0.0127737801984205 0.2893686564659425 0.0286967007482725 0.0140643165261600 0.0676712529713722 0.0245149208242842 0.0124036270834156 0.0736519884698914 0.0172132666574531 0.0425717161204344 0.0662751711796644 0.0872058551875617 0.0365074449210267 0.0217763923840079 0.0067193479022705 0.0130953713701876
0.00577767638168026 0.0468283723889438 0.0083632108701876 0.0442966474086871 0.0268959955365252 0.0047944073307009 0.6377518613030611 0.0106695527156960 0.0055618857458046 0.0240508796989142 0.0091954293144128 0.0046449059432379 0.0481937634896347 0.0066115165483711 0.0151163017028627 0.0217025140029615 0.0528946169940770 0.0157030221451135 0.0098060715977294 0.0022223002166831 0.0046967543237907
0.005700678720127759 0.5137070555277634 0.0234147707158579 0.0039218749534768 0.0055198418099050 0.0043919472161081 0.0625941429614807 0.0029611702371186 0.0076734720480240 0.0048150240740371 0.0088353015107555 0.0055594172361181 0.0077475516103052 0.0072548003126563 0.0057907934847424 0.0048116739254627 0.2576378244122062 0.0454372578039020 0.0238234517708853 0.0009968860622811 0.0031057450315158
0.005697826954885074 0.0189866393893895 0.0094824629419419 0.0022685177614615 0.0035992000860861 0.1713944478478476 0.0052436707412413 0.0068876413063063 0.0768510852552552 0.0044045540435436 0.4830488158158160 0.0822016342692693 0.0042709888373373 0.0043016583208208 0.0072569585655655 0.0058502637962964 0.0119261689889889 0.0137042983933934 0.0501642495045045 0.0084575508403403 0.0296991815320320
0.005677864598186277 0.0894635758714214 0.0232103152380713 0.0105492136187845 0.0176502299487695 0.0218928876594676 0.0184206223807132 0.0121518732440984 0.1079400219989954 0.0214096293997991 0.0748693258011049 0.0479487072225013 0.0309273506659970 0.0130670399532898 0.0207074406117529 0.0190783571868408 0.1001956776594676 0.2250481637368159 0.1288127372626822 0.0036409091431441 0.0130159054676042
0.005609422232361832 0.0613287334570412 0.0038187444275546 0.0832120165327910 0.2532188952719877 0.0045142872597865 0.0216278424824607 0.0215448929140824 0.0121860701306559 0.1611347942043721 0.0201268332841891 0.0102133143446873 0.0457945955668531 0.0095271260101678 0.0953395219064565 0.0796274567717336 0.0460532287646162 0.0399174211489578 0.0219670925271987 0.0018116891938993 0.0070354541835282
0.005595163406148406 0.2441167522935779 0.0363366107466870 0.0125674660611621 0.0129252007660550 0.0099059284036698 0.0685759415239552 0.0085378650061162 0.0131560830377167 0.0115755010519877 0.0172744974668707 0.0103962940316004 0.0278678210988787 0.0162062036136595 0.0136840557349643 0.0117153889454638 0.3563378822629969 0.0899376869317023 0.0298137632670745 0.0021078788251784 0.0069611859220184
0.005595163406148406 0.1508841064322121 0.0352803705366972 0.0051581924378186 0.0103477770545361 0.0186596188980632 0.0162145026345566 0.0055815811371050 0.1374164328440367 0.0091494164490316 0.0732234554994903 0.0301452153414883 0.0089165600998981 0.0116893873634048 0.0086687538374108 0.0090574542624873 0.0390220048878695 0.0656443577522936 0.3540878934760452 0.0023754249143731 0.0084774746100917
0.00558660811042035 0.1136437903675344 0.0197956084277693 0.0544657861990812 0.0497755953905054 0.0146740795752935 0.1814883253190403 0.0248522005523226 0.0174458400607452 0.0405731797309852 0.0268160858754468 0.0142627735829505 0.0700471639765186 0.0231579782455334 0.0370233654772843 0.0428278374655436 0.1581103234303217 0.0622004315875447 0.0292703139203676 0.0056727362730985 0.0138966037156713
0.0055752010494496095 0.0203070243500512 0.0149222139089048 0.0045487149626407 0.0055084678577277 0.3928013157625384 0.0072252021760492 0.0248374942661208 0.0376142604708290 0.0071019259805527 0.1001005657830092 0.0249672795138178 0.0106985343234391 0.0045701220501536 0.0080369510818834 0.0090718549390992 0.0202951415762538 0.0145367234698055 0.0349665806653020 0.0281551084524053 0.2297345299385876
0.00551531397935322 0.0798124504550155 0.0084572437104447 0.0290046907331955 0.0370917448955533 0.0111540181163392 0.0246804274364012 0.0218231006468459 0.0223052027269907 0.0402044944896587 0.0410010448293691 0.0122235618712513 0.0266180151292658 0.3761405517063084 0.0415561473319545 0.0382533645237849 0.0908256357755946 0.0513972088262668 0.0342301054808686 0.0034088632311272 0.0098121360243020
0.005458278674499515 0.0680696258411703 0.0122979142424242 0.0305676837450366 0.0714813123563219 0.0174509014362591 0.0293019739080460 0.0514760065778475 0.0300846257784744 0.0615047537570533 0.0645416374137931 0.0394993578944618 0.0487404611765935 0.0178441250731452 0.2124886107628009 0.0582575832183908 0.0677654998119122 0.0539371638766980 0.0387292461337513 0.0059325763265413 0.0200289488772205
0.005452575144014145 0.0181376034884939 0.0039261597703975 0.0070337254309624 0.0191965387615063 0.0031326929293933 0.0100467438247907 0.0140615617060669 0.0088367090387030 0.4824406459205022 0.0141368968002092 0.0103349526014644 0.0259706610821130 0.0057414591804394 0.0414266810397489 0.2736553713389123 0.0243801747280335 0.0212335106328452 0.0104052196354604 0.0019077464352510 0.0039949491396444
0.005429761022072663 0.0993724891754202 0.0066701777048319 0.0124772225982143 0.0187953238986344 0.0064173152468487 0.0177966968545168 0.0103328443608193 0.0129523801764706 0.0178269246412815 0.0235963598004202 0.0067648238350840 0.0120435817247899 0.5905272027310918 0.0190494744338235 0.0160554651097689 0.0662858335189076 0.0308887157405462 0.0242178825157562 0.0022194714044118 0.0057098076444328
0.005429761022072663 0.0195856926418067 0.0068848206139706 0.0071111117857142 0.0169530833686975 0.0046294625152311 0.0130398917977942 0.0235155748503151 0.0098211403455882 0.2671233324579830 0.0185332054884457 0.0103941887074580 0.0224054048056723 0.0062618446092436 0.0464405792384454 0.4580112946428572 0.0276536495640757 0.0198845475157563 0.0118371417809873 0.0032965723664391 0.0066174591664916
0.005409798665373867 0.0761655958649789 0.0104163826729958 0.1846922191455700 0.0964935089451477 0.0105874423080169 0.0625929921835443 0.0299584265063291 0.0136326001803798 0.0423880123892405 0.0205146187763713 0.0098775485363924 0.0997796235917722 0.0222981209298523 0.0404054282489451 0.0315546210021097 0.1413349244725738 0.0690133203270042 0.0218569544725739 0.0030180545954641 0.0134195898291139
0.0054012433696458105 0.0721113315100317 0.0367846655887011 0.0180471332624076 0.0227433116256600 0.1367501087645199 0.0303661826874340 0.0423464712961985 0.0484691065153115 0.0253784872697994 0.0847112575712777 0.0348384367634636 0.0351196840232313 0.0167391116847941 0.0300227495512144 0.0333005919081309 0.0871205102798310 0.0586080679197466 0.0614277884635692 0.0271947160269271 0.0979203053115101
0.005364170421490903 0.0480749558191490 0.0256965683468085 0.0198889497095745 0.0243461526803191 0.1184158304627659 0.0204791824335106 0.0821459356755319 0.0322210643617022 0.0296701528563829 0.0615599700691489 0.0231721804787234 0.0405505582234043 0.0116603159739362 0.0326947732659574 0.0389601176436170 0.0536363789574469 0.0357040030053192 0.0402665816223404 0.0271183750680851 0.2337379723404260
0.005338504534306736 0.0325398935309830 0.0195143191079060 0.0042011832900641 0.0053487348808761 0.3255981175213677 0.0116314072745726 0.0135652509807692 0.0784500222382479 0.0070978046875000 0.1884330146901708 0.0509754777457266 0.0085749450726496 0.0062243568498932 0.0084713308595086 0.0087730448424146 0.0235270062393163 0.0228689886164530 0.0696378312339744 0.0233311747222223 0.0912360906159187
0.00526435863799692 0.0291975306446371 0.0093086794024919 0.0028153040444204 0.0067749482313109 0.0445669863759480 0.0062007094474540 0.0059541232887324 0.1695311603466956 0.0088843262150596 0.3307356067172266 0.1811009516793066 0.0063838557118093 0.0048418161711809 0.0119770190276273 0.0096624427697725 0.0165987713813651 0.0299132345395450 0.1089873380606718 0.0045413055629469 0.0120238799219935
0.005261506872754235 0.0095041253224934 0.0082215555246612 0.0028841133056910 0.0036028877891600 0.2450099788617885 0.0035302752552845 0.0340168532195122 0.0098964814455284 0.0038032992693766 0.0239914487642276 0.0066597207794038 0.0079389339728997 0.0025053645279133 0.0049581724298103 0.0054948840476965 0.0097962268769648 0.0067685663436314 0.0112581080693765 0.0193054745663957 0.5808535273712734
0.005235840985570068 0.0856846238725490 0.0075982641726579 0.0205040263877996 0.0301738531938998 0.0087317669798475 0.0225411956154684 0.0152474133600218 0.0178638134803923 0.0281323247854031 0.0353924230228758 0.0095321520212419 0.0183119631917211 0.4833591873638349 0.0280953728104575 0.0244188305010893 0.0816068615032680 0.0430561102342048 0.0297346193191721 0.0026860751519608 0.0073291213175381
0.005224433924599327 0.0330452874686308 0.0052896756235679 0.4797146159301694 0.1078347641025641 0.0050444327686852 0.0355637547244954 0.0245212924200764 0.0072803243824331 0.0247809112264048 0.0102713370267319 0.0055461707135843 0.1082611924222586 0.0103909913987998 0.0257607123404255 0.0165658629525368 0.0527398696781233 0.0260684549699946 0.0120574255133662 0.0015393849007092 0.0077235297768686
0.005150288028289512 0.1001353534163898 0.0330861194418605 0.0225241605952381 0.0154618384983388 0.0108544524817275 0.0577432289867110 0.0128013885044297 0.0122775204152822 0.0167146804745294 0.0173834833499446 0.0089450076423034 0.0513260962458472 0.0195231524197121 0.0158832033250277 0.0175212712209303 0.4552131284606870 0.1006366905592470 0.0192175055758582 0.0028358261987818 0.0099159026157253
0.00513888096731877 0.1105886878745838 0.0104504751631521 0.0281362731542730 0.0413637847169811 0.0131356206881244 0.0347598863207547 0.0237259371032186 0.0260848550554938 0.0397019373540510 0.0431734694783574 0.0148217481770255 0.0312232043229745 0.2724358274139843 0.0495324934961154 0.0384204801087680 0.1029472167480577 0.0635601921087680 0.0393672978024418 0.0039643743817980 0.0126062323035516
0.005110363314891918 0.0351318380636160 0.0141687429977679 0.0131537158789063 0.0260720028404018 0.0100401845569196 0.0201296202790179 0.0461068003387277 0.0167751178917410 0.1314467768638393 0.0331432860881697 0.0142759974927455 0.0291965512555803 0.0116058644737723 0.0639855066350446 0.4239823789062510 0.0402782682142857 0.0298539596819196 0.0196938610937500 0.0072120907611607 0.0137474382672991
0.00507329036673701 0.0304364516863405 0.0020562300574480 0.2574723271500843 0.5035153783024178 0.0023013851332210 0.0172842964193366 0.0088083584120292 0.0045359706846543 0.0234960923608769 0.0078435268707136 0.0037937989094998 0.0246717756998314 0.0061657176908376 0.0448200502304666 0.0100591886031478 0.0233258497414278 0.0146087984035976 0.0105603959977514 0.0006123765427768 0.0036320341854975
0.005016255061883306 0.0356866309318182 0.0234883638710227 0.0087484179392046 0.0102963935403409 0.2522792852272726 0.0124685526534091 0.0388310811607955 0.0541527017102273 0.0135799961596591 0.1075343022329545 0.0335305579034091 0.0182167395897727 0.0092740109329545 0.0162873280954545 0.0172920273255682 0.0355919024829546 0.0258094520113636 0.0535804923295455 0.0349821532017046 0.1983695996022726
0.004982033878971083 0.0788131709730967 0.0201509101963366 0.0204392283388667 0.0180917390183171 0.0100259610143103 0.0261735763709215 0.0127012006147682 0.0280404995878651 0.0240351810921579 0.0252499918717803 0.0175735707269605 0.0473345984831139 0.0153263747967945 0.0189298763079565 0.0208913453062393 0.2273964275901542 0.3390300692615915 0.0385123575443617 0.0025599474161420 0.0087239788975387
0.0049649232875149715 0.2650589982768520 0.0102594065060310 0.0420564558127513 0.0772875207639288 0.0105828475611717 0.0435718710660540 0.0246230910987938 0.0169693716283745 0.0831160795002872 0.0332068728144745 0.0176782551476163 0.0382341438598507 0.0152730630189546 0.0622420992418151 0.0657809102757036 0.0896328444342332 0.0507171166628375 0.0356755935898908 0.0038266689931074 0.0142068024824813
0.0049649232875149715 0.0190368704595061 0.0119487159597932 0.0024204258977599 0.0032127829115450 0.3157769213095917 0.0055400046381390 0.0066760967570362 0.0682359860654796 0.0040062483136128 0.3501379546237797 0.0625532664675473 0.0047978841746122 0.0041892011234923 0.0058903967696726 0.0052427045594485 0.0124544018839747 0.0135673821309592 0.0487304156691557 0.0117250307880528 0.0438572988989087
0.004830890321108766 0.0402077681463991 0.0056509462281582 0.0179054515265644 0.0501143998701299 0.0058786598181818 0.0178809783057852 0.0190706433536009 0.0172841756936245 0.4136349994096816 0.0244315240850060 0.0163886480944510 0.0439549096340024 0.0116620288441559 0.0681122730814640 0.1392657934120426 0.0422458640613931 0.0365699883175915 0.0198400096044865 0.0026296071525384 0.0072713243955136
0.004788113842468488 0.2068828044696069 0.0316048525339690 0.0047904006859357 0.0078233509535161 0.0542460197771156 0.0658101607806913 0.0062154728474374 0.0807564667461263 0.0078616579078069 0.1775555478545887 0.0538420931168058 0.0085854461901073 0.0092251023367104 0.0103635779421931 0.0095340617775328 0.0666032660131108 0.0606112364183552 0.1157607664481526 0.0082374018056615 0.0136903171460071
0.004768151485769692 0.0466205492588165 0.0142753287232516 0.0648838233419008 0.0291047405678422 0.0116946826317992 0.0458024805738195 0.0445151679115362 0.0173303297907949 0.0438079460364614 0.0223652545487149 0.0126235012594142 0.3449872121936643 0.0110604895445308 0.0341863109742977 0.0330655336784220 0.1258988045845786 0.0567428379736999 0.0202729515660489 0.0030745571159593 0.0176875178696951
0.00475104089431358 0.1521179150060025 0.0112702849153662 0.0102788048331332 0.0085582709651861 0.0050305410768307 0.6444491614645869 0.0045815807761104 0.0060132674273710 0.0070453304093637 0.0085784243277312 0.0049636684177671 0.0120105093409364 0.0058541710126050 0.0065811943703481 0.0086734054897959 0.0702633591836735 0.0165011373049220 0.0120693007839135 0.0016419237328932 0.0035177569195678
0.004722523241886728 0.0278573650000000 0.0021285323134058 0.3623682439613528 0.3846031799516907 0.0025992687246377 0.0204577994414251 0.0103756578882850 0.0048396197161836 0.0218535961950483 0.0070551538689614 0.0038368661461353 0.0368719617952899 0.0076357629951691 0.0361810596014493 0.0106777639015701 0.0295576476509663 0.0167639449094203 0.0097366391201692 0.0008726212593599 0.0037273111026570
0.004668339702275709 0.2168073439218081 0.0320007619419670 0.0104071291276725 0.0121612532657301 0.0113624743329261 0.0419234288271228 0.0073672081734881 0.0255897987843617 0.0118232396047648 0.0254284141539403 0.0160456947342700 0.0263106597135003 0.0165460181252291 0.0142686328759927 0.0116736134832009 0.2604056548564448 0.1955236847892485 0.0552462043188759 0.0021742247354917 0.0069345551472205
0.004645525580334227 0.0293260598159509 0.0031402788355828 0.4607117245398780 0.2477629453987727 0.0033860676423313 0.0243202406748467 0.0136801262588957 0.0051702697515337 0.0212357710552148 0.0082309324042945 0.0045319194453988 0.0557047779141104 0.0089484827417178 0.0314574966319018 0.0117370654865031 0.0358678312024541 0.0188124448098160 0.0095147720963190 0.0010730627680982 0.0053877248447853
0.004636970284606171 0.0385901806457564 0.0193549556931119 0.0068979914114391 0.0104344547607627 0.1757041060885611 0.0125543439483395 0.0269948233560886 0.0708472657318573 0.0139153536808118 0.2378405135301352 0.0682139582410824 0.0135911497416974 0.0090962995793358 0.0185832149341943 0.0182951186303812 0.0301448243788438 0.0287045903259533 0.0637543949323493 0.0269578732349323 0.1095245840774907
0.004614156162664689 0.0936657306551298 0.0126329141266996 0.0445100296477132 0.0519186005995056 0.0145663590784920 0.0484925201792336 0.0321366173479605 0.0215763645241039 0.0509853580778739 0.0388493594499383 0.0141453317299135 0.0546615366192831 0.1477720561804697 0.0539304768294190 0.0466081346600742 0.1432628627317675 0.0775174512175526 0.0328883730655131 0.0044175881878863 0.0154623380574784
0.004602749101693948 0.0536087229324240 0.0125937496379417 0.0184098405176689 0.0480891698698078 0.0178576801419715 0.0130171077036578 0.0231523954637322 0.1180659985368878 0.1021079598388096 0.0777344094420335 0.0399011019652821 0.0292792165096094 0.0111229380334780 0.0546876503409795 0.0852132533539987 0.0452522221884687 0.0783521337073776 0.1498526008679479 0.0048943301928084 0.0168075201475512
0.004588490275480523 0.3765979073958978 0.0263848741789932 0.0084367033455563 0.0110794416444998 0.0100153604754506 0.1938983656929770 0.0053783970372902 0.0139555845431947 0.0079002980646364 0.0176055054505904 0.0109673742964574 0.0147305673697949 0.0115298288564326 0.0096182456239901 0.0084638745574891 0.1837906739216905 0.0485282413051585 0.0333350395525171 0.0022620037607210 0.0055217261572405
0.00455997262305367 0.0445548672983114 0.0102726686353971 0.1544862761726079 0.0660198287673546 0.0104694270900562 0.0594582052407755 0.0456123365728580 0.0139765403589744 0.0514023725828643 0.0184904295747341 0.0097285695697310 0.2363322545340838 0.0130477017886179 0.0398593720950594 0.0369805402814259 0.1045355469731082 0.0462235352157599 0.0180803087116948 0.0029551268816761 0.0175140846685428
0.004505789083442651 0.0180906019367088 0.0115751633746835 0.0030597337987342 0.0035560210094937 0.4959317443037980 0.0062990216183545 0.0092775708132911 0.0482231855126582 0.0045895435639240 0.1741474084936708 0.0350847866835443 0.0056912978316456 0.0039672742917721 0.0052493493651899 0.0059341045981013 0.0155021181202531 0.0135345771582279 0.0410316470886076 0.0163514422183544 0.0829034015753165
0.004485826726743854 0.0735670852511125 0.0098137220267006 0.0607506235054037 0.1687086835982201 0.0198835529542276 0.0211285752619198 0.0255736935346472 0.0636798658550540 0.0515817973363001 0.0782066683026065 0.0323073800762873 0.0318928243884298 0.0187056705047680 0.0727358579910997 0.0400348293960585 0.0506819377813096 0.0612892472600127 0.0959484109663064 0.0053166215736809 0.0181929677736809
0.004408829065191354 0.7489816998706345 0.0137451707561449 0.0019650965640362 0.0030711453990943 0.0021134299107374 0.0533673810064683 0.0014846177089263 0.0063147947846054 0.0024258548389392 0.0064986682069857 0.0037054150187581 0.0030711369857697 0.0039473257386804 0.0027815676636482 0.0027789195672703 0.0912972039003881 0.0234844656455369 0.0266656938130660 0.0006558752835058 0.0016445438201811
0.004334683168881538 0.0103385315065789 0.0075541997546053 0.0024819558940789 0.0030849123644737 0.5689228789473691 0.0038800780855263 0.0140410261993421 0.0187094915039474 0.0037970846888158 0.0546754818947369 0.0138887890125000 0.0052945881322369 0.0024188557085526 0.0040946669078948 0.0043569460138158 0.0105283032763159 0.0077385553092105 0.0173047140519736 0.0197391199447369 0.2271498112499999
0.004314720812182741 0.0686663342300066 0.0045655989220093 0.0081657427230667 0.0116212400046266 0.0052004965922009 0.0132000331229346 0.0086024470938533 0.0101478901103768 0.0116464697772636 0.0184240476999338 0.0055009480865830 0.0078761280713814 0.7076300892267029 0.0129473702604098 0.0116932952359551 0.0487219204560476 0.0227498447455386 0.0168959773496365 0.0016306401996034 0.0041135026622604
0.004283351394513204 0.0184159581358188 0.0032619598701731 0.6534911644474032 0.0872940625565913 0.0028940732596537 0.0195359171158456 0.0142443383768309 0.0042258119553929 0.0128476262010652 0.0057861222836219 0.0030701961158456 0.0883765490812251 0.0058364565798934 0.0144620213202397 0.0088609371225034 0.0308794308055926 0.0142365073568576 0.0066336579001332 0.0008251094766312 0.0048221078894807
0.004146466662864313 0.0579749348486933 0.0148991770962861 0.0082272338012380 0.0153685241643741 0.0239620054745529 0.0116514717984869 0.0097298263672627 0.2962495557083907 0.0189037405006878 0.0894432176478679 0.0529169115680880 0.0175932817819807 0.0114566973569464 0.0160691103700138 0.0168462882434663 0.0370091940784043 0.0936298483837689 0.1917135051581846 0.0035023085618982 0.0128531665158184
0.004117949010437461 0.2306923345807350 0.0284490043756064 0.0161894471441441 0.0192122351642411 0.0233667824414414 0.2630743534303538 0.0103856102363132 0.0301386717255717 0.0160208676798336 0.0420606278516979 0.0192315917075537 0.0216780507588358 0.0192029575440055 0.0160942171053361 0.0174193541670132 0.1044522042203742 0.0505208108870409 0.0547519377823978 0.0061846087893278 0.0108743446555787
0.004089431358010608 0.0430183581938633 0.0171908697866109 0.0041462825439331 0.0060166467963738 0.1839666571827057 0.0108498347691772 0.0119814747531381 0.1798098087866108 0.0075602547559275 0.1550689612412831 0.0455343928103208 0.0074740924456067 0.0065595816129707 0.0085573328075314 0.0091690588535565 0.0211311653765690 0.0306101270641562 0.1599297603207809 0.0199890476771269 0.0714362824714087
0.004089431358010608 0.3147644372384937 0.0403405738744770 0.0039959758396792 0.0064033237119944 0.0120347747594142 0.0244416596032079 0.0042642386736401 0.0752414367573222 0.0059821698891213 0.0461645641980475 0.0190088199930265 0.0066288559490935 0.0096485604323570 0.0059487650425384 0.0066261361827057 0.0535018628242678 0.0695747837238494 0.2879975934449095 0.0016883283647141 0.0057431406011158
0.004080876062282553 0.3990353647798744 0.0257551146897275 0.0057418116212439 0.0070258072809225 0.0047145838134172 0.0518514459678547 0.0043114961334731 0.0068063105331936 0.0055039112739343 0.0083862806170510 0.0057311213927324 0.0107131421907757 0.0082142758979734 0.0068774204884696 0.0057071758867925 0.3720806813417191 0.0467909772257163 0.0196931297134870 0.0012131312888190 0.0038468101418589
0.004032396053156904 0.5380005869872708 0.0340881239469590 0.0048504645417256 0.0081865327828854 0.0074528041053748 0.0415359004702970 0.0041453678062235 0.0315277727934936 0.0061223441859971 0.0257198239674682 0.0123138653677510 0.0064798876782179 0.0087266556951909 0.0062907698663366 0.0063900586103253 0.0726986651909477 0.0643033726591231 0.1146274502616690 0.0016123005983027 0.0049272511336634
0.004009581931215422 0.0305575630440967 0.0020823547226174 0.1208390933001422 0.6199055732574678 0.0029429376927454 0.0145023268869133 0.0084263869182077 0.0062439015483642 0.0291869690682788 0.0095962766166430 0.0052540426671408 0.0161401709388336 0.0055693898136558 0.0636999266287340 0.0137319058975817 0.0200854244452348 0.0146452522617354 0.0120857507069701 0.0011008714519203 0.0034038804025604
0.003995323105001996 0.0450755908850821 0.0128333146973590 0.0114153346945039 0.0298023231534618 0.0280072060028551 0.0143516818715203 0.0287863575810136 0.0615402383583155 0.1214320081727338 0.1706409400428266 0.0586833339828694 0.0238283599357602 0.0087338318551035 0.0636718799857245 0.1573734848679517 0.0349141710206994 0.0389713244682370 0.0554342346395432 0.0103054190078515 0.0241989667566024
0.003918325443449495 0.0344405532314411 0.0093204072219796 0.0246157647590975 0.0792776518267831 0.0072875002241631 0.0191882768129548 0.0542548546790393 0.0157448256615721 0.1609701759825329 0.0379116824745269 0.0189971643464338 0.0385004452110626 0.0106432475647744 0.2107149941775840 0.1687152169723438 0.0408566672343523 0.0315674784425036 0.0209158609315866 0.0043665378639010 0.0117106893100437
0.0038527348428677353 0.5449104914877874 0.0187608961717246 0.0035296666898594 0.0052828747774981 0.0057580505692080 0.2099408732050331 0.0027309142760918 0.0096682356350851 0.0040633167320503 0.0112881716913397 0.0074955526202813 0.0055806252997780 0.0070251147298297 0.0045317427675795 0.0045230235040710 0.0980236125314582 0.0264852041598815 0.0259007898963732 0.0013680443498890 0.0031328105166544
0.003835624251411624 0.0309001104765451 0.0081144330081906 0.3298887542814594 0.0740436921742368 0.0066043601742368 0.0480978943857036 0.0311069696969471 0.0087871903916605 0.0343333102308265 0.0114398846612064 0.0056249831005212 0.2088274536113182 0.0095576503067759 0.0259328512308265 0.0219939611906180 0.0846913158376768 0.0355335975130305 0.0117073558078928 0.0017580269061802 0.0110561609448995
0.0037443677636456968 0.0202330920030465 0.0092482789086063 0.0070174674958111 0.0130665664219345 0.0055157873183549 0.0124191412932216 0.0260791563754760 0.0101441408278751 0.1381267931607006 0.0184456498095962 0.0084236192970297 0.0167775187281036 0.0057506159741051 0.0383253062985529 0.6074052650418884 0.0226000364965727 0.0168347865041889 0.0115558581744097 0.0044629638857578 0.0075679478964204
0.0036958877545200477 0.2698524845679011 0.0146826818865741 0.0065301578865740 0.0066549577577160 0.0058344882615740 0.4939895709876541 0.0040651654320988 0.0073408012391976 0.0060863170825617 0.0106436593086420 0.0059843652322531 0.0101451829382716 0.0071120196180556 0.0058345856720679 0.0071529584143518 0.0943278754861111 0.0215153884182099 0.0165030929243827 0.0017339262870370 0.0040103114976852
0.0036901842240346775 0.0491182699381762 0.0118429594165379 0.0108438383006182 0.0082539343052550 0.0050581957449768 0.0187834299312211 0.0059273076476043 0.0099274156514682 0.0103058959922720 0.0105504282017001 0.0072354532635240 0.0297643305811437 0.0079835965919629 0.0082597214250386 0.0087860140463679 0.3574924451313753 0.4186520054095826 0.0156373502472951 0.0013409484034003 0.0042364659760433
0.0036873324587919924 0.0546254569760248 0.0192601186960557 0.0504489451817479 0.0202424569605568 0.0083559199667440 0.0572805927687548 0.0260259498530549 0.0121318361484919 0.0258062180742459 0.0137820138747100 0.0083738531051817 0.2232637138437741 0.0114855463317865 0.0232242302088167 0.0215391865877803 0.3060445916473317 0.0912782760711524 0.0147323389713844 0.0022397863596288 0.0098589681082754
0.0036759253978212512 0.0567120812024826 0.0124111050015516 0.0286752763692785 0.0531230281148177 0.0124248175539178 0.0214280866508922 0.0241305882660978 0.0365767442823895 0.0918277123661753 0.0365977052443755 0.0257362166408068 0.0494804470519783 0.0146624661582622 0.0524412486656323 0.0696321097284717 0.1054852873855702 0.2385731737781228 0.0517463537393328 0.0041274363351435 0.0142081221644686
0.0036616665716078254 0.0205120376323988 0.0184523875934579 0.0091968479493769 0.0098720939174455 0.1448055061993769 0.0088242875404985 0.1004689738216510 0.0158913476168224 0.0109189189976636 0.0380406034345795 0.0106657652095015 0.0234864004127726 0.0065227437406542 0.0156840026456386 0.0172605022476636 0.0266617696651090 0.0164377571573208 0.0190583353115265 0.0278908785257009 0.4593488489096573
0.00365881480636514 0.0669697195245518 0.0194999690148090 0.0101026176897896 0.0185538327365549 0.0397782668823071 0.0202548902400624 0.0152936449477786 0.0764356221823850 0.0292429453195635 0.1518374327981294 0.2356562665627434 0.0230600835175370 0.0099484453795791 0.0420128089610288 0.0259554213936087 0.0493170126266563 0.0646903124162120 0.0741297619017927 0.0081773422244739 0.0190836094364770
0.0035903724405406947 0.1154985364495632 0.0281608297235902 0.0031725349205718 0.0057546509523431 0.0106773343097697 0.0079953850309770 0.0035004524622716 0.1219438102303415 0.0058247591453534 0.0509921079666402 0.0199172714376489 0.0061029149301033 0.0064164199166005 0.0059682559507545 0.0053547351731532 0.0245560637490072 0.0663612606433678 0.5051079579030976 0.0016258244043685 0.0050688743796664
0.0035875206752980096 0.0425846268441971 0.0107486339737679 0.0097483232050875 0.0072716715015899 0.0047268482678855 0.0116227456613673 0.0056489346661367 0.0126969672631162 0.0098812407885532 0.0117654179546900 0.0086799713338633 0.0269856814133545 0.0065198090906200 0.0073011857098569 0.0090263637972973 0.2357537442766297 0.5549859022257556 0.0186264841891892 0.0011695364387917 0.0042559150699523
0.0035704100838418983 0.0802611482507987 0.0262778981253994 0.0068758404345048 0.0141985602899362 0.0140322497787540 0.0123243541062300 0.0070306403330671 0.1234422101597444 0.0141862054984026 0.0509588956309904 0.0282892183067093 0.0161051745119808 0.0103461592356230 0.0136337696285942 0.0129410357076677 0.0579008455750799 0.2222753508785942 0.2782369305111823 0.0024504850934505 0.0082330204001597
0.0035618547881138426 0.0352058025780624 0.0059372525372298 0.0927435275420336 0.0496649275980785 0.0051760081897518 0.4488740664531621 0.0233022757325861 0.0053459643122499 0.0503507928903122 0.0091513762209769 0.0053395005996797 0.1127738163650920 0.0075225143755004 0.0291581064051241 0.0325763972698159 0.0544165982866293 0.0163204254203363 0.0083087625100079 0.0017688167726181 0.0060630669439552
0.003553299492385787 0.0384461800080256 0.0161083071749599 0.0317387063081862 0.0310239983434992 0.0356907329775281 0.0200902298876404 0.3185856243980736 0.0190233933547352 0.0371025198715891 0.0381223260754414 0.0144495546821830 0.0741497415329053 0.0144154104325843 0.0650577015409310 0.0568908054494382 0.0521122914847512 0.0304587447833066 0.0227780061556982 0.0082877218250401 0.0754679879855538
0.0035247818399589347 0.3932360945836701 0.0189146008892482 0.0057745653767179 0.0070171833977365 0.0066075030654810 0.3551774017784965 0.0040298542166532 0.0095453746054971 0.0055884455181891 0.0126794706620857 0.0070201817299919 0.0083867927413096 0.0073011868868230 0.0056794620145513 0.0061712666370250 0.0942672823767178 0.0236137773645917 0.0232724246806791 0.0016860267364592 0.0040311257291835
0.0034962641875320825 0.0548019987601958 0.0142464084241436 0.0148714656859706 0.0085738050228384 0.0056926418809136 0.0226305478955955 0.0066359171761827 0.0088161899371941 0.0100000819763458 0.0103176664763457 0.0065723989983687 0.0328110095350734 0.0105772469257749 0.0084317282748776 0.0098226598107668 0.4945657039151719 0.2610109681892331 0.0131516218597062 0.0015415684216966 0.0049283271892333
0.0034477841784064335 0.1542780566997519 0.0240440686178660 0.0203373249611249 0.0174685990479736 0.0080518145235732 0.2900008403639370 0.0101487827419355 0.0096406428618692 0.0149459107650951 0.0139420457568237 0.0083634520926385 0.0397712152936311 0.0114230485831266 0.0147894102291150 0.0167194310760959 0.2621255607940446 0.0558848207361456 0.0182726060132340 0.0029592258122415 0.0068331486559140
0.0034335253521930076 0.0125611241096347 0.0048519521985050 0.0016162568438538 0.0026899483147840 0.0200772451885382 0.0023973278081396 0.0025197655963455 0.5325152292358807 0.0039844311835548 0.1596912826578074 0.0568097493355482 0.0032553743579734 0.0024588213953488 0.0038882075855481 0.0036407498413621 0.0067117391088039 0.0159617461029901 0.1572377812292359 0.0015433579645349 0.0055878968845515
0.003328010038213654 0.0347474804370180 0.0199239838423308 0.0245783717686375 0.0344333829957155 0.0220665505912597 0.0273687139588689 0.1660929752356467 0.0169171819365896 0.0917600865381320 0.0397591493487575 0.0147610967814910 0.0604238447369323 0.0134464698311911 0.0873014458029135 0.1861136484147387 0.0513873808311911 0.0315750644215939 0.0213280026906598 0.0101925540848329 0.0458226106940874
0.0032937888553014314 0.3516171948051947 0.0307442441255411 0.0068552939818182 0.0098944545454546 0.0098339410086580 0.0352302422164502 0.0054052203134199 0.0323220678614718 0.0091449555826839 0.0270293911341992 0.0172334621367965 0.0134567487974026 0.0131138435974026 0.0095703489437230 0.0091824565800866 0.1283261320519482 0.1926311307359305 0.0899936399307359 0.0020028043948052 0.0064124228718615
0.0032909370900587463 0.0671349684228769 0.0237135994462738 0.0119584745909878 0.0171379973570191 0.0119855948154246 0.0157278095467938 0.0103562395207972 0.0525603364038128 0.0216231467963605 0.0361815333535528 0.0253746510485269 0.0293993440883882 0.0128693690277296 0.0166066184878683 0.0190390555259966 0.0985089577296361 0.4405790918544193 0.0780580075303293 0.0025306915103986 0.0086545060779896
0.003233901785205042 0.0376521100176367 0.0096015684823633 0.0014622613738977 0.0024026907910053 0.0060331801084656 0.0023429638121693 0.0014721792330688 0.1640272629629630 0.0024112518703704 0.0362599445185185 0.0110457720899470 0.0022289288589065 0.0021352235934744 0.0023137486693122 0.0023634256957672 0.0067251844550264 0.0215619604717813 0.6849070467372130 0.0007756855309524 0.0022776306869488
0.0031996806022928192 0.0837936401336898 0.0132990020918003 0.0168129678663102 0.0279349652486631 0.0360470696969697 0.0197186848306596 0.0170443217531194 0.0841277680659537 0.0222631916114082 0.1244013120053476 0.0311871453297683 0.0186220885115864 0.2052502023172907 0.0305630005169340 0.0263704977085562 0.0536836181194296 0.0562930703297683 0.1052504687076649 0.0072518428787879 0.0200851619670232
0.0031112758797695772 0.0416047826122824 0.0067755611558203 0.1698669856095325 0.0811955223189734 0.0057270178570119 0.2508115857011916 0.0275794450183318 0.0067572997433548 0.0473334256095325 0.0113812791659029 0.0061860561778185 0.1504086951787351 0.0098600317039413 0.0338726693950504 0.0305989392117323 0.0727551890375802 0.0251077188469295 0.0107566303785519 0.0025799116553621 0.0088412786938588
0.0030314264529743913 0.0487950684854186 0.0056525798391345 0.0552905410159925 0.2502642539981183 0.0074703245183443 0.0221930546857949 0.0367469321890875 0.0142625259736595 0.0609276747318909 0.0328914459266228 0.0181932012342427 0.0316643825305738 0.0113342973781750 0.2455571298212606 0.0466750423226717 0.0405413436124176 0.0338267692097837 0.0241472900282220 0.0030487546698025 0.0105174034252117
0.0030000570353048536 0.0080770780541824 0.0063372916007605 0.0016070266359315 0.0021618862671103 0.7163273536121668 0.0025343677500000 0.0064211399153992 0.0195289419477186 0.0024528583726236 0.0684879925646388 0.0148080511045627 0.0030250937262358 0.0020778365427756 0.0027226392946769 0.0027046788412547 0.0075432390712928 0.0053292847366920 0.0170506747775665 0.0112554595482890 0.0995471014353612
0.0029715393828780015 0.2052910695777352 0.0407385778982726 0.0070892342610364 0.0102949491525912 0.0123748583992323 0.0256301713723609 0.0066403666132437 0.0345903350479847 0.0108167697783109 0.0303978409404990 0.0228923357101727 0.0189119953944338 0.0121357275038388 0.0115488050134357 0.0103414762072936 0.1296316885220730 0.3154428243762000 0.0865507004894434 0.0021247161381958 0.0065555693502879
0.00295442879142189 0.0730780915540541 0.0067312568407336 0.0328351745849421 0.0540460232335907 0.0106079368426641 0.0271127202220077 0.0279096794980695 0.0218310207915058 0.1294803594594595 0.0353648963706563 0.0149090736003861 0.0345919476061776 0.1839967272200772 0.0665451158590734 0.1126901269208494 0.0732390742664093 0.0488996577799228 0.0309982400482625 0.0042579415955598 0.0108749274565637
0.002923059373752353 0.2047555346341464 0.0100750869151220 0.0135275218917073 0.0197667769990244 0.0072966589658537 0.0321494356624390 0.0106314403912195 0.0160677600780488 0.0167750333697561 0.0228809013756097 0.0086513926224390 0.0143348164175610 0.4123495043902441 0.0176884129365854 0.0168401716858536 0.0922007052878049 0.0401091799219512 0.0349563070439024 0.0023083273336585 0.0066350490956098
0.0029030970170535564 0.0381560587819253 0.0026906898605108 0.0041509727721021 0.0049747743163065 0.0035066444253439 0.0060098666208251 0.0044233617868369 0.0053422495766208 0.0056413136060903 0.0096520039744597 0.0029502689459725 0.0043823850324165 0.8449267504911590 0.0056838122770138 0.0052263614577603 0.0246475130943025 0.0137113284430255 0.0102160642966601 0.0009524981919450 0.0027550827514735
0.0028574687731705924 0.2522335988023953 0.0265842226546906 0.0068209292614771 0.0065361464930139 0.0049175228722555 0.0439472198602794 0.0057687756277445 0.0062792247115769 0.0057790782055889 0.0084413332125749 0.0058128031706587 0.0155978115678643 0.0098623712045908 0.0080029641287425 0.0063161467075849 0.5093144401197609 0.0572244141017964 0.0150198263113772 0.0013970146497006 0.0041441697754491
0.0028460617121998516 0.0368018580761523 0.0069627867454910 0.0180621561182365 0.0730347052004008 0.0098309751813627 0.0172176768296594 0.0746181149999999 0.0152408451482965 0.0501537840681363 0.0470153796893787 0.0249325059649299 0.0310062702805611 0.0135033459519038 0.4244438567134269 0.0513318980811623 0.0395335671943888 0.0296591576252505 0.0200341780861723 0.0037359464609218 0.0128810033486974
0.0028403581817144814 0.2159449849397591 0.0151319777479920 0.0217516943554217 0.0322347852620482 0.0134747031957831 0.0457711669477912 0.0166009651104418 0.0294355347289157 0.0269425683082329 0.0392170202610440 0.0165583906506024 0.0236884669156626 0.1700824218875503 0.0313381383433735 0.0246930267168675 0.1178319141064257 0.0791313159939759 0.0653355833232932 0.0030705882791165 0.0117647303313253
0.002834654651229111 0.0817072362877264 0.0238125787082495 0.0087993210412475 0.0061602524567404 0.0047866210774648 0.0317852980372233 0.0047625782615694 0.0051249992515090 0.0068312644768611 0.0089629769798792 0.0041747078722334 0.0215976844567404 0.0079972677917505 0.0057216421327968 0.0066746085030181 0.6778079909456736 0.0794404312676056 0.0085795153108652 0.0013260296680081 0.0039469840955734
0.002834654651229111 0.0368843393661971 0.0091443785331992 0.0499065466700201 0.0421914408350101 0.0093173797404427 0.0486808212977867 0.0506980842555332 0.0133816302585513 0.1615137963782695 0.0218997404527164 0.0121125689446680 0.2175190704225353 0.0098272379446680 0.0563925986820926 0.1016685555331991 0.0826521856438632 0.0414165431187123 0.0158711013581488 0.0034620397293763 0.0154599269527163
0.0028175440597729994 0.2115403714574899 0.0039437456325911 0.0856725080971660 0.2460955799595141 0.0042775280951417 0.0303011518825911 0.0135956702823887 0.0099766170506073 0.0700637439048583 0.0185373389676114 0.0076785984716599 0.0282368905536437 0.0160407335769231 0.0777264803441295 0.0440885953137652 0.0617745860931174 0.0383946775404858 0.0243159764979757 0.0017118182514170 0.0060273983805668
0.0027804711116180916 0.0855951294461539 0.2475930266666665 0.0160493815579487 0.0149991047569231 0.0421455366461538 0.0335977853333333 0.0221894663353846 0.0432404106051282 0.0197147186369231 0.0648487599794872 0.0289760660615385 0.0339462142974359 0.0143459173866667 0.0208201750564103 0.0276576671292308 0.0984379510564102 0.0624853954358974 0.0774686272615385 0.0128502892841026 0.0330383946153846
0.0027433981634631837 0.0241025458523908 0.0081496343212058 0.0035388455738046 0.0057096832702703 0.0452787371694387 0.0062983611621621 0.0057963799501039 0.0727265738149688 0.0082326124459460 0.3596013513513512 0.3275635696465696 0.0065401174740125 0.0041200787099792 0.0152642081673596 0.0100685837640333 0.0146563709667360 0.0206690763929314 0.0452522094386695 0.0045526271673597 0.0118784494365905
0.002709176980550961 0.0260134695157896 0.0099697971378947 0.0604224319610526 0.0191577067652632 0.0081157132378948 0.0273984368210526 0.0428830932631579 0.0109002663789474 0.0293304450642105 0.0132334960736842 0.0079048363547369 0.5338628294736844 0.0074953657452632 0.0213172069368421 0.0204974829221053 0.0941986875368421 0.0381326168947368 0.0137220116947368 0.0019409682200000 0.0135031185894737
0.002706325215308276 0.0074210671211802 0.0027335380400422 0.0011352599357218 0.0015075776575343 0.0092892255816649 0.0012823511907270 0.0013527162697576 0.6779287365648050 0.0022165183066386 0.0660897703582719 0.0212126940400422 0.0022230462486828 0.0010944142703899 0.0019442141643836 0.0020638432255005 0.0034980819799790 0.0112025868788198 0.1824980760906217 0.0007044397723920 0.0026018331622761
0.002672104032396053 0.0287874730309498 0.0076029620768410 0.0031498032422625 0.0055999233351122 0.0315448592742796 0.0059968992892209 0.0046948931910352 0.2775633649946636 0.0086896691792956 0.1703282650480257 0.2388225965848451 0.0060939159733191 0.0036818907289221 0.0104681720138741 0.0079400723308431 0.0150431399039489 0.0333428609605123 0.1294369889861260 0.0031167232814301 0.0080955040458911
0.0025665887184167 0.0257255694333333 0.0176355188288889 0.0153845938555555 0.0146517877855555 0.0995660587333334 0.0114853984777777 0.2612887088888887 0.0146821807111111 0.0198704531555555 0.0345807945111111 0.0114306535444444 0.0472266899444444 0.0072969372333333 0.0364252430444444 0.0325247060588889 0.0327015352666667 0.0201895861111111 0.0190207214666668 0.0140400950266667 0.2642727627777780
0.0025580334226886444 0.0946199840802676 0.0041283206833891 0.1155669407357859 0.1615061052396878 0.0059269680100335 0.0260688049386845 0.0178928609855072 0.0117520860022296 0.0635298934225195 0.0212096129431437 0.0080125221694538 0.0381921291192865 0.2099378383500556 0.0491280593288740 0.0317525696599777 0.0718511928874025 0.0377526473467113 0.0218520001560757 0.0020299453266444 0.0072895092597548
0.0024724804654080875 0.1173528393194925 0.0123157150149942 0.0221022707324106 0.0191498730899654 0.0104643332733564 0.0356482478316032 0.0165172607727797 0.0145291429642444 0.0214247731361015 0.0284767791349481 0.0086553489446367 0.0314407009803922 0.2513298788927334 0.0271203354209919 0.0225354866113033 0.2432615951557095 0.0818915604728951 0.0243936434832757 0.0031127436689735 0.0082774614555940
0.0024582216391946616 0.0506747996635731 0.0265680249535963 0.0143871141484919 0.0197164927900232 0.0734665032366589 0.0335722363689095 0.0266295705904872 0.0392826360788863 0.0272324408793503 0.0891937670765661 0.0328651983294664 0.0220751191067285 0.0156102691287703 0.0262818479071926 0.0450798783921114 0.0527452442691415 0.0361320024245940 0.0452737757888631 0.2614612494199537 0.0617518150464037
0.0023926310386129016 0.0141982932896304 0.0024014375375447 0.0058468023790226 0.0173984557210966 0.0023688359678188 0.0075206968235996 0.0084116964171633 0.0077192438367105 0.6482437902264603 0.0110089866746127 0.0082257744004768 0.0220436863087008 0.0040799527961859 0.0282819772943981 0.1653282873659117 0.0170873376042909 0.0171945872109654 0.0081725196150179 0.0011608670377831 0.0033067585423123
0.002389779273370216 0.0224393185799523 0.0188492980346062 0.0067181153221957 0.0088809062947494 0.0879828049522673 0.0138142176610978 0.0143817308484487 0.0183990052625299 0.0113629686062052 0.0461564655011933 0.0126054644152745 0.0110039243317423 0.0078196709176611 0.0111394601968973 0.0204302758472554 0.0268805632458234 0.0168121585083532 0.0196938551670645 0.5507008675417664 0.0739289117541767
0.0022757086636628074 0.0158195636215538 0.0043984388659148 0.5084612205513788 0.0438518892230576 0.0038375374786968 0.0213027206942356 0.0205617848596491 0.0052169359686716 0.0157572974611528 0.0065152909674184 0.0031317769573935 0.2476455689223058 0.0054480170601504 0.0136250280827068 0.0110722820789473 0.0435403066541353 0.0166322009022556 0.0066509589385965 0.0009510428320802 0.0055801360576441
0.002270005133177437 0.0075066502072864 0.0092828015452261 0.0025882666218593 0.0029681139585427 0.1295072731281406 0.0028507469861809 0.0361911458103015 0.0062226635866834 0.0031105923404523 0.0139646455376884 0.0045281269422111 0.0066568744459799 0.0018877430213567 0.0041785999497488 0.0049948265728644 0.0082730316859297 0.0056076146206030 0.0072552073505025 0.0145375378706030 0.7278875414572871
0.0021245651058004905 0.0331845800134227 0.0123206182657718 0.0402457939073826 0.0237138255302014 0.0231940577986577 0.0235028101382550 0.2243344236241613 0.0135640323087248 0.0330866580000000 0.0221254369798658 0.0103603312080537 0.2749590174496648 0.0096690502577181 0.0444818204563758 0.0373687764563758 0.0676196289530201 0.0327232968993288 0.0159726927382551 0.0047354955543624 0.0528376636912752
0.0020960474533736383 0.0224546877823129 0.0065361070612245 0.2564033142857142 0.0330734910748299 0.0060040721755102 0.0391529970394558 0.0276630859428571 0.0081150063945579 0.0263039835074830 0.0099243548707483 0.0046505428095238 0.3951907469387758 0.0067333031673469 0.0182326495659864 0.0166289671265306 0.0733217514829932 0.0298379403129252 0.0096506995102041 0.0014348533673469 0.0086874421034014
0.0020219015570638226 0.1199821120874471 0.2242791551480958 0.0110420694569817 0.0094673267545839 0.0184587209083216 0.0363664894358251 0.0109802987023977 0.0219537860084626 0.0100728357263751 0.0291376229478137 0.0139537207898449 0.0301090777009873 0.0096566377461213 0.0116448010578279 0.0144342023272214 0.2836649167842031 0.0857843310155148 0.0395078765162200 0.0051560667263752 0.0143479578547250
0.001981976843666229 0.0465456088920863 0.0151824056935252 0.0464631793381295 0.0205649229050360 0.0088107402589928 0.0285421383453238 0.0255571663079137 0.0207724961151079 0.0267433756258993 0.0210653567064748 0.0128742049755396 0.2169145738129493 0.0102786050287770 0.0265597131798561 0.0209767841582734 0.1596218916690647 0.2481408604316546 0.0313346964460431 0.0026303458935252 0.0104209335107914
0.001976273313180859 0.0085127859971141 0.0016475402323233 0.8397422337662339 0.0388291274314574 0.0014204307041848 0.0084437701688312 0.0069428566767677 0.0019003125959596 0.0045371890288601 0.0027025214155844 0.0015006217777778 0.0453629168253968 0.0026024587041847 0.0055842091962482 0.0039480083520924 0.0133839877950937 0.0071379913953824 0.0029680332741704 0.0004346062678211 0.0023983846017316
0.0018793132949295613 0.0249893884977238 0.0089778050273141 0.0207424854825493 0.0162878063125948 0.0235078323672231 0.0124755752503794 0.5167534491654031 0.0121354713050076 0.0190205560242792 0.0256085255690440 0.0095933343050076 0.0748688305311078 0.0084571174157815 0.0619614926251897 0.0297734430227618 0.0336516782245827 0.0209531013050076 0.0145938604855842 0.0045462279939302 0.0611020094081942
0.001873609764444191 0.0321817685996954 0.0128657320015221 0.0238968470106545 0.0428371683165906 0.0192514618721461 0.0185013749315068 0.2224069604261796 0.0173698407458143 0.0416333659969559 0.0437860427397260 0.0208403196955860 0.0554986492237443 0.0126698209086758 0.2428966773211567 0.0551446623744292 0.0431210823592085 0.0284216037290715 0.0211044545053272 0.0062752049863014 0.0392969551902587
0.0018308332858039127 0.0087664438473522 0.0095369924408100 0.0031463699828660 0.0042814957881619 0.0328169703457944 0.0072186266012461 0.0056834196542056 0.0068538440669781 0.0047927445218070 0.0193720352071650 0.0060462110856697 0.0045349016884736 0.0031326159267913 0.0056812644563863 0.0089543806495327 0.0121135888473520 0.0078047765420561 0.0080306128566978 0.8165470841121494 0.0246856261214953
0.001810870929105116 0.0086524850267717 0.0047286605700787 0.0027041916110236 0.0052376897968504 0.0033706983984252 0.0050586201590551 0.0113373299763780 0.0043541925496063 0.0517256910346457 0.0088736357433071 0.0033338257086614 0.0060731594755906 0.0024028034881890 0.0141445844787401 0.8413821023622047 0.0094836991700788 0.0071974734645670 0.0051496793826771 0.0018104680400000 0.0029790027165354
0.0017680944504648377 0.0118822055709678 0.8824412887096776 0.0032312293435485 0.0035802292854837 0.0052330971564516 0.0063021664645161 0.0042814895225806 0.0061228819209679 0.0040953322870969 0.0080846891177421 0.0032737757451612 0.0045492352016129 0.0032959873629032 0.0037532405854838 0.0060462760532258 0.0181539530161289 0.0090134319467742 0.0082845661919354 0.0026359217032258 0.0057390018983871
0.0017652426852221524 0.2899431841680130 0.2290085961227785 0.0059640396171244 0.0075284500823909 0.0140513674798061 0.0431610892407108 0.0066303881308562 0.0291697462197092 0.0080322932067851 0.0321191856865913 0.0160945975928918 0.0133366105815832 0.0084188517221325 0.0086915481583199 0.0080234916316640 0.1100524267366720 0.0731360014054927 0.0848940453473344 0.0029451956510501 0.0087989063344104
0.00160554383163178 0.0254945066252220 0.0125455960515098 0.0057627574529308 0.0080167827602131 0.2143514083481352 0.0125691430195382 0.0268861840888099 0.0231737287566607 0.0101912462593251 0.0531995516518650 0.0177301841563055 0.0105199527850799 0.0061609779573712 0.0111374769822380 0.0145186369058615 0.0205722158614565 0.0164459649378330 0.0249896300177620 0.2970570071047958 0.1886769948312612
0.0015570638225061314 0.0269580462820512 0.0082474200091575 0.0059143166556777 0.0044560297967033 0.0033982244120879 0.0065981482582418 0.0034044597380952 0.0104915639267398 0.0059108588223443 0.0094179999761904 0.0068808276007326 0.0146240135604396 0.0044292911373626 0.0044529705439561 0.0053476217527472 0.1128727681868132 0.7458060146520150 0.0174785896630036 0.0009529865018315 0.0023578387692308
0.0014914732219243711 0.0677814809751434 0.5097636099426386 0.0128256698661568 0.0100899514034416 0.0225899121032505 0.0287157310707457 0.0110106135544933 0.0195248827533461 0.0106259894608031 0.0286709463097515 0.0123112054875717 0.0173275408604207 0.0074851836845124 0.0102713232122371 0.0181070036902486 0.1055054811089866 0.0427666044359465 0.0382201325621415 0.0068887197265774 0.0195180030420650
0.0013659955512462215 0.3518159853862214 0.0122098157954071 0.0109061460584551 0.0186402071189979 0.0080189778747390 0.0439330934237996 0.0098387811899791 0.0157548234237996 0.0142045498121086 0.0207017551565762 0.0093991392066806 0.0126669853444676 0.2499178559498955 0.0134146541544885 0.0129035554300626 0.1024621177244258 0.0409649862630480 0.0417356079331942 0.0024145596534447 0.0080963813736952
0.0011977414019277933 0.0267844750476191 0.0075328248880952 0.0037096960619048 0.0065087762452381 0.0297001302761905 0.0071881516833333 0.0061696560523809 0.0801151413952381 0.0088473946785714 0.1590314836428571 0.5264120523809526 0.0073525084095238 0.0042192328214286 0.0166191995190476 0.0077029015714286 0.0159686257380952 0.0268951373571428 0.0458448264761905 0.0032358292142857 0.0101619767952381
0.00102663548736668 0.0125903721111111 0.0067517419277778 0.0255649047194444 0.0056988667305555 0.0027845716000000 0.0106525750555556 0.0190163574111111 0.0050806759000000 0.0071795115750000 0.0059116314166667 0.0035896975472222 0.8178016194444443 0.0025790189111111 0.0078468208583334 0.0070346464333333 0.0320927036666667 0.0156561000277778 0.0059211753055555 0.0007786205111111 0.0054683684527778
0.0010038213654251981 0.0134755396505681 0.0011775469488636 0.0431028491193182 0.8469643267045450 0.0018727777869318 0.0056776969943181 0.0032509670227273 0.0034451716988636 0.0077257722585228 0.0055683110965909 0.0032034376988637 0.0056270159090909 0.0022098495539773 0.0267149858522727 0.0052388291875000 0.0092220780482955 0.0073276857954546 0.0055636055880682 0.0005553308193182 0.0020762140284091
0.0009382307648434381 0.0108550113069908 0.0032881913495441 0.0068762519270517 0.0074456636717325 0.0103058930851064 0.0050826401914893 0.8070403677811547 0.0058948905410335 0.0065304291732523 0.0103682343221885 0.0047395896504559 0.0272582612765957 0.0038760019392097 0.0287484045896657 0.0115096312431611 0.0121396626139818 0.0094231931003039 0.0073720980911855 0.0020785224772036 0.0191670525136778
0.0008156048594079735 0.0185885928671329 0.0036697329615385 0.0082769589090909 0.0387091955944056 0.0054221555524476 0.0086009725874126 0.0395940684860140 0.0074212184965035 0.0213430943881119 0.0193295255909090 0.0211637863216783 0.0139248116678322 0.0060689303846154 0.7188009615384617 0.0165827907937063 0.0205817528671329 0.0148537201048951 0.0099907032517483 0.0016741866678322 0.0054028607237762
