20 A C D E F G H I K L M N P Q R S T V W Y
8
0.30591456111332915 0.0890622172149475 0.0277205230341419 0.0346313816016228 0.0415859451359222 0.0198609184844802 0.0456152406874776 0.0394707183554834 0.0317142099927766 0.0429843866510551 0.0449325211117898 0.0230449861050968 0.0680626823775379 0.0763842174076081 0.0498384072513470 0.0399880578750676 0.1400004181674476 0.1039434994528813 0.0459376523308382 0.0150066558168352 0.0202153623770065
0.1541464666628643 0.0509444252404483 0.0126753043164647 0.0027131554097096 0.0053806390600475 0.0270116965707969 0.0075755006506696 0.0037572151690262 0.3005362421887567 0.0061269505977725 0.1331937244756424 0.0410251181411127 0.0052802662261467 0.0052015768698107 0.0060372621794110 0.0061268928282297 0.0172382740788543 0.0385168397650465 0.3204658059275839 0.0024123275883162 0.0077807796651928
0.1334825757143672 0.0287302960665971 0.0097722072162529 0.0027977046768907 0.0053708546674237 0.0731892584258613 0.0068200969566491 0.0064318462838048 0.1421793022097690 0.0075548500177846 0.4360272683723603 0.0940606395897781 0.0055377928537517 0.0052472401299247 0.0105275732726690 0.0089855898573435 0.0148188708829160 0.0215286721888940 0.0986417365861891 0.0057153176002051 0.0160628829253269
0.10393543603490561 0.0490557337018140 0.0042948049879408 0.2671057776375678 0.2664282600216830 0.0050153462024863 0.0326161734074156 0.0204992711343689 0.0091290176590550 0.0468131245672256 0.0146478765625599 0.0072433870934214 0.0724595459100645 0.0121966454835469 0.0600171477229190 0.0274585077718801 0.0500247627102946 0.0297121387278589 0.0163251944787719 0.0015915106096714 0.0073657727729232
0.10049050362174186 0.0385965037012894 0.0082951400944631 0.0192542492510931 0.0446311111881708 0.0077683033405925 0.0208369742359592 0.0320342507476006 0.0168352631606280 0.2564175413012382 0.0297484086866664 0.0155086198130785 0.0391021553355954 0.0105168139408541 0.0724656463718555 0.2731718892827538 0.0443027474354875 0.0352914817919812 0.0206806188663750 0.0041797895039639 0.0103624904796695
0.08805680716363429 0.4131091862805354 0.0318486486457855 0.0081246162945509 0.0118913648170330 0.0095655106966831 0.0898067821451545 0.0058157697458664 0.0223682037918458 0.0096923115911987 0.0236012212621582 0.0123875467841775 0.0130146572357547 0.0150030204605403 0.0102232215137357 0.0092643489565119 0.1795882137379060 0.0666374652424527 0.0602021999753760 0.0020181857959651 0.0058375310175376
0.06912108595220441 0.0202787986441541 0.0145481840410513 0.0055025507699480 0.0066354908799818 0.3259908171680803 0.0077174970341609 0.0414552075468272 0.0309650449481804 0.0081782315668788 0.0795347729815167 0.0210606574071706 0.0127915091537254 0.0049704086352010 0.0103008622265039 0.0112506901640811 0.0203120175047858 0.0148926193067087 0.0304247726353658 0.0347210138220483 0.2984688512262571
0.04485256373695318 0.0794150054644878 0.0079442483047053 0.0226838719500605 0.0152985292975775 0.0043988237496853 0.6939528814141328 0.0071292058941947 0.0051562409151775 0.0139564129536467 0.0078976827156481 0.0042412460182490 0.0268824880602786 0.0057569587279901 0.0097310792936352 0.0137532633822090 0.0528109313815732 0.0141395466396643 0.0094302198551539 0.0018132481195588 0.0036081101882622
