# This script is generated automatically.
# Vector of amino acid stationary distributions.
distributions <- [
              [0.030686355863647208, 0.007379629779881264, 0.0011605015459466442, 0.0019411753874331637, 0.03915898140785846, 0.004033230853055264, 0.0019300564367634584, 0.28284575983790644, 0.0022478798512595532, 0.2861386614341316, 0.05928477106183189, 0.0025171078605743555, 0.0023194501309976904, 0.0031437121526973755, 0.002619679562758913, 0.009775969522069916, 0.021537309769974373, 0.2340521713582256, 0.001589512250009251, 0.005638083932977738]
            , [0.06310601434822559, 0.0038822312060828985, 0.22096004647382642, 0.20513416939749787, 0.004758697909960042, 0.04164905957013549, 0.02399753063078498, 0.009187430793691657, 0.05752169987957128, 0.015734460597520396, 0.007386238177712105, 0.0916178095592492, 0.008953509484189263, 0.06441434543235942, 0.034244409034925365, 0.08050543021026456, 0.04205326537539027, 0.016969569841562688, 0.0012154082941820499, 0.006708673782868589]
            , [0.048673223524436905, 0.00803281648080191, 0.02051702793955813, 0.04667766187411525, 0.009329782702436134, 0.02203935025607064, 0.04325416112784874, 0.019547547536211653, 0.20441758762023912, 0.03684142319768076, 0.01798065349555339, 0.04983557143567853, 0.008038549989221573, 0.09201210804877394, 0.2207035977333336, 0.06302567485532584, 0.047522591267887736, 0.025848628549420098, 0.0031968547020444294, 0.012505187663361799]
            , [0.14681993838157067, 0.011882610636781659, 0.028396897811689633, 0.03436851528537054, 0.012329195705395639, 0.04006854517250514, 0.021261032280265536, 0.024727618434462237, 0.0352784558012162, 0.03726304575859951, 0.015258342516086095, 0.047256183369319305, 0.10386740374440541, 0.036619803737230276, 0.032232065323003996, 0.19986924727920016, 0.11536295168081999, 0.04310312567226911, 0.002800890502918869, 0.011234130906890039]
            , [0.3652209493945212, 0.04097174982412063, 0.004568685255861564, 0.006101982596755946, 0.009059032368851768, 0.0618345847745089, 0.004395119367857392, 0.024241191808407024, 0.0055952274657289774, 0.023940782108031435, 0.012991398243505717, 0.012188380235074835, 0.007119947517645821, 0.007123359590821344, 0.0061107937410105435, 0.22900928617313177, 0.1088562054809512, 0.06381039190167537, 0.00163864920608798, 0.005222282945450853]
            , [0.07021502032001613, 0.012791886880338289, 0.008617720509446035, 0.01780610749033934, 0.031087738948863415, 0.012533743969938341, 0.013213921337439429, 0.1598218938179916, 0.02246073486380281, 0.19195856859839325, 0.0716765750572648, 0.01749624164608279, 0.008459777889299792, 0.02593811621973917, 0.022932684696361682, 0.046769849903395125, 0.07196305558043156, 0.17531180679670721, 0.0034307563213081455, 0.0155137991528409]
            , [0.02529468637067721, 0.013599790458175068, 0.005638582461936159, 0.007415987524202613, 0.32179974421044716, 0.008657507440442113, 0.03572762903688058, 0.03251830800604897, 0.009079032406538862, 0.09391791226782174, 0.02298224433313717, 0.013444889807734452, 0.004947419204975522, 0.012087544631358093, 0.012645196055212629, 0.02579324109704829, 0.01882042752148805, 0.034332750816647946, 0.02808912229881334, 0.27320798405041413]
            , [0.1072043308294364, 0.008264800679860724, 0.01683161206908652, 0.01388112350063992, 0.004903306091023903, 0.6274668753091658, 0.007393245574478665, 0.006321218313694492, 0.011704287862628102, 0.00988937038237802, 0.005182420152507213, 0.025107741547108188, 0.005360250766786241, 0.010410234258877637, 0.013365335640885734, 0.08792627499175643, 0.021186565969413627, 0.011851276117546721, 0.0016069837934298058, 0.004142746149295702]
            ]
# The number of clusters.
n_clusters <- 8
# The base file name of this file (for reproducibility).
fn_distributions = "udm_0008_clr_rb"
