20 A C D E F G H I K L M N P Q R S T V W Y
8
0.2128158330006274 0.0306863558636472 0.0073796297798813 0.0011605015459466 0.0019411753874332 0.0391589814078585 0.0040332308530553 0.0019300564367635 0.2828457598379064 0.0022478798512596 0.2861386614341316 0.0592847710618319 0.0025171078605744 0.0023194501309977 0.0031437121526974 0.0026196795627589 0.0097759695220699 0.0215373097699744 0.2340521713582256 0.0015895122500093 0.0056380839329777
0.15697256601836537 0.0631060143482256 0.0038822312060829 0.2209600464738264 0.2051341693974979 0.0047586979099600 0.0416490595701355 0.0239975306307850 0.0091874307936917 0.0575216998795713 0.0157344605975204 0.0073862381777121 0.0916178095592492 0.0089535094841893 0.0644143454323594 0.0342444090349254 0.0805054302102646 0.0420532653753903 0.0169695698415627 0.0012154082941820 0.0067086737828686
0.14838304910739747 0.0486732235244369 0.0080328164808019 0.0205170279395581 0.0466776618741152 0.0093297827024361 0.0220393502560706 0.0432541611278487 0.0195475475362117 0.2044175876202391 0.0368414231976808 0.0179806534955534 0.0498355714356785 0.0080385499892216 0.0920121080487739 0.2207035977333336 0.0630256748553258 0.0475225912678877 0.0258486285494201 0.0031968547020444 0.0125051876633618
0.1153624593623453 0.1468199383815707 0.0118826106367817 0.0283968978116896 0.0343685152853705 0.0123291957053956 0.0400685451725051 0.0212610322802655 0.0247276184344622 0.0352784558012162 0.0372630457585995 0.0152583425160861 0.0472561833693193 0.1038674037444054 0.0366198037372303 0.0322320653230040 0.1998692472792002 0.1153629516808200 0.0431031256722691 0.0028008905029189 0.0112341309068900
0.10621684822905378 0.3652209493945212 0.0409717498241206 0.0045686852558616 0.0061019825967559 0.0090590323688518 0.0618345847745089 0.0043951193678574 0.0242411918084070 0.0055952274657290 0.0239407821080314 0.0129913982435057 0.0121883802350748 0.0071199475176458 0.0071233595908213 0.0061107937410105 0.2290092861731318 0.1088562054809512 0.0638103919016754 0.0016386492060880 0.0052222829454509
0.10614840586322934 0.0702150203200161 0.0127918868803383 0.0086177205094460 0.0178061074903393 0.0310877389488634 0.0125337439699383 0.0132139213374394 0.1598218938179916 0.0224607348638028 0.1919585685983932 0.0716765750572648 0.0174962416460828 0.0084597778892998 0.0259381162197392 0.0229326846963617 0.0467698499033951 0.0719630555804316 0.1753118067967072 0.0034307563213081 0.0155137991528409
0.09187817258883249 0.0252946863706772 0.0135997904581751 0.0056385824619362 0.0074159875242026 0.3217997442104472 0.0086575074404421 0.0357276290368806 0.0325183080060490 0.0090790324065389 0.0939179122678217 0.0229822443331372 0.0134448898077345 0.0049474192049755 0.0120875446313581 0.0126451960552126 0.0257932410970483 0.0188204275214881 0.0343327508166479 0.0280891222988133 0.2732079840504141
0.06222266583014886 0.1072043308294364 0.0082648006798607 0.0168316120690865 0.0138811235006399 0.0049033060910239 0.6274668753091658 0.0073932455744787 0.0063212183136945 0.0117042878626281 0.0098893703823780 0.0051824201525072 0.0251077415471082 0.0053602507667862 0.0104102342588776 0.0133653356408857 0.0879262749917564 0.0211865659694136 0.0118512761175467 0.0016069837934298 0.0041427461492957
