# This script is generated automatically.
# Vector of amino acid stationary distributions.
distributions <- [
              [0.0767333537457838, 0.011303023665009779, 0.04662942630924907, 0.06389012532043314, 0.010991224510030234, 0.04667087363571807, 0.03844859268595778, 0.01999982566607493, 0.11148491393751099, 0.03136267868276223, 0.016384177382567047, 0.08105680588141298, 0.020809187940351477, 0.075009516856027, 0.10001391396591505, 0.12537678615302678, 0.076242592400142, 0.029127623914432882, 0.004055793997905208, 0.014409553014912101]
            , [0.03720214137481627, 0.008034449524963282, 0.017353250571585908, 0.04038947016831864, 0.0070176910056901146, 0.020217321537628417, 0.030399513143171797, 0.015987735210719597, 0.2695203291116003, 0.028360999678781335, 0.015260900531938341, 0.040146590326725407, 0.010129030222467032, 0.0743978581589573, 0.2677086672173278, 0.047721046048091194, 0.0369753063270925, 0.02020744747063126, 0.0037617534527716696, 0.009208495964941277]
            , [0.01748801323974855, 0.006631134007757703, 0.0016092650741412473, 0.0030096532966013417, 0.048219094929996306, 0.003351655829516152, 0.0035287912120428033, 0.1622333414296269, 0.004005587201200686, 0.5248111137790901, 0.07319614056150718, 0.0032374259096787095, 0.0036916341370520564, 0.005978636092907285, 0.005073806508755059, 0.008315062630402645, 0.014046259669560544, 0.10077605594939043, 0.0027053121724602766, 0.008092020348910177]
            , [0.03355826057881994, 0.008983221292760071, 0.001518395532272454, 0.0029561070507911555, 0.03682916066778336, 0.005000011102549488, 0.002715357408486923, 0.3084041915131198, 0.003398989599516053, 0.22072328643216058, 0.05152869795086541, 0.003320213308579935, 0.003617578577461412, 0.004247226742415771, 0.003837579668955933, 0.01001860533761402, 0.024887916844779426, 0.2648179750604877, 0.0023737693579750684, 0.007263453105527628]
            , [0.04142540268901306, 0.011128740346201099, 0.0017202285289199953, 0.0035167825650838994, 0.058680680880819396, 0.007847867130353792, 0.0035591929867597287, 0.22150512666666652, 0.004516084419702006, 0.3153413111731848, 0.06382421988640603, 0.0038464099039104555, 0.004358321791620105, 0.005615831564245891, 0.005203856768975813, 0.013249869259031488, 0.026309892075232676, 0.19452896422718813, 0.00378207722491621, 0.010039141258659175]
            , [0.013521648257777172, 0.005943246979135071, 0.001601609865117655, 0.002749586609825369, 0.05185919193968134, 0.002965586852996978, 0.003724177815610772, 0.10294541392640363, 0.004106743919954428, 0.6194023319423375, 0.08332659223065259, 0.00295062549298189, 0.0035264223799317193, 0.006278573437594803, 0.0048070374330425325, 0.007833050225341337, 0.011051399078907544, 0.06014026986722307, 0.0026612628198786027, 0.008605232137708675]
            , [0.05759241071539367, 0.008057499262117084, 0.031733092141527725, 0.06147758628732071, 0.008314795613222181, 0.02939448750193878, 0.030530610832880972, 0.020870769167506638, 0.22872267526172918, 0.03145586882221789, 0.01821215740577746, 0.05984464072702599, 0.016682786371267896, 0.07797171685343149, 0.15005195668088395, 0.06985386095967427, 0.05778574436797208, 0.027052114695618468, 0.003577736398778595, 0.010817489603722336]
            , [0.025878566422590205, 0.007348030887108104, 0.0011770487498344584, 0.0021548827781889338, 0.01068318308841295, 0.0024136414993185876, 0.0014890131150924538, 0.3369409694255111, 0.002371942773904595, 0.06740350022979572, 0.017826999593963014, 0.0022683248625120916, 0.002363635874313458, 0.0022681126222005923, 0.002332606263485984, 0.005979343910808038, 0.018704452415189782, 0.48674624634858804, 0.0008070117798442238, 0.0028424786198636733]
            , [0.030356371391375092, 0.008559087831448325, 0.0016144321636086326, 0.0032184279125303736, 0.021534915181651716, 0.0038977647849878228, 0.0022935458550446784, 0.36420406468673705, 0.0036136117929210163, 0.12576628488405206, 0.034834152818755085, 0.0032799692919039114, 0.0033687530380390567, 0.003580760688161013, 0.003517281772416593, 0.009207427346826738, 0.025947846564686673, 0.3443772650528887, 0.0014317868782140093, 0.005396244836249099]
            , [0.09316128441344194, 0.008141968548268836, 0.09488292808961299, 0.16116594832993886, 0.01046043372810606, 0.041143680429735166, 0.02974454834908348, 0.02170064088635449, 0.07077996607128303, 0.034756546279022374, 0.01650921574969449, 0.05626815319144601, 0.020505705987372717, 0.08148730910794302, 0.054363548384928705, 0.09068997245417519, 0.061962921533604914, 0.03584185227902245, 0.0034194107585946987, 0.013013972711812608]
            , [0.10452506067848404, 0.021237445288875306, 0.040628726846373274, 0.03889587722147514, 0.015725172406275446, 0.06256294169315403, 0.026607536614914426, 0.020238082113488154, 0.04052165094621027, 0.029978452114914553, 0.015933287310513473, 0.08007468856560708, 0.02447949406947841, 0.040308820584759576, 0.03814216843317034, 0.2442074439690303, 0.10598219764262426, 0.030084424955175465, 0.004085442425774242, 0.015781085616544403]
            , [0.03565759449815645, 0.011124181313191324, 0.0028270423462309624, 0.005658987277406935, 0.06560775833265052, 0.0078140317390413, 0.006071293640188373, 0.15100572311347804, 0.007502368582138597, 0.3989822896353954, 0.09493229579885304, 0.005521282236583193, 0.006144565494059832, 0.009974551919500238, 0.008788464993240347, 0.016827868198484336, 0.025918142564522767, 0.11913813488324457, 0.005676604028062266, 0.014826817375460877]
            , [0.07440428266345937, 0.004803797468182812, 0.09693263959326501, 0.29800083140170636, 0.0065491054767110035, 0.025800940209709126, 0.022441187167286245, 0.01578155961950571, 0.08004941272687519, 0.02601442750492007, 0.012301108009184419, 0.037730740321451996, 0.013700435372621889, 0.10724064954078312, 0.04700837763634376, 0.05051978134047672, 0.04065538387929149, 0.028815656402799164, 0.002364678913404748, 0.008885009597856982]
            , [0.05945352449635365, 0.014520987219006371, 0.0030460647390609177, 0.006317849316545089, 0.023245001235642687, 0.0075541749284411125, 0.003814174123268, 0.24435949384685526, 0.0064437092037374286, 0.116787437458979, 0.03624635718322699, 0.005697166174111222, 0.005575750760711078, 0.006016958848222495, 0.006279021962397449, 0.019144518749316282, 0.044905935505925226, 0.38121924567000975, 0.002033702200865989, 0.00733892320396537]
            , [0.15631513605473207, 0.01635649289350057, 0.04145081555370581, 0.056651852727480044, 0.015705894346864206, 0.06687413428962372, 0.028181236171265667, 0.025738750332497236, 0.04852286829441277, 0.04165835651539325, 0.022737386493272536, 0.05685087421436709, 0.027854974472747998, 0.0575653395165336, 0.0456864409981756, 0.14745652063854048, 0.07847016642873436, 0.045115782702394504, 0.004799232718586085, 0.016007755506043355]
            , [0.05349462663987141, 0.003158979104570506, 0.22824614630225074, 0.34167633716123075, 0.004026506205558167, 0.029606692990353775, 0.01746560172025724, 0.008362707121267701, 0.04506247989894351, 0.0134871895422599, 0.0065460935059715245, 0.045591058327974256, 0.012201088104501635, 0.06618861192926037, 0.024286286353008738, 0.04716733248736793, 0.02935978524804778, 0.016849486905374425, 0.0012478817081993778, 0.005975101745980749]
            , [0.06631742077348068, 0.005000555798687875, 0.20607135174953956, 0.2185549704189684, 0.006528866084254098, 0.03995788512108655, 0.02565127758517495, 0.011863674975828783, 0.058055450348296476, 0.019338790808471715, 0.00917891469613255, 0.06845772541367413, 0.020657020838397783, 0.06673365333103137, 0.035985687435543305, 0.06880304594383058, 0.040750498478360944, 0.020712034877762395, 0.001963948072951206, 0.009417244826197092]
            , [0.24093308854046508, 0.03553499646875717, 0.01569453162762287, 0.019179346912151236, 0.012399671358773248, 0.06479470717085542, 0.011254304351625553, 0.021673611946045702, 0.016969193511644103, 0.026228426739682092, 0.015212403883560068, 0.03331080992183536, 0.020623344482822215, 0.020387503736223167, 0.016141165436938033, 0.2654796248558918, 0.10736819682268847, 0.04498903353009, 0.0026071641967258564, 0.00921887251740839]
            , [0.06428322339039473, 0.01767832776628626, 0.006477485562196857, 0.013701074580836942, 0.04880061617546362, 0.01579751450047564, 0.011791290721588191, 0.1545310118164527, 0.01819689950951021, 0.22847189467427467, 0.08136128728483119, 0.01367973913599626, 0.010895053773418917, 0.020562130657869722, 0.019308917451497817, 0.03992963305040417, 0.059734129738468866, 0.14866063982406078, 0.006998641590347117, 0.019140494662624796]
            , [0.07541553823388446, 0.017863285490055118, 0.02373199809297868, 0.04863069589240354, 0.0254193561785286, 0.01955287477354435, 0.023168569729211597, 0.11510833044811888, 0.04786923901533669, 0.09121710212796548, 0.04767020698058949, 0.033953090141385096, 0.016576455933381237, 0.0451728306446202, 0.04156112987874431, 0.06639748520488856, 0.08879388942727057, 0.1459335892403548, 0.005488302818835378, 0.02047603168344115]
            , [0.014869519176895399, 0.004959542575282775, 0.0010609359401685392, 0.0018730812685919737, 0.011378399263537828, 0.001899644220216587, 0.0013050913763176832, 0.4802521107099874, 0.0021451673058965476, 0.07235452156678704, 0.019492674740312903, 0.0020842299357399993, 0.0021490322351864558, 0.002097789594945828, 0.0021824684276774975, 0.004882619142238226, 0.01486758862382672, 0.3565137217809867, 0.0007323442243321373, 0.002899528464981961]
            , [0.016729841081346897, 0.0061887763474563415, 0.0012670359572868467, 0.002394483399041601, 0.03757705303391497, 0.0026305478092897017, 0.0027413991862866548, 0.25021955738510715, 0.0033760039827229887, 0.4281862113541413, 0.06651781708036363, 0.002664573591054299, 0.0027759115242074715, 0.004253142651511367, 0.0038420331761611914, 0.006180152672401282, 0.01388427135094629, 0.13950566829442135, 0.0022670587521012465, 0.0067984569213566486]
            , [0.10236619497629146, 0.008708125000748686, 0.024207368159720407, 0.03264398098926877, 0.009994308539056668, 0.02646410414075373, 0.018232934284252565, 0.020433368484901314, 0.03208748922186173, 0.03706438391065635, 0.011009223253057105, 0.022721330308959335, 0.4004774172697773, 0.03473281203394061, 0.03075348231944098, 0.09381971541053154, 0.04864295255552782, 0.033854825749937915, 0.0030647564552033855, 0.008721230821811771]
            , [0.36129486170756614, 0.043266398428936634, 0.011226876107873193, 0.01610844899028631, 0.013652166182770997, 0.058027209744376265, 0.009101732103783235, 0.031918603164621605, 0.013161306381390625, 0.03398912132924338, 0.01904664593609407, 0.01680805550639061, 0.017201159716002043, 0.014379732642126733, 0.01317302320143146, 0.14853697584100234, 0.09001529463445804, 0.07640022127811863, 0.002890882729805728, 0.009801291417177914]
            , [0.0802861686850857, 0.017585806363724737, 0.0024766719040163546, 0.005162644548477882, 0.04804303437656689, 0.015186626009209454, 0.004192235060296704, 0.18555787724481926, 0.005767069075083238, 0.2113883344077772, 0.05110446430800718, 0.004953069316449149, 0.0062818776628293625, 0.006528717737017086, 0.0065658567132514875, 0.02201626646917363, 0.042279517178306476, 0.27106811409567655, 0.003960912110488624, 0.009594736235354322]
            , [0.021244185490145992, 0.0019121420258766276, 0.0045193862741233284, 0.0030440189255180675, 0.001142863949654703, 0.9257373176350121, 0.0017211849741489184, 0.0013334316544662134, 0.002664610795751199, 0.002177907411824914, 0.0011416214207829803, 0.005451487203480883, 0.0014889374758380834, 0.0021544267665728235, 0.0033208766731506467, 0.013981872093166106, 0.0031433663447654123, 0.002377381772971837, 0.0005544427869720609, 0.0008885256861530799]
            , [0.08589986265985325, 0.01815967408202306, 0.02407465702437107, 0.035789478652515735, 0.01911562588495814, 0.02824620942688672, 0.02184257906761006, 0.04985933745545078, 0.04792167103144654, 0.05100256929769404, 0.0339347155057652, 0.05513720424266254, 0.01916558182337523, 0.03920974699842768, 0.04016418600995808, 0.1392155010220124, 0.20452858833857446, 0.06585360433700213, 0.004681344179507344, 0.01619786067190776]
            , [0.05875938315651258, 0.01593914411557248, 0.02420130627993702, 0.043108056180147056, 0.015374318488182749, 0.03439968368697488, 0.051009260863970556, 0.02277052144091378, 0.12750755733455885, 0.040743018553046226, 0.019037020333508424, 0.045868478841386576, 0.017550225236869714, 0.06773295669957992, 0.24202416307773095, 0.06567858927783612, 0.04853913245798318, 0.030164698820903432, 0.00887213705987395, 0.020720339620535724]
            , [0.06710376060725562, 0.004653804846740273, 0.07170209940299684, 0.17794803046792865, 0.005109625365667725, 0.02434532970951623, 0.025505961598843326, 0.014276182114879118, 0.17241457450052583, 0.02380275833201885, 0.012007258602786501, 0.053311330862250275, 0.010699930277602528, 0.10085476876445855, 0.10302452721083066, 0.05565418777865409, 0.04532473358569926, 0.022418385424552906, 0.0020539223393533255, 0.007788842726077827]
            , [0.018270461628787787, 0.0057849956417749, 0.0013210608190745918, 0.00237846225094699, 0.03481240248349565, 0.002748149580627565, 0.002401962162851736, 0.347185638528138, 0.003140208386661278, 0.3089612002164506, 0.059491926352813834, 0.0025500818273808817, 0.0025257032194264187, 0.00361490641991339, 0.003375241667748899, 0.006233974279491447, 0.015288744642045493, 0.17132330410443705, 0.0020930751284091017, 0.006498514166937204]
            , [0.06698421419498611, 0.0172594656737883, 0.007157628011420662, 0.014210206237604467, 0.027131248972701975, 0.012310966698885775, 0.008655443886072449, 0.24399563259052895, 0.01811417196295259, 0.10409020901671309, 0.05256466228356542, 0.014524453296378748, 0.01089630216963788, 0.015581791354874617, 0.01683323923788294, 0.040330182233983373, 0.0842125807381615, 0.22845874384401105, 0.0035548238740947006, 0.0131340360626741]
            , [0.2084671622520256, 0.0378296822285555, 0.00939327048393404, 0.01442864551941879, 0.023993404350377227, 0.04027766485610508, 0.009016071959206487, 0.07496644573903324, 0.013946941735680403, 0.06369860751327179, 0.034580654003911714, 0.01904162625984912, 0.01728549888376646, 0.015338174420508527, 0.013046051881531101, 0.12953848762224082, 0.1226857384660521, 0.13625468320759992, 0.004221779986029613, 0.011989405511036624]
            , [0.02062879778497037, 0.004616294936954705, 0.008271560955249106, 0.0211856014052913, 0.003651114527441615, 0.011517302998311163, 0.016877802786940618, 0.009818142636082078, 0.42509193301435433, 0.016408402748381803, 0.010699424036870256, 0.027648497083872795, 0.006032963171967363, 0.04684097113368985, 0.2996370008443566, 0.02868399669575003, 0.02367456540106946, 0.011730541519842291, 0.0022143730150295596, 0.004770715673233953]
            , [0.06738647510431547, 0.02020181926207487, 0.01786239051357531, 0.03202674500057162, 0.04528381580451558, 0.022974156718490964, 0.030991233450414407, 0.06855806123749646, 0.03568416283509576, 0.1747435047727922, 0.09819331068019455, 0.0352575814012575, 0.016678920186053145, 0.057100541931980484, 0.039273227268648195, 0.06701992504144041, 0.061697682920834516, 0.06711740438982568, 0.011554500453558162, 0.030394535808230927]
            , [0.06423492411663813, 0.00966127160520297, 0.1732117381074898, 0.09859052940966256, 0.010160094651801052, 0.06555543502858775, 0.036800696783304734, 0.013042307301314962, 0.05471633918810747, 0.019913237961692573, 0.009596906838193277, 0.1223079282990279, 0.019346051615494565, 0.04660456250657517, 0.039473288827044026, 0.12052136807032593, 0.05777445619782734, 0.020125226413093195, 0.0031940145518010313, 0.015169618286449426]
            , [0.05891973839825574, 0.005678966943023242, 0.013613777617325518, 0.009413917691569865, 0.002979745737790633, 0.7929665973837211, 0.004318123425872133, 0.003509427261337225, 0.008695489990116309, 0.0053417855250002255, 0.002833570782558043, 0.016647296505813963, 0.0035740876825582114, 0.00565178895523254, 0.009857223767441761, 0.03711182048546508, 0.008689499336337295, 0.0065363380906976465, 0.0014309016184883656, 0.0022299031799418306]
            , [0.15304491189482958, 0.033657456184195036, 0.006129618340481778, 0.011486219811985887, 0.02267607881345481, 0.02172683728907178, 0.006258857659811986, 0.1359353446886017, 0.010664653546709639, 0.07807030274089308, 0.03547974038777908, 0.0110116317608696, 0.012639859466803738, 0.010360028830787356, 0.010603828233548752, 0.05203731880728554, 0.0809643265393655, 0.2943516084018807, 0.0030344082000587523, 0.00986696815687427]
            , [0.018439290628318367, 0.006051861003746304, 0.0015915022224188835, 0.002921739766076778, 0.024728720083775784, 0.003035347450147559, 0.002399223406224227, 0.4472683371681423, 0.003718081599704978, 0.17356167444247778, 0.04887630731563419, 0.003250369794100233, 0.0029278571319469454, 0.003694767695280321, 0.003768928394867199, 0.007089671304424644, 0.019474450502654832, 0.21946536427728608, 0.0016582151489085758, 0.006078284256637135]
            , [0.09695775663301663, 0.020975665392517818, 0.021634198169833717, 0.018484705181116456, 0.010226248024643711, 0.03519775045843229, 0.013025022697446534, 0.02216564875178139, 0.023548197744061795, 0.02213861921912108, 0.014916091002969086, 0.056493229357482175, 0.01826013200831354, 0.020631086852731587, 0.02044300617131832, 0.28332561074821827, 0.25592966419239876, 0.03411021877969124, 0.002700882661520186, 0.008836267434976262]
            , [0.007239517103283813, 0.003796912427164168, 0.0009796757146268362, 0.001660235766268607, 0.0378790445686567, 0.0016325117465673597, 0.002415237008059616, 0.06695505516298508, 0.002376809735522213, 0.740125234925373, 0.06688138203880603, 0.0017319797370149714, 0.0023422780883581504, 0.003961719511641759, 0.0029542305286566553, 0.004982168445671925, 0.006152242950447709, 0.03944992355820916, 0.001969400780597025, 0.0045144453229850855]
            , [0.0958366555839416, 0.006578608050790764, 0.013481622859489041, 0.020116813669707988, 0.0068441448567518395, 0.018708060235705586, 0.010857285232360073, 0.01328594454409969, 0.0192374501322993, 0.02510410516119234, 0.007120691760644775, 0.012609740341849196, 0.5812950069951346, 0.019865995623783436, 0.017186438218065703, 0.06725151502433091, 0.032513854370437925, 0.02408218629257905, 0.002241156118917273, 0.00578272298600975]
            , [0.04591959778218428, 0.0067133901058572375, 0.34671529896278186, 0.13823083131787636, 0.006842206981086098, 0.046649030250152525, 0.027395113871262974, 0.009044023556131889, 0.03784100122330687, 0.013850488165039629, 0.006991989151311783, 0.10633975176937166, 0.01443092836729713, 0.03791050891702257, 0.023973706388041457, 0.06821544509151922, 0.035555492120195285, 0.015122598983526511, 0.002016860699450903, 0.010241729726662648]
            , [0.011916547677179756, 0.010606804504019782, 0.0035496974010513632, 0.004439095176252267, 0.36939368552875684, 0.004725634667285074, 0.03284604072572664, 0.01656180905967844, 0.005074801688311717, 0.045150345553494085, 0.011636958982374771, 0.008435934423933207, 0.0033021725250462902, 0.006930919189857696, 0.007263663732529457, 0.013768984393321096, 0.009428729628942388, 0.017252763580704752, 0.02269226415460729, 0.3950231391465673]
            , [0.055658692680798025, 0.013030239125311722, 0.017536064364089773, 0.043899216614089784, 0.024955735150249375, 0.017267169978491335, 0.03142296896446385, 0.06636690150249375, 0.12116647600062354, 0.11463996362219452, 0.04903284761221943, 0.031031882382481293, 0.012241003581359055, 0.0686747381016209, 0.1304505140617207, 0.04602149634039901, 0.05541673105049875, 0.0685978632605985, 0.009434394777524937, 0.02315510627182043]
            , [0.051252028497490686, 0.014933877398996234, 0.0703953320674403, 0.044281460624215806, 0.01413029478670011, 0.05225166182559597, 0.04911797308657467, 0.01982487880050185, 0.07133866632057718, 0.02782660672521957, 0.015415794070263505, 0.23884523149309939, 0.012886269083437898, 0.05003102761606022, 0.052727553861982426, 0.10675166793601004, 0.0580362833281054, 0.024325711060225894, 0.004101608511731496, 0.021526072966122974]
            , [0.5524239494664152, 0.023913633507219104, 0.004026794853421153, 0.0062572953801005235, 0.004491816296924002, 0.06074594046264909, 0.003151261778405516, 0.009116123086001307, 0.005200811364092922, 0.009787236416823664, 0.0061241814243565736, 0.007518109845260471, 0.007990303647520361, 0.005715759426867573, 0.0050489042856245725, 0.20874538480853744, 0.04654161302573761, 0.02896568265222855, 0.0010421834211550435, 0.003193002174513484]
            , [0.4096624575949372, 0.030548972658544275, 0.00698918181265825, 0.008827158791139211, 0.006369525889873509, 0.06549965468670886, 0.004801311979113869, 0.010113250229747003, 0.007294884973101254, 0.01201874246613932, 0.007729101717405058, 0.012837860642088549, 0.010366204600949329, 0.008909110816772162, 0.007327266970886086, 0.2971390924050629, 0.05997206234177215, 0.027666547791139397, 0.0014382514224050734, 0.004489373974999895]
            , [0.07799725885760002, 0.009687338622399996, 0.03157295931231998, 0.01981449162432008, 0.0050366586185600845, 0.6472375385599993, 0.00836136045727996, 0.005879195258559858, 0.01717829335167999, 0.009028618653120199, 0.004734023759039991, 0.03433945097343999, 0.006678393403200006, 0.011816102025919931, 0.017049850404480062, 0.06015121187200004, 0.01619260028032002, 0.010843440684160238, 0.002139766692799993, 0.004261453158079975]
            , [0.019641605728186823, 0.006162905674991909, 0.007377048498540401, 0.01787621206195266, 0.004526318189425858, 0.012699613758027882, 0.021684681492377556, 0.010258988900097313, 0.30965793869607494, 0.01886958513558215, 0.010301683109633492, 0.024612898157638625, 0.00655897506843979, 0.047269299532922436, 0.41136460622770066, 0.028306478430100604, 0.02172861306843981, 0.011994532087576837, 0.002788646424391812, 0.006319382421018524]
            , [0.04627268250905512, 0.017768962170233785, 0.03512201724596642, 0.03960471169904509, 0.03336228984655912, 0.027027959002304924, 0.19922733908462337, 0.021699324841949336, 0.0536337188310833, 0.04575908337174853, 0.018590184072439918, 0.0719532233223576, 0.01690099800526835, 0.08876006906815946, 0.08065254461639783, 0.06492958589397434, 0.03949812866973991, 0.02810037959828788, 0.009483084138952914, 0.061653712212709905]
            , [0.11049190598996658, 0.038142121107357825, 0.0236062939963211, 0.01762519215852844, 0.012216840968561862, 0.06351039380602005, 0.014134895154849503, 0.01367486794515052, 0.01916842263678921, 0.01943476507023413, 0.01036229706321072, 0.055872875224080215, 0.02020887430635451, 0.0182775175896321, 0.01973636866086954, 0.4049346515050164, 0.1022731172541807, 0.022290860100334473, 0.003124908277926431, 0.010912847275585294]
            , [0.7045837777403039, 0.015419788061720067, 0.002528718337268164, 0.003808852172006702, 0.002760117925126586, 0.058059000532209096, 0.0019508420954468461, 0.00748566683406407, 0.0030860928684653816, 0.00735648199325481, 0.004427277332883582, 0.0039391903733557165, 0.005567503204721682, 0.0035195370057335834, 0.00339653791905567, 0.11119565845868462, 0.02807545138549745, 0.02995377360370994, 0.0007932972604047274, 0.002092442339966284]
            , [0.0640781953935264, 0.03215942697580919, 0.023371966549233385, 0.029148295213969312, 0.10849756619761519, 0.02778166902214653, 0.06128092600170363, 0.041146003890971124, 0.032324708067120955, 0.07649943735604779, 0.030624688320272573, 0.044028678776831344, 0.016735449721976103, 0.03970373924361158, 0.04287087646882452, 0.07938236461669507, 0.052094966688245314, 0.05109828261328793, 0.024598694414310035, 0.1225740744940376]
            , [0.056031868751705266, 0.010697362660641214, 0.09008764669781716, 0.06497638559447474, 0.009647235019781653, 0.26314810027285174, 0.030869620615620718, 0.010581449591746256, 0.06558859863574351, 0.018828272701227736, 0.009741981077080426, 0.10979371288540238, 0.014199499530695764, 0.042638872970668484, 0.055944360948158245, 0.08296911248294679, 0.03175089694133702, 0.016289689017394263, 0.004804914966234648, 0.011410426115620771]
            , [0.037096022793715856, 0.013181844280054644, 0.014106341816256841, 0.02840078188319674, 0.009829873551229537, 0.021132741045082067, 0.04340214605088795, 0.01692631741837422, 0.15196979831284146, 0.03324337125, 0.015358568543715818, 0.03195028429644808, 0.011609902814549149, 0.06743225990437166, 0.38749086748633904, 0.04358982836748638, 0.03237434940915296, 0.020726349074453518, 0.006848123389002736, 0.013330237272882458]
            , [0.0393865088439109, 0.01527230773310463, 0.00287813075711834, 0.004621888732761613, 0.17680547708404798, 0.011278636685420299, 0.008986066881989704, 0.12757433239794164, 0.005536299433276139, 0.3050763348198969, 0.06897960374614065, 0.005968671535849023, 0.006118547865180141, 0.008168222223327658, 0.007629906397255672, 0.0211007440542025, 0.02523014771183534, 0.1010832394133791, 0.014275727153344776, 0.044029212400686114]
            , [0.033839134645094054, 0.002871660898747406, 0.38742856715379215, 0.29761010786360426, 0.003446113909533713, 0.02506170222860129, 0.014381768812456503, 0.005853798751913761, 0.026447810574112753, 0.009407920366040268, 0.004833359332637448, 0.05050382645546279, 0.010345653026096056, 0.03817377918580375, 0.014080480203549114, 0.03783174614474607, 0.020511427720946517, 0.010946546769311172, 0.0011154825722686154, 0.005309107268267301]
            , [0.0427319848969613, 0.005973313615333559, 0.01938442709151243, 0.05124352676283618, 0.005904073880894242, 0.018723465847013725, 0.02060622491302829, 0.017637306141809223, 0.3779603346140413, 0.026886187782046905, 0.016862002378623807, 0.04403881846664337, 0.01128981208417747, 0.07223736669577357, 0.1536407817813482, 0.044380112183024754, 0.03878396595878447, 0.021638793618232566, 0.00279879180988474, 0.00727870093398536]
            , [0.13906418050234898, 0.023580070756053485, 0.029545523651969642, 0.028920399532706906, 0.013459298423563436, 0.28410811384170537, 0.014996623649439846, 0.016002332684495774, 0.02441642771557639, 0.023779966096855787, 0.012760894543187597, 0.04449149498590532, 0.018064479194434407, 0.02218038628117095, 0.02655305456848568, 0.17861790436935313, 0.05522441302855078, 0.02866197833032156, 0.0052810792898445955, 0.0102913766371521]
            , [0.051365444085786936, 0.003415429130352565, 0.12331038772446369, 0.47546823809523775, 0.004550754763722291, 0.01972945760996006, 0.01460831743147947, 0.009214816468193318, 0.04541736981715741, 0.014945246348236782, 0.007939864131225053, 0.02568007347691746, 0.008654549193020753, 0.09086146587786269, 0.02364479327989818, 0.031781160432569976, 0.02407992277353701, 0.017997323835332438, 0.0016368218587786238, 0.005698570042166461]
            , [0.09080459622565233, 0.007006481292907034, 0.05805513814075711, 0.08284192908489538, 0.00967494277398015, 0.03250947170158029, 0.026363134753399492, 0.018628192781697903, 0.07739137824329285, 0.031185283020948223, 0.012201792843072396, 0.03957509582506431, 0.21298266938625512, 0.06081831819184126, 0.060896471245865495, 0.08517376287394339, 0.050643289812568916, 0.02894584266078657, 0.003398085337008459, 0.010904114809628777]
            , [0.061941503638401216, 0.011169638178931643, 0.05985283183563691, 0.039873801505042966, 0.008389182912588694, 0.46194868360104624, 0.018074226443033244, 0.009483632979828044, 0.037564770438177034, 0.014941567612999598, 0.008124501606649185, 0.07084568179491968, 0.01195789379790808, 0.025201267538289145, 0.03375524786402691, 0.07500363747852073, 0.025541722588718757, 0.015098697170340056, 0.0035586605181172955, 0.007672845057900651]
            , [0.03888016946321326, 0.02341025969519519, 0.006201375629504451, 0.0083066803896397, 0.2633562877627626, 0.01399978588250747, 0.021505914047297296, 0.07107524124999999, 0.011028026007882885, 0.1735416064264265, 0.0523191650225225, 0.012812444788288302, 0.008389839115615617, 0.013055392114489549, 0.013667659441816894, 0.03144233697072076, 0.027498907492492466, 0.06679655625375377, 0.028218299394519496, 0.11449405353228215]
            , [0.06457927587087083, 0.01207714233483484, 0.03404268927777779, 0.08735050599099081, 0.017264403571696722, 0.027536187124624606, 0.05379892382132133, 0.02980750597222212, 0.06372199787049548, 0.06641074193693683, 0.03786819156906906, 0.04691116705780781, 0.01778173733333334, 0.1996633171546547, 0.0587917435135135, 0.06310222882882882, 0.05276222594219219, 0.03998293027402396, 0.005953355612987988, 0.02059373195795795]
            , [0.036632301626831, 0.009001785899306095, 0.0014358393839630362, 0.0024429197775635084, 0.0072680860956051765, 0.002498511572089475, 0.0014876449241712046, 0.20714489136468756, 0.002421129104471932, 0.0459232488026215, 0.012939850853508107, 0.002239247913261355, 0.0022766578184271365, 0.0023245709213569853, 0.0022842394946029493, 0.006672026504240494, 0.02117599053623745, 0.630829915188898, 0.0007682792904780116, 0.002232859479568229]
            , [0.052369137296253476, 0.017215079402858248, 0.010767876724604171, 0.02197144170065662, 0.04375869420239475, 0.015518257820393878, 0.023861808096562374, 0.06982401262263421, 0.03336378570876787, 0.32057044032444976, 0.08340561115488611, 0.019616577071456157, 0.01515887072499033, 0.0442569327659328, 0.04152156255774431, 0.03966318781382763, 0.04319258959830051, 0.06490969761684043, 0.010931467619157975, 0.02812298361490923]
            , [0.19228579011288427, 0.031156113339431704, 0.004102591081588197, 0.006881453235889325, 0.05602044592292723, 0.0618729219579603, 0.005395987323082906, 0.09766983618917868, 0.006768783423238625, 0.16766562471778906, 0.0505947589295446, 0.007809937422732553, 0.00903614847606073, 0.008673389609575751, 0.008053670287543793, 0.06153740252627486, 0.06099722029583496, 0.14319356373297004, 0.007560034640677305, 0.012724332344102796]
            , [0.5052634177463686, 0.03606029596073814, 0.006500317049469968, 0.011327394268943893, 0.008673332394581783, 0.04825637679819392, 0.005373920811542979, 0.029202250973694548, 0.008633789047899458, 0.026556855838240995, 0.01299465310993328, 0.009061933956026686, 0.011596940370632091, 0.008241476633686691, 0.008146785407930929, 0.09070567561052217, 0.0708599482764036, 0.09527939647820968, 0.0018662243419709347, 0.005399013602277257]
            , [0.10591912952945831, 0.02698548425029656, 0.003332577174377266, 0.006905232261763497, 0.013867862487939898, 0.008351059527481296, 0.0037666816374060524, 0.14764630965599063, 0.006442562300118568, 0.06395816665480426, 0.024025172147093727, 0.006123454133649748, 0.007538366293792006, 0.006367136645314308, 0.006002992851720068, 0.024011522325029712, 0.061606787746144726, 0.469777476472914, 0.0017819083357453434, 0.005590097434559158]
            , [0.022972091339538606, 0.01669862063051396, 0.0053784447361392915, 0.006425975231080586, 0.3472284799676244, 0.008006927753541053, 0.031056364593282086, 0.03946630045730466, 0.008477291289761213, 0.09982149091460947, 0.025821169194658038, 0.012309070764467852, 0.0057120408429785705, 0.009846467011736137, 0.010557482978551143, 0.023167733342776123, 0.016380310590853944, 0.03749276299473895, 0.03172547764710645, 0.24145551189801687]
            , [0.029098102185292768, 0.0019081209282093541, 0.29189911632737875, 0.4731404167012882, 0.002244758197756616, 0.017636150980473553, 0.008672757859160737, 0.0043434228130452834, 0.022242049509763218, 0.007325360688408639, 0.003667311884088094, 0.027491665226422938, 0.006334051945159978, 0.04075550376817616, 0.009950543100124568, 0.024309103660157823, 0.014768908167843833, 0.010120440760697971, 0.0005825007378063938, 0.00350972603032813]
            , [0.03879006517197997, 0.023881883541946307, 0.012296544585989944, 0.014872595506711495, 0.1855513101677853, 0.015478879931627547, 0.05969621102390929, 0.03826493753775162, 0.01827521039890934, 0.07597217301593959, 0.024500212357382548, 0.025605956536912753, 0.009481152790687928, 0.021250334674077165, 0.023522790865352323, 0.0413885452265101, 0.02867297309563762, 0.04275172094379196, 0.037219157071728265, 0.26252734941275147]
            , [0.008968267967592675, 0.003232509214225585, 0.0011080104654882308, 0.0017131876565655707, 0.011621222227693635, 0.0015213311510943045, 0.0015054760484006571, 0.6192748602693592, 0.0024634805366161167, 0.08402154363215492, 0.02818429318560606, 0.002285142654461371, 0.0014929049316498785, 0.002214606499579143, 0.002293885393939439, 0.0041927584869528856, 0.012280170204124585, 0.20771699728956194, 0.0008306272378787814, 0.003078712392255885]
            , [0.02026497951476805, 0.009893242554852324, 0.0022786280778059817, 0.0037373073658228395, 0.16956594160337543, 0.005723681337130922, 0.007035675882278479, 0.08077083130801688, 0.004590572612658238, 0.47501111814345975, 0.08000730962869204, 0.004415256122362876, 0.004503127850210939, 0.007397115678481017, 0.006110886437974791, 0.012476233801687664, 0.01441165365822783, 0.05463792109704639, 0.00821007470042194, 0.02895843415189874]
            , [0.009979276310199056, 0.009016265035548043, 0.0028449025966991656, 0.0037174145539569242, 0.2817934663563269, 0.0037261744037240738, 0.033076142603046955, 0.011685725942869013, 0.004143958358865871, 0.027650017981379615, 0.00771604913034277, 0.008078971256453713, 0.0025585920660177834, 0.0052573029204401045, 0.005901957967414301, 0.01096214046043166, 0.007751612425306906, 0.013158644737198494, 0.01950770674396953, 0.5314736800677103]
            , [0.02634826475924318, 0.003986964521926043, 0.5468903693035265, 0.12978527585124677, 0.0036159286117799366, 0.027512180103181474, 0.018548444043852103, 0.0055501635580395975, 0.019051082624677605, 0.007869606392089376, 0.004263762567927754, 0.08782151831470339, 0.008292952467755816, 0.02247725901547721, 0.012057796794496943, 0.04001733565348247, 0.019871565266552094, 0.009224478764402466, 0.0011623784393809062, 0.005652683435081695]
            , [0.01927541153946795, 0.007872997935891827, 0.002518780574400359, 0.004971812069733995, 0.04681790792629743, 0.004620761379851672, 0.005131090395987848, 0.08364400763192324, 0.0072846496689926155, 0.5110335538595734, 0.18335754518098604, 0.0049637175071958195, 0.00383446247099873, 0.012165057475795875, 0.007642584189097322, 0.011818742813780966, 0.01692777650675969, 0.05125026135194061, 0.0038478547614478747, 0.011021033609245563]
            , [0.3185724212175471, 0.04231296062757384, 0.004300604383661581, 0.007253957311101088, 0.014523872230528267, 0.03384802416786034, 0.004694962827215755, 0.07512367113249777, 0.006779057883169126, 0.05206148148164723, 0.02181854535362577, 0.007241538661145897, 0.010189826396598073, 0.006762399875559551, 0.0070932372126230325, 0.0594730452551477, 0.07135088965532675, 0.24831103325872877, 0.002044301935541626, 0.006244168344673232]
            , [0.30549307171853834, 0.028821282189896245, 0.012164371833107823, 0.01537211094722607, 0.01647692733152909, 0.21231063712223752, 0.007816598483536304, 0.022848357379341544, 0.012561246528191301, 0.03104453313486695, 0.015875417713125853, 0.019262123130356378, 0.016759836716734332, 0.013795127371673457, 0.01346052978439339, 0.14541022769959405, 0.05155142693730266, 0.046583581894451956, 0.00409768982904826, 0.008294932205683322]
            , [0.040660928638220635, 0.010014586511575128, 0.027722075369042195, 0.07878378616886066, 0.00853871806945071, 0.02100436980526546, 0.05674706409850205, 0.01614151345211076, 0.15736319636858828, 0.03901914138447568, 0.0183371704906945, 0.04294732874716295, 0.011546855086699934, 0.18089771021334544, 0.16717262746255113, 0.04698137779391735, 0.03484523377666815, 0.022681702254652783, 0.004623271116659103, 0.01397133918157058]
            , [0.05617974743981486, 0.018709021202314813, 0.05531940574074076, 0.023707935273148125, 0.008958451365277745, 0.054181853499999995, 0.030131115837037023, 0.01383048221759263, 0.030579961675462987, 0.016112433615740718, 0.009396874924999996, 0.22915086388888864, 0.012224590530555555, 0.027385432060185184, 0.02463313318657405, 0.25489991648148147, 0.10300063218055562, 0.017848116226851937, 0.0024227770486111057, 0.011327258202314817]
            , [0.08565037038694638, 0.024655044890909077, 0.007673961324941782, 0.014141244513286771, 0.016495765945454547, 0.014606543799533717, 0.008601042413519805, 0.12287787868065264, 0.016781189750116512, 0.06219988387412576, 0.036290633034965034, 0.020124977813986037, 0.010740027826573437, 0.015243070042424253, 0.015011490809323978, 0.07347996238694639, 0.2392945491841491, 0.20411879272727285, 0.0027264293692307795, 0.009287131464335682]
            , [0.07411176787793425, 0.022799698186384977, 0.016473287442723042, 0.019955049693427252, 0.011740370349295808, 0.018807074524413235, 0.01242449691126759, 0.042139995258216004, 0.025560669152112688, 0.03387211477464794, 0.024199790104225356, 0.042362472031924864, 0.014348565023474192, 0.019591436122065743, 0.022025279640845028, 0.12735322792957748, 0.3964320901408453, 0.06390220339436617, 0.0026497760333333478, 0.009250629214553968]
            , [0.11640934965766632, 0.0132442943804243, 0.02719336853037612, 0.028865940269527452, 0.012328774928158127, 0.042150477531340394, 0.021921195237222756, 0.018951908895853464, 0.03015590097540979, 0.035688830901639296, 0.011323197320154289, 0.03703000014464802, 0.2159225829315327, 0.036291161841851494, 0.03022105513789781, 0.18958591301832217, 0.08595020864513014, 0.03228744074252648, 0.003319412718900687, 0.011158973807618159]
            , [0.021390762296511726, 0.018051538450581397, 0.008459380353682225, 0.009366810627422471, 0.18014844759689946, 0.008945231496124063, 0.08521645126259683, 0.018486942093023193, 0.010825725501938034, 0.044194358086240226, 0.012171035808624022, 0.021322505166182167, 0.00623121278100771, 0.015076399781007714, 0.01651550485804263, 0.025803577936046394, 0.01642036528585273, 0.021898825547480655, 0.03124040657655037, 0.4282345135658915]
            , [0.010939689234892719, 0.008781792550682241, 0.002802799744151964, 0.0032959965053606863, 0.5156808923001955, 0.004289691365984408, 0.017782373199805065, 0.018392540044834343, 0.003836723643274788, 0.05356862843079934, 0.013374884910818698, 0.006031941652534165, 0.00253246999902533, 0.00462939131237821, 0.0052267621622807126, 0.011556545175438679, 0.007954522769980495, 0.018262656155457996, 0.020951181295808974, 0.27010851413255377]
            , [0.05302941661425053, 0.00349697544864868, 0.005812991897788743, 0.007670415557248102, 0.0040292075891891765, 0.009260835968059024, 0.006205198803931198, 0.007469395187223518, 0.007926329053071259, 0.01292125294643752, 0.004038490026044169, 0.005730845049139996, 0.7865623130221132, 0.008535061908108092, 0.007692315615724782, 0.03462862903194098, 0.017350412233415213, 0.013175554326290154, 0.001167971362358717, 0.003296399750859963]
            , [0.04873451726597331, 0.011825386376919267, 0.01138333747399703, 0.008128690036651821, 0.005232157506686395, 0.01675829279494792, 0.006027333516097057, 0.011557140322931966, 0.011297998427439289, 0.011574212958395225, 0.007939418370480424, 0.03063542511342249, 0.007789619151560238, 0.008586667381376933, 0.009577559934125783, 0.3050047691926696, 0.4645669851411589, 0.017780734318969815, 0.0013507499925705865, 0.00424901352204066]
            , [0.019086766577486106, 0.0122384076022211, 0.00249993570368498, 0.003204625846542117, 0.3330798303886926, 0.005546417666330135, 0.007009114221100461, 0.06884988482584556, 0.004111738069156955, 0.3269536097930341, 0.06022354644119128, 0.0049099154225138095, 0.004022352188288832, 0.005850445479050958, 0.005440796178192861, 0.012723573573952623, 0.0134803409389197, 0.04955263380111057, 0.012733420121655726, 0.048482631041393276]
            , [0.02066237876705415, 0.012460953899949452, 0.003376459689236999, 0.003971512922182889, 0.4764388858009105, 0.0071455669742294045, 0.01067255691864575, 0.05110450669530063, 0.005215462807478574, 0.1580322209247094, 0.035163259282465886, 0.006586784155128846, 0.004286404102071772, 0.005701796256695334, 0.006837794087417831, 0.017029862243557257, 0.015318141354219349, 0.04424125077817084, 0.020260153977766544, 0.09549404585245068]
            , [0.2785777638603697, 0.02863611350308008, 0.007864855702258665, 0.007743566105749472, 0.006357237619609886, 0.054154296303901436, 0.0057205715651950755, 0.0076963448044147925, 0.006749483467659148, 0.010206929712012314, 0.006730203995893261, 0.01715317764733057, 0.010676783735626288, 0.008806802436858316, 0.007354843287987682, 0.4460224240246409, 0.06445386354209447, 0.01894482780492815, 0.001404837763809028, 0.004745074982546216]
            , [0.25889023440748415, 0.00756776727442827, 0.05447786420478174, 0.12022860878898128, 0.007889325930353304, 0.03787272830353429, 0.020483771172557178, 0.014652038895530031, 0.08531960855509357, 0.029108049126819246, 0.01420226232536385, 0.03375859826923077, 0.016214872653846142, 0.06734094390332646, 0.061954581580041586, 0.0790133086954262, 0.04623270208939709, 0.03132554445426191, 0.002860295784147599, 0.010606898038461574]
            , [0.20808121837923726, 0.013999217637182197, 0.010091630538135526, 0.00965265307574157, 0.006501951479343265, 0.5361706054025415, 0.005498102433262705, 0.00792755441684323, 0.008076219631355928, 0.011382455116525497, 0.006205557114936512, 0.013402941113347444, 0.007802864881885599, 0.007304440982521171, 0.009336050570444877, 0.09298141034957629, 0.02260090604872888, 0.016457128850635633, 0.0021391453638771258, 0.004387935326800856]
            , [0.5093114282584894, 0.02022070739430449, 0.004343803081051478, 0.0057805106081051105, 0.0064911085547645145, 0.21797612212486284, 0.0030931590690033116, 0.00998195929846668, 0.004565591286418473, 0.012230715007119433, 0.008077133705914553, 0.006793980170865292, 0.007551255255202637, 0.0051464158340635, 0.004849167188937707, 0.11277563243702082, 0.02944448418948522, 0.02639112414019725, 0.0015711944719058206, 0.0034045187130339293]
            , [0.0602950682958381, 0.015134080370641172, 0.015370984888638941, 0.009548080912823359, 0.005965508567491548, 0.024310795731158616, 0.007149534272215976, 0.010033590159167563, 0.011396736943194576, 0.011272089544431957, 0.0074246574926883704, 0.036641551071991005, 0.011754224480877387, 0.009833952212035972, 0.011095458506186748, 0.46502729471316095, 0.2661299493813273, 0.014742321805399292, 0.00164810999606299, 0.0052259749746906385]
            , [0.04575452917237451, 0.017828023005707763, 0.004448817791095974, 0.006550211082191823, 0.1688775461187214, 0.012069932575913364, 0.013239717341894967, 0.17834597180365308, 0.008253684612442962, 0.1571087082876712, 0.0466007835045662, 0.008177553301369888, 0.0073788974252283375, 0.009177617343607301, 0.010184846884703232, 0.02312629598744296, 0.032671034149543365, 0.16186087197488574, 0.019688660636415525, 0.06865628755936073]
            , [0.03122894441462029, 0.010948535156482002, 0.07499506536436318, 0.023839564640776655, 0.008654623342661337, 0.03393978872644207, 0.04510638872529982, 0.01234952439177607, 0.03583027572301542, 0.015487229852084589, 0.008758574558537985, 0.4538532729868637, 0.008218022872644181, 0.02615773228440891, 0.025298664650485393, 0.10570795871501995, 0.04813576083952027, 0.014602710371216451, 0.002199426145059943, 0.014687942015419737]
            , [0.021349783727844546, 0.00959739318810749, 0.007542196117209778, 0.014484098711263556, 0.005767336617495747, 0.01324216357575763, 0.02761215915666096, 0.010580597469411104, 0.15295595124642647, 0.019447784179531427, 0.008884084381360752, 0.018295005225843364, 0.006525969858204691, 0.04098832719839907, 0.575772903373356, 0.024518350731846883, 0.017780617335620343, 0.012321020184105066, 0.004363797498570616, 0.007970441756432283]
            , [0.0954728049490713, 0.013634529142001195, 0.018300699242660277, 0.0296277848831636, 0.03211893173157579, 0.02276948947872981, 0.019052762269023363, 0.07232240736369082, 0.02515240746015573, 0.10706009481725584, 0.02927301629119233, 0.020839111526662655, 0.21013758064709392, 0.03355344319952068, 0.029572863927501525, 0.06217057233073697, 0.05949441225284601, 0.09270206292390654, 0.006997724878969441, 0.019747316708807687]
            , [0.03313885508433737, 0.009285437394578308, 0.0034840854367470184, 0.006677188475301167, 0.03279090097891566, 0.007265510409036162, 0.005816747489759008, 0.23971137933734935, 0.010430778289156575, 0.19093520575301204, 0.22034482451807225, 0.007547091343373474, 0.004710425146385502, 0.01314771615903616, 0.009664514298795161, 0.018759295168674667, 0.038866332475903605, 0.13425226111445776, 0.003573708043373494, 0.00959772145301209]
            , [0.1298494745319281, 0.24983011469311844, 0.01248046638747673, 0.012320288000000054, 0.028900532141351545, 0.03656802037197765, 0.016043995732176065, 0.03424301633601975, 0.014938517091754484, 0.04708004026658407, 0.021908555282083082, 0.02943826161810293, 0.012063694922504635, 0.01586918956602605, 0.019617533413515204, 0.1496888514445133, 0.07195236885306883, 0.06658287501549906, 0.00848640853068816, 0.022137803300062008]
            , [0.2563203221601488, 0.03537256594972068, 0.0074755747361886365, 0.010330461563004358, 0.011282608772811925, 0.02957397375543138, 0.00604852212290502, 0.031441071061452545, 0.01067983134016133, 0.028097619546865252, 0.019884832886405947, 0.01725646323711977, 0.013333005117318438, 0.010845264601489754, 0.010331301368094313, 0.14487654554934815, 0.2681119621353197, 0.08043983368094351, 0.0020295794885164453, 0.006268672140285474]
            , [0.02822787856339782, 0.007647886993753898, 0.25870272267332917, 0.05427357791005622, 0.00686948236976892, 0.053108818497189264, 0.03179140406246096, 0.009263782732667133, 0.03379460735665211, 0.011397385740162372, 0.005631331158026248, 0.2993898044971895, 0.008840146825109325, 0.023877162905059333, 0.021755323494690837, 0.08632883352904434, 0.034907826908182366, 0.011030288575890113, 0.0018305087688944392, 0.011331192775765126]
            , [0.030189303261284155, 0.009779425617291799, 0.0039802905079466475, 0.007260050966306407, 0.047145043846789574, 0.007697420151939069, 0.0069516910762873405, 0.09405081124602668, 0.010732913271455785, 0.34147145645263827, 0.2711820419580421, 0.0077595858315321065, 0.0048051533293070985, 0.017536935576605215, 0.011914616728544193, 0.018778998753973257, 0.028168224075015857, 0.06138105411951686, 0.005737426260584872, 0.013477558771773722]
            , [0.35115787475665156, 0.01878501302141467, 0.0064359248228423455, 0.007179279659312164, 0.006851172203763821, 0.3903876742375083, 0.0040432336060999274, 0.009421940231667869, 0.0059908320441271964, 0.01311151271447103, 0.006940378456846197, 0.00915922490590524, 0.007496932861129131, 0.006009100412070104, 0.006678192299156352, 0.09840413872809865, 0.02384088263465278, 0.021933117339390018, 0.0018149740110318061, 0.004358606609993494]
            , [0.03631892532881358, 0.007679941288813573, 0.022147051924067778, 0.09308195191864399, 0.010128854461694863, 0.01762630557966105, 0.0866179136657626, 0.01499835860881353, 0.05243068958237288, 0.04433626844067804, 0.023244730864406773, 0.03196625124745763, 0.013560144460338968, 0.38621679322033897, 0.053844502620338984, 0.03850286474576269, 0.0292689634440678, 0.019678450332203376, 0.003935002203389828, 0.014416051154576282]
            , [0.008404633434812694, 0.006354693957697647, 0.0017918464847433632, 0.002384475116504803, 0.6920391171983349, 0.002851087573509062, 0.007683294252427206, 0.01976618173023577, 0.00279647694590842, 0.06704347801525663, 0.014612521332177504, 0.0034535130152566207, 0.0021395834722606998, 0.002946802821775337, 0.003059002726074886, 0.008123007540221869, 0.00572631435714286, 0.017243030460471473, 0.012429470828571432, 0.11915145738557573]
            , [0.01175547613675211, 0.0021096048440170986, 0.7687759387464375, 0.054120248874643874, 0.002105193345441625, 0.012928280929487314, 0.009607369522079806, 0.0027601449672365053, 0.007510501783475808, 0.003820113776353204, 0.0021285968297721086, 0.06650792411680911, 0.0036962568646723808, 0.008351106635327614, 0.005734388179487147, 0.020299847586894564, 0.009309553993589778, 0.004376840604700824, 0.0005538075851139693, 0.0035487878219373284]
            , [0.008074604093545934, 0.009287626203045685, 0.0028945238216098665, 0.0033641742545322123, 0.15605553633067432, 0.003173071857868047, 0.03963574441769399, 0.007538841127628648, 0.003454138223350285, 0.018114214204496132, 0.005152176101522809, 0.007489792768672898, 0.002202591000725139, 0.004562127801305306, 0.005394824368382907, 0.00880926108194352, 0.00588991769253077, 0.008084956313995542, 0.016595413160986207, 0.6842264655547504]
            , [0.09212182832605531, 0.02587430789374091, 0.009747799799126641, 0.006553075314410489, 0.005699126871906816, 0.0346034182889374, 0.005557294570596796, 0.005861306940320138, 0.0073786574505095015, 0.009452370114992795, 0.004627393406841339, 0.02420611436026198, 0.009381850577874846, 0.006442910586608404, 0.007186643566230062, 0.6472693282387189, 0.08231882962154295, 0.009671128325327447, 0.001541451185589516, 0.004505167927947598]
            , [0.020267934207450766, 0.0053467755383491584, 0.47346648648648604, 0.054847407005113216, 0.004428401924032127, 0.027262009900657483, 0.023395535315558803, 0.006188084764791824, 0.01992750189481371, 0.0077740785843681826, 0.003915367018261524, 0.224501309934259, 0.0063781007121987005, 0.016791396671292945, 0.013478964060628179, 0.05359098694667641, 0.021544580029218385, 0.008571822815193642, 0.0011329939050401649, 0.007190240953980968]
            , [0.015885610015384563, 0.0027565363207692328, 0.006805960872307747, 0.020620836623076906, 0.0026535846553845943, 0.008726507028461582, 0.009744859601538463, 0.008655501986923081, 0.6076500138461539, 0.012055333997692291, 0.009844956703076911, 0.023868547333076924, 0.004865868029999977, 0.033055608815384614, 0.18072224668461573, 0.0195131061384615, 0.018967460407692274, 0.008910460915384555, 0.0013165846921538576, 0.003380405271538451]
            , [0.02235632601032571, 0.0016279856250992954, 0.09948201401111983, 0.7059700714853057, 0.0023247535845910203, 0.011555850758538586, 0.0060783922382843456, 0.004773335679110452, 0.021528517271644173, 0.007349723082605175, 0.004210344888006354, 0.011895508649721994, 0.004129725704527406, 0.046908700468625886, 0.010179272833995223, 0.015321212123113666, 0.01127162040508338, 0.00946761544956315, 0.0008763108484511548, 0.002692709944400313]
            , [0.029667895613057223, 0.019164592117038214, 0.017724709689490428, 0.017939013086783414, 0.09487636635350322, 0.01358032044585989, 0.22880571449044596, 0.017274165581210282, 0.02372923977707005, 0.038459078128980806, 0.01313417523885349, 0.04955335564490445, 0.007812559844745208, 0.03893839811305733, 0.03783105379219743, 0.037166425748407644, 0.022779874076433185, 0.021496852316879006, 0.015506730183121013, 0.2545594748407647]
            , [0.029668919197431802, 0.012233759878009632, 0.02473480867817017, 0.021190886508828288, 0.0293549501845907, 0.015155361348314557, 0.4278419020866771, 0.014000062014446174, 0.025505280995184555, 0.030403548491171717, 0.0114227056669342, 0.07495323392455855, 0.011416048943017666, 0.07051786992776884, 0.04150855793097914, 0.03926445927768861, 0.023986166003210293, 0.016955350770465408, 0.006067937328250405, 0.07381818042536116]
            , [0.04373986977984761, 0.022681762135478404, 0.011809356939881457, 0.015796856573242993, 0.11892451567315837, 0.027085610550381098, 0.026960914388653685, 0.03556306220999156, 0.02169055483149873, 0.08086125591024555, 0.0288574350635055, 0.018776574113463174, 0.012677624039796765, 0.021340704856900927, 0.03466646633107535, 0.04296064517358176, 0.030698190042336985, 0.04010431856054192, 0.2650124335309062, 0.09979181526672304]
            , [0.28476443573943666, 0.012497334264964785, 0.014909829490316908, 0.023583374138204202, 0.009026591084507013, 0.04279436357394366, 0.010903776354753513, 0.019047517121478952, 0.01835149716901408, 0.024664180123239385, 0.010922515522887331, 0.015296772156690123, 0.26609849119718293, 0.019191578301056333, 0.016412777663732402, 0.10266472441021127, 0.05114849624119718, 0.04668282483274644, 0.002989609202464786, 0.008049300001760521]
            , [0.034261223886342874, 0.009846710076076994, 0.007067198122823144, 0.005715978219065096, 0.004201129109074213, 0.008076702400549939, 0.004475260770852443, 0.015222462854262167, 0.007584066670944148, 0.011870530416132147, 0.008826370725022903, 0.019419656722273138, 0.005197182573785507, 0.005820392417048601, 0.007436413064161283, 0.14497484369385888, 0.6732120696608618, 0.022437246889092627, 0.001065773308890917, 0.003288785670027442]
            , [0.023362895016835056, 0.01804970019640853, 0.006759986567901201, 0.009006484790123476, 0.10098483959595961, 0.014444421447811426, 0.015635863188552174, 0.019254711582491618, 0.0118063063007856, 0.04637321387205392, 0.013158912615039296, 0.011140617340067355, 0.007975384643097685, 0.011470380387205336, 0.020586274882154875, 0.027013010505050457, 0.016711985420875416, 0.020098091503928217, 0.5211197227833897, 0.08504718542087547]
            , [0.03450473525229357, 0.012880479310779819, 0.041604340402522935, 0.0246129569380734, 0.025395091100917415, 0.0245816759208715, 0.21975028623853232, 0.01416579620412843, 0.03460443464449542, 0.02292221618119268, 0.010778560240825668, 0.2580903876146792, 0.010170614184632998, 0.04570109809633027, 0.03860840099770642, 0.06833443563073395, 0.03518431797018347, 0.01693173853211012, 0.0047807260516055045, 0.05639770607798169]
            , [0.03520855646005501, 0.009808365555096413, 0.0049734961873278485, 0.00926007414187327, 0.03327718852892561, 0.009888853730027528, 0.008013214637741047, 0.0744628354628099, 0.013406474038567498, 0.17377310679063362, 0.4616363870523414, 0.009768989701101936, 0.005212453044077112, 0.022085651276859516, 0.011752770077135016, 0.02103965848484842, 0.032057242603305766, 0.04746246696969692, 0.004914349625344351, 0.011997860942148757]
            , [0.009424621740947076, 0.010695929615598893, 0.00339458443732589, 0.004520233197771548, 0.03477803231476324, 0.007567012532033492, 0.005968938339832846, 0.00735326037743729, 0.005159802842618466, 0.021370954892757588, 0.006368150497214429, 0.004869163306406743, 0.003586548954038978, 0.006090780377437346, 0.009716556082172707, 0.013537544136490248, 0.008594889902507008, 0.008752175367687978, 0.8009216420612812, 0.027329184665738162]
            , [0.009392096964838309, 0.004795656473980309, 0.002908336654008435, 0.005643655444444444, 0.0034386233895921173, 0.005461976428973225, 0.012411247798874828, 0.004615607541490846, 0.0564057693769339, 0.009556483582278591, 0.0037566717749648176, 0.0066647391097046475, 0.0026108240309423263, 0.015611018767932479, 0.8274487074542893, 0.010397389329113937, 0.007887444781997224, 0.005659357708860641, 0.001971924951336153, 0.0033624629381152904]
            , [0.01208390136858975, 0.8812279262820515, 0.0032407538349359735, 0.003621115684294726, 0.005267707895833279, 0.00634340941987175, 0.004284171993589735, 0.006187746604166808, 0.004102469884615469, 0.008157075838141223, 0.0032944531923076448, 0.004622057059294908, 0.003296540216346143, 0.0037640215112178695, 0.0060568062387820545, 0.018489858445512722, 0.00920569279967947, 0.008371915927884513, 0.002631902269230762, 0.005750471437499967]
            , [0.06855350289930554, 0.4952708576388887, 0.013747227812499988, 0.010110216440972146, 0.0260187786111111, 0.028363640607638886, 0.011632313489583337, 0.020513788350694506, 0.010874156510416705, 0.030975344513888933, 0.013589568750000006, 0.018189708142361115, 0.00784781482118057, 0.010626958385416694, 0.018095969843750028, 0.10422038309027776, 0.04306684135416666, 0.03993470243055553, 0.008037295027777778, 0.020330921633680554]
            , [0.01540696627906979, 0.00733943899612402, 0.03642926802131782, 0.007666841498062002, 0.003807605166666665, 0.013700346027131799, 0.02359249937596899, 0.006077574872093011, 0.009765778908914731, 0.007450728062015563, 0.004350869839147283, 0.7640107984496121, 0.003883765149224786, 0.009002524222868194, 0.009293367802325564, 0.044381367868217045, 0.018711798158914737, 0.007538005193798422, 0.0009886102616279095, 0.00660182913759691]
            , [0.01332417713270137, 0.0041940411469194375, 0.008362269559241686, 0.008878103668246415, 0.01207171761848342, 0.006367794296208505, 0.7671636516587674, 0.007254527459715637, 0.008193863857819922, 0.013048609459715643, 0.00575131960900474, 0.03142480988151659, 0.004217646973933651, 0.03467537803317536, 0.014067672746445492, 0.01546038902843605, 0.010926084597156348, 0.008793911521327052, 0.002506603573459721, 0.023317418926540278]
            , [0.020154948096676742, 0.003967182401812689, 0.008890944797583053, 0.04289365876132931, 0.005712625280966777, 0.009507015226586153, 0.043846184009063455, 0.007509940302114743, 0.02380195557401815, 0.02036693588821749, 0.021557004042296074, 0.014933655277945608, 0.006462203746223562, 0.6967397220543806, 0.018283106365558893, 0.021328337039274968, 0.015364720181268866, 0.01076097326283991, 0.0020290097371601238, 0.005889895027190339]
            ]
# The number of clusters.
n_clusters <- 128
# The base file name of this file (for reproducibility).
fn_distributions = "udm_0128_none_rb"
