# This script is generated automatically.
# Vector of amino acid stationary distributions.
distributions <- [
              [0.015266342742363645, 0.006097754213368776, 0.0015221793137008624, 0.0027197426305884467, 0.04688332262682602, 0.002978044109561727, 0.0033189940961487786, 0.15190310090748127, 0.00362502995562191, 0.5563001755201405, 0.07304150273129695, 0.002969607535856636, 0.003495678448649824, 0.005653578393094327, 0.004696403567773379, 0.007497030699867208, 0.012471964960602211, 0.08937863156485171, 0.0024008481711376628, 0.007780077444223134]
            , [0.013026319918828327, 0.0058513386082290186, 0.0015711498459750478, 0.0026725082388192947, 0.052058790543381035, 0.002905541367844544, 0.003647115737813074, 0.09304259796511628, 0.004096904879025073, 0.6339718928890882, 0.08541176319991053, 0.002866711681127128, 0.0034625834116726283, 0.006219386468470416, 0.004650184233228868, 0.007706985552549339, 0.010548212701475969, 0.055195269069767426, 0.002711943823345244, 0.008382803697003602]
            , [0.036693129759979806, 0.009350739521500765, 0.001813363990980317, 0.0035302847705912105, 0.022284617321121816, 0.004542202277918121, 0.0024225091091207053, 0.33114335699848385, 0.0039448279868619165, 0.12539365895149063, 0.03458059461849419, 0.0034091350654371286, 0.003792207968923718, 0.003776693995452194, 0.0038907018749368485, 0.010655600039919097, 0.028756293332996466, 0.36306995022738736, 0.0015092793727134882, 0.005440843948206181]
            , [0.021259877252240808, 0.0019097924120614548, 0.004508699168501877, 0.0030406786304735117, 0.0011431859916263484, 0.9257755544174116, 0.0017189516578744735, 0.0013344192030728536, 0.0026596412622278895, 0.002177583786939802, 0.0011400004944940034, 0.005435833570806611, 0.0014887180038666847, 0.0021543885830985973, 0.0033191496650447003, 0.013970691515492947, 0.0031421037078101094, 0.0023776004985918003, 0.000554673099539011, 0.0008884442478361287]
            , [0.030041844436186523, 0.010498641588672468, 0.0027719885758585652, 0.005248643874961524, 0.07046272912608917, 0.006826208060994404, 0.006393372638134286, 0.13495590695028198, 0.007223741885007809, 0.44319470681701756, 0.0897108946745259, 0.0053114339718092415, 0.005907728400051278, 0.010259484852895944, 0.008774162852178323, 0.015558446291389132, 0.022825069382368043, 0.1035128332906202, 0.005512032819579697, 0.015010132971809344]
            , [0.044309706631279124, 0.011136993616260991, 0.0019611527630243597, 0.004164616230165827, 0.05671017334800623, 0.00843169135240815, 0.004099967978327276, 0.18974529335836351, 0.005261214236949863, 0.35292290756084943, 0.06434447444588282, 0.00405744542439157, 0.004965322326514837, 0.006353621786380048, 0.006264269488555116, 0.01422908149844647, 0.026601439671154893, 0.17990279909373375, 0.004103613313335068, 0.010434208567322564]
            , [0.03334522900565895, 0.008722890154621406, 0.0014687606627323269, 0.0027563055828349822, 0.034595480587442724, 0.004766288524656305, 0.002551127634060943, 0.32232158474804673, 0.0033009156233091003, 0.20619706575047153, 0.04974907708164916, 0.0032423359975747718, 0.003405101184236016, 0.004045712561304222, 0.003706656982322837, 0.009782149450552557, 0.02484441197062791, 0.2722307181352738, 0.0021882692908380685, 0.006779916049312842]
            , [0.06798543907726513, 0.00486972390744855, 0.1430510590327959, 0.29755302640355785, 0.006286044872984953, 0.030214106303501957, 0.021857069689271817, 0.013411901972484638, 0.06582714112562536, 0.02207646404446932, 0.010595989560589238, 0.04463842124513619, 0.01404329304224568, 0.0861818758198998, 0.038765723051695386, 0.056480579374652576, 0.040366695330739305, 0.024779876478599208, 0.0020485238855753067, 0.008967047578098977]
            , [0.04894623667229726, 0.013774704825478604, 0.002813555856165502, 0.005886282536176873, 0.06065164940512384, 0.009991209308840163, 0.005709170995411066, 0.23077391497747712, 0.007908947321790677, 0.2340858795045045, 0.0716656836570947, 0.006186169373310759, 0.006455524797297333, 0.008648252701858067, 0.008314493799239951, 0.020095643400619215, 0.03907398646959458, 0.19906611858108103, 0.005195642010388515, 0.014756921948761284]
            , [0.03671006426516215, 0.00888266530014107, 0.015049602516502097, 0.03448784993906913, 0.007289261825105815, 0.020564645385331468, 0.03300559137827924, 0.015553947908885632, 0.2353648033850486, 0.028549646538786874, 0.01516669239774324, 0.03695190498843442, 0.010580422600564209, 0.07189881910860368, 0.31310727334273636, 0.04723512385049363, 0.03583755919040901, 0.019864977653032467, 0.0043028422016079095, 0.009596308274753117]
            , [0.05768815591565244, 0.009953927794254191, 0.029135129626662933, 0.05442385637163882, 0.010138830948485722, 0.03350005859609404, 0.03740171796065668, 0.021148314923011564, 0.18204688887630924, 0.034987675229267046, 0.019120428761392604, 0.0535437948429097, 0.014698837363430507, 0.08055479447495045, 0.19350324087178034, 0.07037058148315879, 0.05198842855929804, 0.02744572605717522, 0.005007589724908003, 0.013342018764789135]
            , [0.07492333818577651, 0.018641164546269958, 0.005017649222148035, 0.010362372303628457, 0.029229260580841816, 0.012184444812481744, 0.006293869803773597, 0.22567236258345405, 0.011432317503338084, 0.11040475793904207, 0.046262601053120495, 0.009767838787227916, 0.008375005911756172, 0.010750728319593693, 0.010864187053410745, 0.03296831918142244, 0.06660867831059507, 0.29583694978229275, 0.0031386343646444053, 0.011265527028447027]
            , [0.024989709970904717, 0.007558882529095116, 0.0011472455743381169, 0.0022043328486470934, 0.040712949954611576, 0.003706709397439653, 0.002262948894821079, 0.29451639598486967, 0.002860301828425782, 0.3068095513529238, 0.055508032833866794, 0.00268602048559783, 0.0025603292563281844, 0.003553871254582515, 0.003231014184695978, 0.007296718389874751, 0.018367178001745595, 0.2114829424498104, 0.002184303104393376, 0.006360574831539144]
            , [0.05736471035276961, 0.005752365131486867, 0.013689480226413923, 0.009504545156559858, 0.0030452102393585673, 0.792836910204082, 0.004378387423615213, 0.0035513442994169198, 0.00878809081253646, 0.005429652188338421, 0.0028631050446063337, 0.016658679088921286, 0.0036999619320700616, 0.005688809566763844, 0.010012150409620883, 0.037564711883381875, 0.008831881567638575, 0.006627390588046664, 0.001465117350612239, 0.0022474923448979334]
            , [0.01672369539668432, 0.006055273545529882, 0.0012741337222911889, 0.0024471508177029214, 0.039410809267021917, 0.0026945954668441616, 0.0026270133241563, 0.21958136329188863, 0.00331008064055658, 0.4681727847838957, 0.06603603419775016, 0.00264556715364115, 0.002887855839846118, 0.004433791554174057, 0.00402214061169328, 0.006306049533747915, 0.013503502424807669, 0.12885137699526353, 0.002290817076346945, 0.00672595095263466]
            , [0.023157848950800447, 0.0067590731813574455, 0.0011027034141671763, 0.0020124263470658113, 0.010640299094250252, 0.002112175714878657, 0.00142965401630114, 0.3551894398340245, 0.0021983243482511863, 0.06752520390337882, 0.017186169691760546, 0.002188989763485534, 0.002395203656075807, 0.002202800649081141, 0.002184475564611675, 0.005462062489330358, 0.01755392093449909, 0.4752059285714291, 0.000788207080082981, 0.0027050859356847375]
            , [0.0961351627862363, 0.007151502778014631, 0.10407077008830679, 0.1741923395249696, 0.007892323707978197, 0.045447683048112045, 0.028487167623629732, 0.014977866248173044, 0.0735280115499391, 0.027045677661388476, 0.013068437699756394, 0.05772945607795369, 0.018182705619671134, 0.08565492967417769, 0.054886151924482346, 0.09269895076126675, 0.058812920377588306, 0.02655689323081608, 0.0026165856278623457, 0.010864463774056029]
            , [0.01661801686802973, 0.005482393997707597, 0.0011434297685875283, 0.0020133539129491285, 0.011304457912949213, 0.002050715150247781, 0.0013735962318463801, 0.44753571096654265, 0.0021934024237916586, 0.07152473164188361, 0.018621358810408967, 0.002224381220569921, 0.002277927675092887, 0.0022188313773234616, 0.00227489828407694, 0.005116564905823975, 0.015555395771685222, 0.38676865923172266, 0.0007608255722118956, 0.002941347920693997]
            , [0.04185566548437492, 0.007251975286937501, 0.022763090495000027, 0.05471853987374999, 0.006725585961250065, 0.021834331725312538, 0.029964885195624985, 0.017395637819687573, 0.2765375590624993, 0.028923208599999778, 0.01619301495406252, 0.04797046624375001, 0.009935160782187511, 0.08578840115624986, 0.2058946893750001, 0.05154030150937497, 0.04106728603124999, 0.021414147412499862, 0.003210459088843748, 0.00901559307250005]
            , [0.021623639414758228, 0.0070034767107506266, 0.001456361931615871, 0.0027411767061069417, 0.02318238628466924, 0.003243349208015271, 0.00216906521272266, 0.4216437096055975, 0.003375772274491068, 0.14438970467557244, 0.03975625401622139, 0.003053757555979607, 0.0029311337670165118, 0.0033506086335878434, 0.003357738094433786, 0.007495524687022984, 0.021942302228053483, 0.2800743645038166, 0.0014831418794529353, 0.0057265303237913345]
            , [0.07115369632854868, 0.005362678464433815, 0.06437922777639549, 0.1415685741945773, 0.006258259934290231, 0.02681699964274322, 0.029519941110047868, 0.015606702990749607, 0.1564437280063793, 0.028537663755980713, 0.014106764950877183, 0.05532453320893144, 0.011892382560127621, 0.10851730317703351, 0.11654637067623592, 0.06481338121850079, 0.04863488967464114, 0.02335565957862816, 0.0022762152176395356, 0.008885032645932968]
            , [0.11443566514879998, 0.02289022160543999, 0.035851191812480004, 0.033116450699199974, 0.015856942694719923, 0.0631944559616, 0.023339782661120002, 0.017605096885120256, 0.03430104565759999, 0.028011519740800003, 0.01442720351936001, 0.07163440982079997, 0.02523084227584, 0.03486003544, 0.033900511238720024, 0.2857888844799998, 0.09931660254719996, 0.027247734444800213, 0.0038731394056960074, 0.015118253564160015]
            , [0.13197726236281476, 0.010952007197159452, 0.054720161852808286, 0.08146905122014203, 0.010567096293737838, 0.05310788587475791, 0.028054250208198826, 0.020277851620723195, 0.060800142495158166, 0.032637450261458964, 0.01795164136087799, 0.06471556771465452, 0.020635105766300836, 0.07035945389606191, 0.04861397896287928, 0.1561374411878631, 0.08556421129761138, 0.036005262698515145, 0.003009367141349256, 0.012444839682375752]
            , [0.07161688334111371, 0.019289334773257755, 0.011953843752584278, 0.02151777227609197, 0.034287777735911976, 0.016847707423140942, 0.015578784973324454, 0.15813558036011993, 0.02333992178026011, 0.13274240456485503, 0.0674974798632878, 0.022088632780593493, 0.014846051289096364, 0.026437395375125034, 0.023035086513171113, 0.05596459117372457, 0.08603926185395133, 0.17202087299099716, 0.00606789485695231, 0.02069271250183393]
            , [0.0625171547986577, 0.005518341376677853, 0.20015592567114118, 0.1948331572818793, 0.0071113009516779735, 0.043252806677852335, 0.030058808666107377, 0.011979685413422744, 0.06255722324496647, 0.02014495090067102, 0.009934763708053688, 0.0801482029395974, 0.017889349946644303, 0.0678901825872483, 0.03937434209731543, 0.07131232133221477, 0.04170216506375837, 0.020391819670805417, 0.0022096270515771805, 0.011017882430201388]
            , [0.06053388934387616, 0.015614639183041725, 0.002799721658142615, 0.005962933633916562, 0.01869762047341855, 0.006301222678330991, 0.003330561783647351, 0.23011867059219357, 0.005729221307537086, 0.09472256715679678, 0.030772562799461643, 0.0049127418320996305, 0.005603003894010753, 0.005188519544751059, 0.005421871102624515, 0.017055375643337943, 0.04313860308209961, 0.43627659925975826, 0.0017335558858680867, 0.0060861162288020805]
            , [0.00695339594299299, 0.0036821738018323683, 0.000948787101119862, 0.0016222155863589438, 0.03684885131828977, 0.0015690238486598326, 0.002376467277231009, 0.06497404176993553, 0.0022776210271462857, 0.7475961197828298, 0.06518068175432651, 0.0016859275877163307, 0.00220155599321337, 0.003850199098065804, 0.002865376781133272, 0.004916494309128161, 0.005905438596538803, 0.03826420477774036, 0.001928649683508663, 0.004352780118086187]
            , [0.07476958788243385, 0.01323881236610519, 0.031336387911309736, 0.06411806855964254, 0.022004653322103808, 0.02775725910622206, 0.040676178982811936, 0.03988727408387756, 0.10150002597112422, 0.06637160485733931, 0.03129535686833963, 0.045317133509797186, 0.01853639541148162, 0.08414978447576488, 0.11067880051564102, 0.07298252003781368, 0.06989240374355445, 0.0520102108078378, 0.008536671851632864, 0.02494086262667582]
            , [0.06045639213126082, 0.017188383657340243, 0.0070017509737478265, 0.015225211145423197, 0.05185830376994822, 0.015610157043523351, 0.013563667185146806, 0.1371743999999999, 0.0205613082877375, 0.24967355924006918, 0.08553568850431773, 0.014742243900172716, 0.011189056753022442, 0.023651845166493976, 0.0219727534656304, 0.04097730083246983, 0.05713283993091538, 0.1275007950604491, 0.007949066651813469, 0.021035279645941294]
            , [0.10871449981849915, 0.02062425284467714, 0.0251235073165794, 0.03045384419895285, 0.017643491293193734, 0.038183873840837684, 0.020257170693542763, 0.03722113244607329, 0.03584908350122166, 0.03996541810471202, 0.024485359434554974, 0.056915748813263535, 0.02424086905026177, 0.034634362335078536, 0.03182575356020937, 0.19967560687609026, 0.18037556917975528, 0.05416245279232114, 0.004375746301221638, 0.015272256240837744]
            , [0.10546745684835782, 0.022906112794898674, 0.02315358265234101, 0.03579842168728163, 0.028586235423829504, 0.03270151132424877, 0.025485822909503845, 0.07068625005939902, 0.038274127756114606, 0.08845833825995808, 0.04731194022711391, 0.04328084931516424, 0.021746006025506637, 0.04691043659329143, 0.03755589155485671, 0.1100371425925926, 0.09673650747728853, 0.09541625929419986, 0.0068026698245981865, 0.022684440603074778]
            , [0.050246287801923785, 0.0028675889057000574, 0.23106841218382645, 0.3715586989668683, 0.0035389667524047402, 0.026749453544709714, 0.015657151582472405, 0.007614350259707997, 0.04184914326327039, 0.012531197138938244, 0.006144509650872817, 0.0405899349447809, 0.011008459018881346, 0.0650412566690417, 0.021920006672960513, 0.042801658827930175, 0.026914566323477034, 0.015462974444602873, 0.001168090507018162, 0.0052672926202351235]
            , [0.03029875168888886, 0.006362396652962931, 0.013797789454814878, 0.03283698062222224, 0.005386100022592662, 0.01678396078370383, 0.022914079844814812, 0.013541486804444183, 0.35144858962963, 0.022909250977777712, 0.01346758905592594, 0.03593075165925926, 0.00805043683222225, 0.06302112627407408, 0.2634957714814813, 0.04042778884814822, 0.03223140538148152, 0.017075333129259226, 0.0029545422803703824, 0.0070658616681481545]
            , [0.22717464366944665, 0.02604643208491283, 0.023380296590219885, 0.03042953827255498, 0.014998231483320686, 0.07950731728961326, 0.017590005815011384, 0.02307980764973467, 0.026471886748673196, 0.03200972725928743, 0.018569637521228213, 0.04450325852843061, 0.023134099301364678, 0.031890537361637605, 0.024875645951099288, 0.2143167767247914, 0.08088223360879455, 0.04394367137604242, 0.0037642679117134174, 0.013431973056861238]
            , [0.07084534792851649, 0.01908357513412759, 0.05322152717140661, 0.04229882232129131, 0.015375904406610266, 0.05473278293235973, 0.044809575057647946, 0.021203732612990134, 0.050672373556495, 0.029514893405072976, 0.016426377587240592, 0.16732825280553434, 0.015880343385472694, 0.05207464152190621, 0.04296311400076864, 0.1685528965411222, 0.08222178307071482, 0.027629341656418158, 0.004162814559185239, 0.02100191128785548]
            , [0.3507102832883053, 0.03877586734542647, 0.010856511985333904, 0.014268913774604416, 0.010676329896565064, 0.05831095654187572, 0.007470822215360863, 0.0198364265611733, 0.01207909793477422, 0.02249367113083743, 0.012658908564260937, 0.019476474987263622, 0.016452111773832503, 0.013918828741412547, 0.011918461933230387, 0.23768377576225405, 0.0861072507912003, 0.0466749276263991, 0.0021879708653029786, 0.007442425329988501]
            , [0.06092344193154996, 0.017447973092446892, 0.020458231156176225, 0.03826172608182535, 0.04283043711644375, 0.021704940739575143, 0.03787338719433518, 0.06839289685680566, 0.04191639531117229, 0.1867121886703382, 0.06739706197088903, 0.03820841192761605, 0.018125906387883566, 0.06959027462627852, 0.04616286062981904, 0.06111290480330449, 0.05258271364280094, 0.06630799566483082, 0.011227777289142406, 0.032762473119984266]
            , [0.01678989706835242, 0.006038889648360331, 0.0013107259256814746, 0.002520583413828416, 0.03597803188186485, 0.0026224104934808312, 0.002792298066574432, 0.2963129822204657, 0.003490906188107566, 0.382642606874754, 0.06919386728170686, 0.00283310774318455, 0.002943900331884561, 0.00417464916515204, 0.0037116719157645403, 0.006571042180165937, 0.014234124910707219, 0.13686662132753855, 0.0021924750530225206, 0.006779214798103492]
            , [0.05039522714962496, 0.0034028006170548925, 0.28744895696802164, 0.2763981097512831, 0.004595675995657342, 0.03354220733912357, 0.01945168906198184, 0.008260020630477788, 0.04021293490564548, 0.013687829706276966, 0.006212530328069489, 0.059460620402684565, 0.014561849253059601, 0.05359297228187919, 0.023104670544808532, 0.05227019739439397, 0.029775335061192277, 0.015666163509672523, 0.0013221675248322167, 0.00663804354796688]
            , [0.031650977953285836, 0.007832907024901026, 0.0012880264988123918, 0.002251707503562919, 0.008734115251385552, 0.002629971853127376, 0.0014426000055423882, 0.26561813974663506, 0.002353877843626395, 0.056846479045922445, 0.015432175657957235, 0.0022066746326207393, 0.002207453776326168, 0.0021953369457641016, 0.0021917277038796534, 0.006183837640934317, 0.019123869095407697, 0.5666986373713385, 0.0007418018486935775, 0.0023696682011084998]
            , [0.038905938814902896, 0.014300353673801027, 0.0022055712889813006, 0.003551639164486732, 0.1683784427269123, 0.010808620106222806, 0.0058933809191438445, 0.14545981882679343, 0.0043128686916369605, 0.31988616646848994, 0.06568847839873163, 0.004658464398731625, 0.005736498632183961, 0.00620194165596517, 0.005649753862861734, 0.018917197347602013, 0.024140103166864844, 0.11255512464130009, 0.01138960210384463, 0.031360047830757035]
            , [0.223380262759171, 0.038583313213317406, 0.008910896215709715, 0.013750602092902686, 0.021527330944976095, 0.039793969262360424, 0.008308439851275912, 0.06758186215311007, 0.01293242644497613, 0.057125318839712766, 0.030420684505582135, 0.017781967938596512, 0.014619337848883576, 0.014010788492025493, 0.012005358364035115, 0.13755444780701748, 0.13101170199362036, 0.13650626303827745, 0.0035497314708931357, 0.010645290183413085]
            , [0.6289846955645162, 0.01907072153064516, 0.0033896840556451382, 0.0052554683096774635, 0.0035965126326612876, 0.05709421073467742, 0.002751620025806409, 0.008307090325806399, 0.004207286167338703, 0.00842035629596763, 0.005424758437499965, 0.005709411939919293, 0.007494733462903174, 0.004694230953629065, 0.004218522591935461, 0.16129591705645163, 0.03689621590725812, 0.02955844018951609, 0.0009836266421371174, 0.002646496466532283]
            , [0.18214083215590737, 0.03324733583840846, 0.007081759497076741, 0.011638794769792918, 0.028709391060089316, 0.033534454437677635, 0.006471047766138872, 0.12364303335363373, 0.010397765316280942, 0.08473177884287456, 0.0385416297685749, 0.01244129507632968, 0.012933673852618795, 0.011190442660170524, 0.01023446134876159, 0.07068590531871702, 0.0879192255582623, 0.2197549012180267, 0.003941155011368243, 0.010761125987413748]
            , [0.08307257319733558, 0.013369961001665275, 0.032899263484596174, 0.04796570337635304, 0.009897631482514518, 0.04735830113655288, 0.032253805287260615, 0.017291265246044754, 0.12787853991673584, 0.02650472732722714, 0.015505658106577816, 0.07062025913821826, 0.018514468624895922, 0.06289919976686098, 0.1185675067152372, 0.15278337893422145, 0.08110587977102418, 0.025697224937551805, 0.003938192972939219, 0.0118764387485429]
            , [0.011013956504801511, 0.010276037240501036, 0.0032371974400836265, 0.004063014981628338, 0.32483112818371634, 0.00450116560041753, 0.03408338696450938, 0.014644028719832974, 0.004739742189979218, 0.035843040079331964, 0.00962393075824632, 0.008490521684759948, 0.002931052577035513, 0.00612956991816286, 0.0068379381574113565, 0.012616382375782928, 0.008530565806680622, 0.015439323590396625, 0.021865912984551115, 0.4603021035490603]
            , [0.011767802235516614, 0.003878723159361882, 0.000874498789840486, 0.0017072993925272978, 0.011262361794290451, 0.0016019164781696238, 0.001164328261628867, 0.5482624685138541, 0.0019633703900084065, 0.0760700914231738, 0.02117867325272878, 0.001806168138119263, 0.00185969895591942, 0.0017829856108312753, 0.0019409226519732162, 0.004108234205289676, 0.01239642107010911, 0.29287386272040244, 0.0007059986101175548, 0.0027941832346767524]
            , [0.12038459454545458, 0.022267459638266384, 0.0023659858955601826, 0.004132496325538977, 0.06036169917547572, 0.02976170759281182, 0.003882885755983046, 0.15521132308668048, 0.004341650809767401, 0.20668970363636335, 0.046094791403805485, 0.004461221702748389, 0.0070199389416490225, 0.005440301843128947, 0.005614130723594027, 0.03272520046511634, 0.04771170564059197, 0.22673573361522192, 0.005088572978435509, 0.009708901455813941]
            , [0.06460599825106382, 0.007162093722978718, 0.03295027351787233, 0.07717480317021279, 0.008182675637446894, 0.025960347410212838, 0.02412692444, 0.023232024790638343, 0.2605522940425534, 0.033525737080851076, 0.020201611496170207, 0.05398594727659577, 0.013671328877021277, 0.07871503768936164, 0.10795895178297885, 0.06345506189787237, 0.061203538131914904, 0.030204363004255434, 0.003282566551489359, 0.009848421166808483]
            , [0.017971862586355733, 0.004816588597582041, 0.006991349861398946, 0.017108584365716765, 0.003919163914939454, 0.010954220740500814, 0.018304782731865293, 0.009625497183074122, 0.3731367396373054, 0.016745932488342136, 0.009694257806563068, 0.02417519837651121, 0.006134838285837611, 0.04367275791450779, 0.3708673044041456, 0.026250130116580388, 0.021153433303108864, 0.0108796566178756, 0.002285535329447313, 0.005312175422279748]
            , [0.46759805545927213, 0.03528116472183708, 0.009140522368717485, 0.014797792939774679, 0.008613063429376032, 0.061026163233968804, 0.006313875987868277, 0.01946418561958424, 0.01089878548396886, 0.021031843999133493, 0.011514669319324086, 0.012728744713604866, 0.014180856401646446, 0.010877300439341382, 0.010052842411611806, 0.15236334376083183, 0.0717375237391681, 0.054279082088388185, 0.00188910279809358, 0.006211087701039911]
            , [0.05813870575163403, 0.008827641531154689, 0.09711356978649241, 0.09500330861437903, 0.0096149861738562, 0.05469766098910676, 0.047656148911546854, 0.014166405600000043, 0.09894183565577336, 0.02487986495424832, 0.011839121322440135, 0.11213507973856199, 0.016691095459695, 0.07698433373856206, 0.07848278873638345, 0.09973057495424835, 0.054697475673202614, 0.020742779721568683, 0.003752126964400875, 0.015904492711111128]
            , [0.04885588363037745, 0.006501013881036015, 0.33040129280070163, 0.15424430223880586, 0.006959191670763899, 0.04503997074890251, 0.02702604335645303, 0.00943229921202815, 0.04058592754170325, 0.014696599479806935, 0.0073822315263389095, 0.09581417946883228, 0.015623026030728711, 0.041381804047410015, 0.02529598212467079, 0.06644295021071116, 0.035697151545215126, 0.016274143594819962, 0.002037442315408251, 0.010308564123792802]
            , [0.05714493740478294, 0.003849173235429569, 0.10783694992914074, 0.4356724924712134, 0.005083288314437613, 0.021117638465456154, 0.016789807190434016, 0.01116029250797168, 0.05515185001195748, 0.01739708183038073, 0.009147244304694404, 0.027811148509743124, 0.00943290355978747, 0.09688784677590791, 0.03037709234499556, 0.03586332912754643, 0.02887070249778569, 0.0218274719313553, 0.0018546290508857435, 0.0067241272449069835]
            , [0.05068074616310158, 0.013127988714928695, 0.0017925465427362092, 0.004209579375222754, 0.033806758183155095, 0.006594563421122988, 0.0032987391782530982, 0.20707962660427826, 0.0045345094565062, 0.23008613547237128, 0.048145459402852045, 0.003536400693404558, 0.004694905500000023, 0.005297481347147966, 0.005501554597593612, 0.012043712168894896, 0.02953804390106955, 0.3262192406417108, 0.002659596000490187, 0.007152400241978631]
            , [0.010566697705357161, 0.00919365171473213, 0.003014840532142911, 0.0036888574209821, 0.42977504866071425, 0.004040597997321468, 0.025789597595089288, 0.015633651724553665, 0.0040938952441963924, 0.045417021705357226, 0.011488930859374968, 0.006755551089732137, 0.0028467857727678715, 0.00555750952991067, 0.005939212804464307, 0.01198665368214294, 0.007985781747321376, 0.01699394138526787, 0.020863675054910737, 0.35836809330357156]
            , [0.01597594141309261, 0.005168382377200903, 0.0013156469946275992, 0.0023526406492097723, 0.02980117160135439, 0.00241158013228001, 0.002221344941986527, 0.40333759458239304, 0.002728714986410828, 0.2594281688487586, 0.054291931774266396, 0.0024978364306997777, 0.0026216786766591373, 0.003128618158013581, 0.0033671091395936353, 0.00563372093498854, 0.014570642288036138, 0.18099057469074492, 0.0018819583377426693, 0.0062747538036117476]
            , [0.057842694290249415, 0.018636071326530612, 0.021589170033560097, 0.03957741476507936, 0.01596256387891159, 0.03168921378684811, 0.04318792875736961, 0.025519933113378593, 0.11190845765986394, 0.043742712240362754, 0.020065297283446727, 0.039049482061678006, 0.016792694616780075, 0.06544402432653057, 0.2786186340136053, 0.06070906964625851, 0.04635219018140589, 0.03346852246712014, 0.009945072435827663, 0.0198988602988662]
            , [0.02343746467520598, 0.017725838767612075, 0.007349859052150062, 0.008700790933211314, 0.2531709053064957, 0.009408849672003637, 0.057730300186184795, 0.027557867049405264, 0.010848993201280868, 0.06507135884263497, 0.017995672959743837, 0.017161627489478522, 0.006137630325709093, 0.014250233311985362, 0.015087766538426382, 0.02626199745654164, 0.01796788258920405, 0.02878643587374198, 0.03178959715004579, 0.34355891994510523]
            , [0.057104525160109776, 0.01954404406267154, 0.03985094180695334, 0.04071369817474841, 0.045729457483989024, 0.029737931706312858, 0.15467492726441007, 0.026238910821134588, 0.04387104503659653, 0.05170161649588286, 0.021921168252516, 0.07983670819304667, 0.018371194438700816, 0.06896547709515094, 0.05437824973467521, 0.0764174877127173, 0.047494850590118924, 0.03420566332570909, 0.01138870373833486, 0.07785340346752054]
            , [0.051313789742870514, 0.01761089999719495, 0.010119453711079932, 0.01975562177512858, 0.044280598181393176, 0.014887787425899919, 0.022047076798036466, 0.06783815343151005, 0.02879407381065921, 0.34252573539036935, 0.09054057296400189, 0.018334505144460014, 0.01456181097568956, 0.041733190389434315, 0.035293336133707325, 0.03810242258532013, 0.042626326002805054, 0.06348302868630198, 0.01010060744506779, 0.026051015381954187]
            , [0.0866685752729885, 0.018649103821360154, 0.0230001117279694, 0.018166226166187717, 0.009243433625478928, 0.03877402549329503, 0.01254636271743296, 0.01652132325670494, 0.02277370611542145, 0.019075661982758743, 0.012414454855363972, 0.05860235438697318, 0.019968879866379297, 0.01983242362547891, 0.02011517412787351, 0.3384231810344829, 0.2286796235632183, 0.0255005803113027, 0.0025930396403256754, 0.008451761666666668]
            , [0.3548754097963142, 0.039347388268186276, 0.007459630280310381, 0.012525041442289005, 0.01909028994228906, 0.06776584713870029, 0.007808328521338502, 0.05393159915615911, 0.01032062228564501, 0.053938789219204634, 0.027490991745877793, 0.011381766403976694, 0.013126067872453927, 0.011530207331716748, 0.010627780918040619, 0.09132788661493696, 0.06784188195926286, 0.12648256642095057, 0.003638366714839962, 0.009489545287584868]
            , [0.01837651880882349, 0.007531245599999988, 0.0024484600755391786, 0.004672445384264673, 0.04627392854656863, 0.004401227346078444, 0.0046821609867647405, 0.08282585063235294, 0.006909509038725475, 0.5156090931372559, 0.18808355401960813, 0.00468368898284309, 0.0036067927313725504, 0.011476475099999967, 0.0070443861895099075, 0.011200205407843139, 0.016078834323529446, 0.04991663935784312, 0.003583465689215687, 0.010595532230392196]
            , [0.10432829008827856, 0.01673613704757234, 0.029663642142717005, 0.026386100414909297, 0.01010552197400695, 0.4721377135850915, 0.012611211508092218, 0.012026331368317794, 0.021722573938205023, 0.017947123948013788, 0.009398944945071073, 0.03625954713830309, 0.01497638038057868, 0.018461940230505163, 0.026286563335458552, 0.10462734855321239, 0.03353905708190287, 0.020520962123590114, 0.0043621125762628695, 0.007902488071603774]
            , [0.06981385273445209, 0.013819817429417578, 0.0481900520562685, 0.0536664591219151, 0.012773780198420459, 0.28936865646594245, 0.028696700748272456, 0.01406431652615997, 0.06767125297137216, 0.02451492082428415, 0.012403627083415573, 0.0736519884698914, 0.01721326665745311, 0.04257171612043435, 0.06627517117966436, 0.08720585518756169, 0.036507444921026685, 0.0217763923840079, 0.006719347902270484, 0.013095371370187618]
            , [0.0468283723889438, 0.008363210870187559, 0.044296647408687065, 0.02689599553652523, 0.004794407330700912, 0.637751861303061, 0.010669552715695958, 0.005561885745804615, 0.024050879698914156, 0.009195429314412806, 0.004644905943237937, 0.04819376348963474, 0.006611516548371128, 0.015116301702862732, 0.0217025140029615, 0.052894616994077, 0.015703022145113515, 0.009806071597729449, 0.002222300216683116, 0.004696754323790714]
            , [0.5137070555277634, 0.023414770715857933, 0.0039218749534767755, 0.005519841809904953, 0.004391947216108097, 0.06259414296148075, 0.0029611702371185773, 0.0076734720480239604, 0.004815024074037069, 0.00883530151075547, 0.0055594172361180735, 0.007747551610305159, 0.0072548003126563405, 0.005790793484742384, 0.004811673925462688, 0.25763782441220623, 0.045437257803901974, 0.023823451770885323, 0.0009968860622811323, 0.0031057450315157935]
            , [0.01898663938938945, 0.009482462941941949, 0.0022685177614615443, 0.0035992000860860934, 0.17139444784784763, 0.005243670741241338, 0.006887641306306296, 0.07685108525525525, 0.004404554043543604, 0.48304881581581605, 0.08220163426926934, 0.004270988837337349, 0.004301658320820762, 0.007256958565565543, 0.005850263796296391, 0.01192616898898885, 0.013704298393393398, 0.05016424950450448, 0.008457550840340342, 0.029699181532032035]
            , [0.0894635758714214, 0.023210315238071322, 0.01054921361878454, 0.017650229948769493, 0.02189288765946758, 0.01842062238071321, 0.012151873244098442, 0.10794002199899541, 0.02140962939979907, 0.07486932580110495, 0.04794870722250129, 0.030927350665996972, 0.013067039953289825, 0.02070744061175287, 0.019078357186840793, 0.1001956776594676, 0.22504816373681585, 0.12881273726268216, 0.0036409091431441496, 0.01301590546760422]
            , [0.06132873345704122, 0.003818744427554647, 0.083212016532791, 0.2532188952719877, 0.004514287259786545, 0.021627842482460684, 0.02154489291408236, 0.012186070130655938, 0.1611347942043721, 0.020126833284189086, 0.010213314344687342, 0.04579459556685308, 0.009527126010167777, 0.09533952190645653, 0.07962745677173363, 0.046053228764616164, 0.0399174211489578, 0.02196709252719871, 0.0018116891938993263, 0.007035454183528179]
            , [0.24411675229357793, 0.03633661074668702, 0.012567466061162089, 0.012925200766055044, 0.009905928403669793, 0.06857594152395516, 0.00853786500611621, 0.013156083037716718, 0.011575501051987729, 0.017274497466870722, 0.01039629403160041, 0.027867821098878708, 0.016206203613659535, 0.013684055734964323, 0.011715388945463846, 0.3563378822629969, 0.08993768693170233, 0.02981376326707446, 0.0021078788251783845, 0.006961185922018352]
            , [0.15088410643221215, 0.03528037053669722, 0.005158192437818593, 0.010347777054536114, 0.01865961889806319, 0.016214502634556573, 0.005581581137105038, 0.13741643284403673, 0.00914941644903159, 0.07322345549949032, 0.030145215341488278, 0.008916560099898056, 0.011689387363404757, 0.008668753837410833, 0.009057454262487337, 0.03902200488786955, 0.06564435775229359, 0.3540878934760452, 0.002375424914373092, 0.008477474610091712]
            , [0.1136437903675344, 0.019795608427769267, 0.05446578619908118, 0.04977559539050536, 0.014674079575293462, 0.18148832531904033, 0.024852200552322613, 0.01744584006074522, 0.04057317973098519, 0.026816085875446802, 0.014262773582950496, 0.07004716397651864, 0.023157978245533447, 0.037023365477284326, 0.042827837465543646, 0.15811032343032166, 0.062200431587544666, 0.029270313920367608, 0.005672736273098521, 0.01389660371567127]
            , [0.020307024350051217, 0.014922213908904814, 0.004548714962640699, 0.005508467857727739, 0.39280131576253835, 0.007225202176049168, 0.024837494266120773, 0.037614260470829025, 0.0071019259805527035, 0.10010056578300922, 0.024967279513817813, 0.01069853432343909, 0.004570122050153551, 0.008036951081883365, 0.00907185493909924, 0.020295141576253846, 0.014536723469805543, 0.034966580665301956, 0.02815510845240534, 0.2297345299385876]
            , [0.07981245045501552, 0.00845724371044468, 0.029004690733195455, 0.03709174489555329, 0.011154018116339197, 0.02468042743640117, 0.021823100646845915, 0.022305202726990665, 0.04020449448965874, 0.04100104482936909, 0.012223561871251305, 0.026618015129265784, 0.3761405517063084, 0.04155614733195449, 0.0382533645237849, 0.09082563577559463, 0.051397208826266805, 0.03423010548086864, 0.0034088632311271875, 0.009812136024302018]
            , [0.0680696258411703, 0.012297914242424234, 0.030567683745036593, 0.07148131235632185, 0.01745090143625907, 0.029301973908046015, 0.05147600657784747, 0.030084625778474386, 0.06150475375705329, 0.06454163741379307, 0.039499357894461844, 0.04874046117659353, 0.01784412507314525, 0.21248861076280087, 0.05825758321839081, 0.06776549981191224, 0.053937163876698016, 0.038729246133751304, 0.005932576326541266, 0.020028948877220478]
            , [0.0181376034884939, 0.003926159770397512, 0.0070337254309623815, 0.01919653876150627, 0.003132692929393291, 0.010046743824790712, 0.01406156170606695, 0.00883670903870297, 0.4824406459205022, 0.0141368968002092, 0.010334952601464442, 0.02597066108211297, 0.0057414591804393934, 0.04142668103974894, 0.2736553713389123, 0.02438017472803345, 0.02123351063284521, 0.0104052196354604, 0.001907746435251048, 0.003994949139644398]
            , [0.09937248917542016, 0.006670177704831949, 0.01247722259821427, 0.018795323898634447, 0.006417315246848708, 0.017796696854516812, 0.01033284436081934, 0.012952380176470615, 0.01782692464128152, 0.023596359800420158, 0.006764823835084002, 0.012043581724789872, 0.5905272027310918, 0.01904947443382353, 0.016055465109768918, 0.06628583351890756, 0.03088871574054617, 0.024217882515756198, 0.002219471404411779, 0.005709807644432796]
            , [0.01958569264180675, 0.0068848206139705825, 0.007111111785714205, 0.016953083368697476, 0.004629462515231074, 0.013039891797794197, 0.023515574850315128, 0.00982114034558823, 0.26712333245798303, 0.01853320548844567, 0.010394188707458007, 0.022405404805672303, 0.00626184460924362, 0.04644057923844537, 0.4580112946428572, 0.027653649564075684, 0.019884547515756308, 0.011837141780987256, 0.003296572366439077, 0.00661745916649157]
            , [0.07616559586497891, 0.010416382672995782, 0.18469221914556996, 0.09649350894514769, 0.010587442308016913, 0.0625929921835443, 0.02995842650632913, 0.01363260018037979, 0.04238801238924052, 0.0205146187763713, 0.009877548536392423, 0.09977962359177217, 0.022298120929852304, 0.04040542824894515, 0.031554621002109734, 0.14133492447257381, 0.0690133203270042, 0.021856954472573922, 0.0030180545954641477, 0.013419589829113936]
            , [0.07211133151003168, 0.03678466558870114, 0.01804713326240762, 0.022743311625659998, 0.1367501087645199, 0.030366182687434014, 0.04234647129619855, 0.048469106515311514, 0.02537848726979935, 0.08471125757127769, 0.03483843676346357, 0.035119684023231255, 0.016739111684794084, 0.030022749551214357, 0.03330059190813094, 0.08712051027983105, 0.05860806791974657, 0.06142778846356918, 0.027194716026927128, 0.09792030531151007]
            , [0.04807495581914895, 0.025696568346808515, 0.01988894970957452, 0.024346152680319092, 0.11841583046276591, 0.020479182433510615, 0.08214593567553188, 0.03222106436170219, 0.02967015285638295, 0.06155997006914886, 0.023172180478723402, 0.040550558223404254, 0.011660315973936169, 0.03269477326595745, 0.03896011764361701, 0.053636378957446856, 0.03570400300531916, 0.04026658162234041, 0.027118375068085072, 0.23373797234042598]
            , [0.03253989353098298, 0.019514319107905985, 0.004201183290064088, 0.005348734880876109, 0.3255981175213677, 0.011631407274572632, 0.013565250980769225, 0.07845002223824786, 0.0070978046875000075, 0.18843301469017085, 0.050975477745726555, 0.008574945072649595, 0.0062243568498931805, 0.008471330859508599, 0.008773044842414562, 0.0235270062393163, 0.022868988616452986, 0.06963783123397438, 0.02333117472222225, 0.09123609061591872]
            , [0.029197530644637065, 0.009308679402491877, 0.0028153040444203956, 0.006774948231310911, 0.04456698637594799, 0.006200709447453982, 0.0059541232887323735, 0.16953116034669558, 0.008884326215059572, 0.3307356067172266, 0.18110095167930662, 0.006383855711809293, 0.004841816171180926, 0.011977019027627312, 0.009662442769772482, 0.01659877138136509, 0.02991323453954497, 0.10898733806067176, 0.004541305562946913, 0.012023879921993517]
            , [0.00950412532249341, 0.008221555524661249, 0.0028841133056910218, 0.0036028877891599656, 0.2450099788617885, 0.003530275255284543, 0.034016853219512214, 0.009896481445528432, 0.003803299269376635, 0.023991448764227638, 0.0066597207794037785, 0.0079389339728997, 0.0025053645279133167, 0.004958172429810292, 0.005494884047696491, 0.009796226876964784, 0.0067685663436314394, 0.011258108069376549, 0.019305474566395663, 0.5808535273712734]
            , [0.08568462387254902, 0.007598264172657949, 0.02050402638779959, 0.03017385319389976, 0.008731766979847476, 0.0225411956154684, 0.015247413360021786, 0.017863813480392288, 0.028132324785403073, 0.03539242302287576, 0.009532152021241858, 0.018311963191721146, 0.4833591873638349, 0.028095372810457504, 0.024418830501089298, 0.08160686150326797, 0.043056110234204796, 0.02973461931917209, 0.0026860751519607916, 0.007329121317538132]
            , [0.03304528746863081, 0.005289675623567941, 0.4797146159301694, 0.1078347641025641, 0.005044432768685242, 0.03556375472449541, 0.024521292420076377, 0.007280324382433104, 0.024780911226404773, 0.010271337026731858, 0.00554617071358425, 0.10826119242225857, 0.01039099139879977, 0.025760712340425523, 0.01656586295253676, 0.05273986967812333, 0.026068454969994586, 0.012057425513366152, 0.0015393849007092238, 0.007723529776868566]
            , [0.10013535341638981, 0.03308611944186048, 0.02252416059523807, 0.015461838498338834, 0.010854452481727499, 0.05774322898671096, 0.01280138850442969, 0.01227752041528224, 0.016714680474529394, 0.017383483349944606, 0.008945007642303385, 0.051326096245847205, 0.01952315241971206, 0.01588320332502768, 0.017521271220930255, 0.45521312846068696, 0.10063669055924698, 0.019217505575858232, 0.002835826198781842, 0.00991590261572534]
            , [0.11058868787458379, 0.010450475163152059, 0.028136273154273035, 0.04136378471698112, 0.013135620688124364, 0.034759886320754746, 0.023725937103218648, 0.026084855055493822, 0.039701937354051045, 0.04317346947835741, 0.014821748177025522, 0.03122320432297448, 0.27243582741398426, 0.04953249349611543, 0.038420480108768036, 0.10294721674805771, 0.06356019210876804, 0.039367297802441824, 0.003964374381797999, 0.012606232303551606]
            , [0.03513183806361598, 0.014168742997767854, 0.013153715878906264, 0.026072002840401804, 0.010040184556919636, 0.020129620279017865, 0.04610680033872765, 0.01677511789174102, 0.13144677686383932, 0.03314328608816969, 0.014275997492745534, 0.029196551255580346, 0.011605864473772327, 0.06398550663504464, 0.42398237890625096, 0.040278268214285734, 0.02985395968191964, 0.019693861093750015, 0.007212090761160713, 0.0137474382672991]
            , [0.030436451686340522, 0.00205623005744799, 0.25747232715008433, 0.5035153783024178, 0.0023013851332210067, 0.017284296419336632, 0.008808358412029194, 0.004535970684654347, 0.02349609236087694, 0.007843526870713574, 0.0037937989094997925, 0.024671775699831373, 0.006165717690837555, 0.04482005023046659, 0.01005918860314782, 0.023325849741427783, 0.014608798403597599, 0.010560395997751368, 0.0006123765427768438, 0.0036320341854974673]
            , [0.03568663093181824, 0.023488363871022724, 0.00874841793920459, 0.010296393540340905, 0.2522792852272726, 0.012468552653409078, 0.03883108116079548, 0.05415270171022726, 0.013579996159659075, 0.10753430223295454, 0.033530557903409086, 0.018216739589772737, 0.009274010932954525, 0.01628732809545454, 0.017292027325568168, 0.03559190248295456, 0.02580945201136356, 0.05358049232954548, 0.03498215320170455, 0.1983695996022726]
            , [0.07881317097309673, 0.020150910196336577, 0.020439228338866654, 0.01809173901831714, 0.010025961014310261, 0.02617357637092154, 0.012701200614768185, 0.028040499587865066, 0.024035181092157937, 0.0252499918717803, 0.017573570726960502, 0.04733459848311393, 0.0153263747967945, 0.01892987630795647, 0.02089134530623925, 0.22739642759015422, 0.33903006926159146, 0.03851235754436172, 0.0025599474161419585, 0.008723978897538669]
            , [0.265058998276852, 0.010259406506031002, 0.042056455812751296, 0.07728752076392882, 0.01058284756117172, 0.04357187106605402, 0.0246230910987938, 0.01696937162837446, 0.08311607950028724, 0.03320687281447447, 0.01767825514761632, 0.03823414385985066, 0.015273063018954624, 0.06224209924181513, 0.06578091027570364, 0.08963284443423321, 0.05071711666283745, 0.03567559358989076, 0.0038266689931074054, 0.014206802482481323]
            , [0.019036870459506056, 0.011948715959793226, 0.002420425897759905, 0.003212782911545045, 0.31577692130959173, 0.005540004638138966, 0.006676096757036187, 0.0682359860654796, 0.00400624831361282, 0.35013795462377967, 0.06255326646754733, 0.004797884174612209, 0.004189201123492303, 0.005890396769672606, 0.005242704559448502, 0.012454401883974744, 0.013567382130959198, 0.04873041566915571, 0.011725030788052846, 0.04385729889890868]
            , [0.04020776814639909, 0.005650946228158215, 0.01790545152656436, 0.050114399870129875, 0.005878659818181843, 0.017880978305785174, 0.019070643353600945, 0.01728417569362453, 0.4136349994096816, 0.024431524085005984, 0.016388648094451015, 0.043954909634002365, 0.011662028844155879, 0.06811227308146398, 0.13926579341204265, 0.04224586406139315, 0.03656998831759149, 0.01984000960448648, 0.002629607152538368, 0.007271324395513572]
            , [0.20688280446960686, 0.03160485253396898, 0.0047904006859356835, 0.007823350953516058, 0.05424601977711561, 0.0658101607806913, 0.0062154728474374255, 0.08075646674612634, 0.007861657907806865, 0.1775555478545887, 0.053842093116805774, 0.008585446190107267, 0.00922510233671037, 0.010363577942193097, 0.009534061777532764, 0.06660326601311084, 0.06061123641835518, 0.11576076644815257, 0.008237401805661501, 0.013690317146007137]
            , [0.04662054925881648, 0.014275328723251646, 0.06488382334190083, 0.02910474056784223, 0.011694682631799166, 0.04580248057381946, 0.04451516791153617, 0.01733032979079495, 0.04380794603646144, 0.02236525454871495, 0.012623501259414211, 0.34498721219366435, 0.011060489544530767, 0.03418631097429767, 0.03306553367842201, 0.12589880458457864, 0.05674283797369994, 0.020272951566048858, 0.0030745571159593414, 0.017687517869695142]
            , [0.15211791500600247, 0.011270284915366151, 0.010278804833133218, 0.008558270965186056, 0.00503054107683075, 0.6444491614645869, 0.004581580776110435, 0.0060132674273709885, 0.007045330409363733, 0.008578424327731204, 0.004963668417767117, 0.012010509340936351, 0.005854171012605026, 0.006581194370348098, 0.0086734054897959, 0.07026335918367348, 0.016501137304921976, 0.012069300783913495, 0.0016419237328931672, 0.003517756919567839]
            , [0.027857364999999967, 0.002128532313405781, 0.3623682439613528, 0.38460317995169074, 0.0025992687246377197, 0.02045779944142511, 0.010375657888285017, 0.004839619716183574, 0.021853596195048338, 0.007055153868961411, 0.003836866146135303, 0.036871961795289857, 0.007635762995169111, 0.03618105960144928, 0.01067776390157009, 0.02955764765096628, 0.016763944909420278, 0.009736639120169158, 0.0008726212593599004, 0.003727311102657012]
            , [0.21680734392180812, 0.032000761941967, 0.010407129127672492, 0.01216125326573006, 0.011362474332926108, 0.04192342882712276, 0.00736720817348809, 0.02558979878436169, 0.011823239604764835, 0.02542841415394026, 0.016045694734270012, 0.026310659713500308, 0.016546018125229073, 0.014268632875992678, 0.011673613483200923, 0.26040565485644485, 0.19552368478924848, 0.055246204318875926, 0.002174224735491741, 0.006934555147220481]
            , [0.029326059815950933, 0.0031402788355828232, 0.46071172453987796, 0.24776294539877267, 0.0033860676423313474, 0.02432024067484667, 0.013680126258895687, 0.005170269751533674, 0.021235771055214767, 0.008230932404294511, 0.004531919445398769, 0.05570477791411044, 0.008948482741717782, 0.031457496631901845, 0.0117370654865031, 0.035867831202454056, 0.018812444809815983, 0.009514772096318971, 0.001073062768098161, 0.0053877248447852626]
            , [0.03859018064575643, 0.01935495569311193, 0.006897991411439146, 0.010434454760762664, 0.17570410608856113, 0.012554343948339479, 0.026994823356088563, 0.07084726573185733, 0.013915353680811808, 0.23784051353013524, 0.0682139582410824, 0.013591149741697412, 0.00909629957933579, 0.018583214934194306, 0.018295118630381236, 0.030144824378843818, 0.028704590325953287, 0.06375439493234929, 0.026957873234932345, 0.10952458407749069]
            , [0.0936657306551298, 0.012632914126699639, 0.04451002964771323, 0.051918600599505565, 0.01456635907849202, 0.04849252017923359, 0.03213661734796045, 0.021576364524103872, 0.05098535807787392, 0.03884935944993825, 0.014145331729913467, 0.054661536619283066, 0.1477720561804697, 0.05393047682941901, 0.046608134660074164, 0.14326286273176753, 0.07751745121755257, 0.03288837306551306, 0.004417588187886279, 0.015462338057478351]
            , [0.053608722932423955, 0.012593749637941722, 0.01840984051766895, 0.04808916986980781, 0.01785768014197149, 0.013017107703657792, 0.023152395463732177, 0.11806599853688779, 0.1021079598388096, 0.07773440944203348, 0.03990110196528207, 0.029279216509609424, 0.011122938033477962, 0.05468765034097954, 0.08521325335399871, 0.045252222188468694, 0.07835213370737758, 0.14985260086794785, 0.00489433019280843, 0.016807520147551158]
            , [0.37659790739589777, 0.026384874178993177, 0.008436703345556282, 0.011079441644499775, 0.010015360475450576, 0.19389836569297703, 0.005378397037290213, 0.01395558454319469, 0.007900298064636421, 0.017605505450590364, 0.010967374296457406, 0.014730567369794938, 0.011529828856432556, 0.009618245623990069, 0.008463874557489114, 0.18379067392169046, 0.048528241305158475, 0.033335039552517085, 0.002262003760720957, 0.005521726157240534]
            , [0.04455486729831141, 0.010272668635397131, 0.1544862761726079, 0.06601982876735459, 0.010469427090056244, 0.05945820524077548, 0.045612336572858035, 0.01397654035897436, 0.05140237258286428, 0.018490429574734124, 0.00972856956973105, 0.2363322545340838, 0.013047701788617878, 0.03985937209505942, 0.0369805402814259, 0.10453554697310823, 0.04622353521575985, 0.018080308711694817, 0.002955126881676053, 0.01751408466854282]
            , [0.01809060193670882, 0.01157516337468353, 0.0030597337987342196, 0.0035560210094936553, 0.495931744303798, 0.006299021618354515, 0.009277570813291103, 0.048223185512658216, 0.0045895435639239784, 0.1741474084936708, 0.0350847866835443, 0.005691297831645584, 0.003967274291772134, 0.005249349365189886, 0.005934104598101279, 0.015502118120253094, 0.013534577158227909, 0.04103164708860761, 0.016351442218354426, 0.08290340157531646]
            , [0.07356708525111252, 0.009813722026700594, 0.060750623505403716, 0.16870868359822008, 0.019883552954227553, 0.021128575261919837, 0.025573693534647172, 0.06367986585505402, 0.051581797336300056, 0.0782066683026065, 0.03230738007628735, 0.031892824388429754, 0.018705670504767964, 0.07273585799109972, 0.040034829396058486, 0.050681937781309555, 0.061289247260012704, 0.09594841096630641, 0.0053166215736808655, 0.018192967773680888]
            , [0.7489816998706345, 0.013745170756144889, 0.0019650965640361506, 0.003071145399094345, 0.0021134299107373744, 0.053367381006468304, 0.0014846177089262516, 0.006314794784605407, 0.002425854838939194, 0.006498668206985733, 0.003705415018758075, 0.003071136985769725, 0.0039473257386804066, 0.002781567663648163, 0.002778919567270277, 0.09129720390038809, 0.023484465645536877, 0.026665693813065952, 0.0006558752835058405, 0.0016445438201811262]
            , [0.01033853150657886, 0.007554199754605265, 0.0024819558940788813, 0.003084912364473655, 0.5689228789473691, 0.003880078085526324, 0.014041026199342107, 0.018709491503947392, 0.0037970846888157536, 0.05467548189473685, 0.013888789012499982, 0.005294588132236877, 0.0024188557085526204, 0.004094666907894815, 0.004356946013815817, 0.01052830327631589, 0.007738555309210464, 0.017304714051973646, 0.01973911994473685, 0.22714981124999994]
            , [0.06866633423000659, 0.004565598922009256, 0.008165742723066735, 0.011621240004626582, 0.005200496592200891, 0.01320003312293462, 0.008602447093853256, 0.01014789011037677, 0.011646469777263649, 0.018424047699933832, 0.005500948086582951, 0.007876128071381359, 0.7076300892267029, 0.012947370260409773, 0.011693295235955123, 0.04872192045604758, 0.022749844745538636, 0.016895977349636465, 0.0016306401996034467, 0.004113502662260446]
            , [0.01841595813581884, 0.003261959870173081, 0.6534911644474032, 0.08729406255659126, 0.002894073259653733, 0.019535917115845597, 0.014244338376830899, 0.004225811955392858, 0.012847626201065249, 0.005786122283621867, 0.003070196115845584, 0.08837654908122511, 0.0058364565798934495, 0.014462021320239667, 0.008860937122503354, 0.030879430805592585, 0.014236507356857622, 0.006633657900133164, 0.0008251094766311591, 0.00482210788948069]
            , [0.05797493484869326, 0.014899177096286107, 0.00822723380123798, 0.015368524164374071, 0.023962005474552944, 0.011651471798486933, 0.00972982636726272, 0.29624955570839073, 0.018903740500687764, 0.08944321764786795, 0.052916911568088046, 0.017593281781980743, 0.011456697356946353, 0.016069110370013788, 0.01684628824346632, 0.03700919407840435, 0.09362984838376891, 0.19171350515818458, 0.0035023085618982085, 0.012853166515818429]
            , [0.23069233458073496, 0.02844900437560638, 0.016189447144144147, 0.019212235164241115, 0.023366782441441435, 0.2630743534303538, 0.010385610236313235, 0.030138671725571713, 0.01602086767983365, 0.04206062785169791, 0.01923159170755371, 0.021678050758835762, 0.019202957544005535, 0.016094217105336123, 0.01741935416701315, 0.10445220422037421, 0.050520810887040885, 0.05475193778239779, 0.006184608789327788, 0.010874344655578683]
            , [0.04301835819386331, 0.017190869786610878, 0.00414628254393308, 0.006016646796373801, 0.18396665718270566, 0.010849834769177162, 0.011981474753138077, 0.17980980878661085, 0.007560254755927483, 0.15506896124128314, 0.045534392810320776, 0.007474092445606692, 0.006559581612970697, 0.008557332807531414, 0.009169058853556518, 0.021131165376569047, 0.03061012706415624, 0.15992976032078093, 0.019989047677126934, 0.07143628247140868]
            , [0.3147644372384937, 0.04034057387447704, 0.003995975839679172, 0.006403323711994438, 0.012034774759414203, 0.024441659603207863, 0.004264238673640123, 0.07524143675732217, 0.0059821698891213415, 0.04616456419804751, 0.0190088199930265, 0.006628855949093491, 0.009648560432357046, 0.005948765042538367, 0.006626136182705737, 0.05350186282426776, 0.06957478372384937, 0.2879975934449095, 0.001688328364714083, 0.0057431406011157725]
            , [0.3990353647798744, 0.025755114689727472, 0.005741811621243896, 0.007025807280922461, 0.004714583813417238, 0.05185144596785467, 0.004311496133473081, 0.00680631053319361, 0.005503911273934334, 0.008386280617051003, 0.005731121392732363, 0.010713142190775668, 0.008214275897973428, 0.006877420488469621, 0.0057071758867924885, 0.3720806813417191, 0.046790977225716276, 0.019693129713487023, 0.00121313128881902, 0.0038468101418589057]
            , [0.5380005869872708, 0.03408812394695898, 0.0048504645417256215, 0.008186532782885413, 0.0074528041053747995, 0.04153590047029701, 0.004145367806223467, 0.031527772793493614, 0.006122344185997136, 0.02571982396746815, 0.012313865367751028, 0.0064798876782178536, 0.008726655695190932, 0.006290769866336629, 0.0063900586103252735, 0.07269866519094766, 0.06430337265912306, 0.114627450261669, 0.001612300598302684, 0.004927251133663369]
            , [0.030557563044096653, 0.002082354722617372, 0.1208390933001422, 0.6199055732574678, 0.0029429376927454162, 0.014502326886913303, 0.008426386918207697, 0.006243901548364239, 0.029186969068278796, 0.00959627661664296, 0.005254042667140815, 0.016140170938833583, 0.005569389813655783, 0.06369992662873401, 0.01373190589758174, 0.020085424445234826, 0.014645252261735388, 0.0120857507069701, 0.0011008714519203464, 0.0034038804025603928]
            , [0.0450755908850821, 0.012833314697359027, 0.011415334694503877, 0.02980232315346183, 0.02800720600285511, 0.014351681871520333, 0.028786357581013562, 0.06154023835831547, 0.12143200817273382, 0.1706409400428266, 0.05868333398286939, 0.023828359935760164, 0.00873383185510353, 0.06367187998572447, 0.15737348486795166, 0.03491417102069944, 0.038971324468236965, 0.05543423463954317, 0.010305419007851535, 0.02419896675660243]
            , [0.03444055323144108, 0.009320407221979618, 0.02461576475909752, 0.07927765182678315, 0.007287500224163065, 0.019188276812954846, 0.0542548546790393, 0.01574482566157205, 0.1609701759825329, 0.03791168247452692, 0.01899716434643376, 0.03850044521106259, 0.010643247564774388, 0.210714994177584, 0.1687152169723438, 0.04085666723435225, 0.031567478442503585, 0.02091586093158658, 0.004366537863901025, 0.011710689310043671]
            , [0.5449104914877874, 0.018760896171724648, 0.003529666689859351, 0.005282874777498135, 0.005758050569207973, 0.2099408732050331, 0.002730914276091796, 0.009668235635085107, 0.004063316732050334, 0.011288171691339735, 0.007495552620281263, 0.005580625299777951, 0.00702511472982972, 0.004531742767579543, 0.004523023504071029, 0.09802361253145819, 0.02648520415988153, 0.02590078989637317, 0.0013680443498889899, 0.003132810516654358]
            , [0.03090011047654509, 0.008114433008190628, 0.32988875428145936, 0.07404369217423676, 0.006604360174236795, 0.048097894385703624, 0.031106969696947134, 0.008787190391660524, 0.034333310230826496, 0.011439884661206351, 0.005624983100521192, 0.2088274536113182, 0.0095576503067759, 0.025932851230826504, 0.021993961190618014, 0.08469131583767683, 0.03553359751303049, 0.011707355807892783, 0.0017580269061801936, 0.011056160944899453]
            , [0.020233092003046516, 0.009248278908606255, 0.007017467495811065, 0.013066566421934524, 0.00551578731835492, 0.012419141293221622, 0.02607915637547601, 0.010144140827875098, 0.13812679316070062, 0.018445649809596246, 0.008423619297029696, 0.016777518728103614, 0.005750615974105099, 0.038325306298552936, 0.6074052650418884, 0.022600036496572717, 0.016834786504188876, 0.011555858174409725, 0.004462963885757809, 0.007567947896420409]
            , [0.2698524845679011, 0.014682681886574074, 0.006530157886574045, 0.006654957757715997, 0.005834488261574025, 0.49398957098765406, 0.00406516543209879, 0.007340801239197628, 0.006086317082561722, 0.010643659308642042, 0.005984365232253104, 0.010145182938271585, 0.007112019618055562, 0.005834585672067946, 0.007152958414351818, 0.09432787548611113, 0.02151538841820988, 0.016503092924382665, 0.0017339262870370471, 0.004010311497685156]
            , [0.04911826993817622, 0.011842959416537863, 0.01084383830061822, 0.008253934305254965, 0.005058195744976818, 0.018783429931221056, 0.005927307647604317, 0.009927415651468194, 0.010305895992271975, 0.010550428201700102, 0.007235453263523976, 0.02976433058114374, 0.007983596591962894, 0.008259721425038627, 0.008786014046367863, 0.35749244513137535, 0.4186520054095826, 0.015637350247295123, 0.0013409484034003182, 0.004236465976043279]
            , [0.05462545697602476, 0.019260118696055685, 0.05044894518174786, 0.020242456960556827, 0.00835591996674398, 0.057280592768754836, 0.026025949853054915, 0.012131836148491934, 0.025806218074245935, 0.013782013874710008, 0.008373853105181746, 0.22326371384377414, 0.0114855463317865, 0.023224230208816705, 0.021539186587780333, 0.30604459164733167, 0.09127827607115237, 0.01473233897138436, 0.002239786359628763, 0.009858968108275353]
            , [0.056712081202482584, 0.01241110500155159, 0.02867527636927851, 0.05312302811481769, 0.012424817553917791, 0.02142808665089215, 0.024130588266097753, 0.03657674428238946, 0.09182771236617532, 0.03659770524437554, 0.025736216640806817, 0.04948044705197827, 0.0146624661582622, 0.05244124866563227, 0.06963210972847167, 0.10548528738557018, 0.23857317377812276, 0.05174635373933278, 0.004127436335143527, 0.014208122164468581]
            , [0.020512037632398783, 0.018452387593457947, 0.009196847949376911, 0.009872093917445507, 0.14480550619937693, 0.008824287540498459, 0.10046897382165104, 0.015891347616822385, 0.01091891899766357, 0.038040603434579476, 0.010665765209501517, 0.023486400412772612, 0.006522743740654185, 0.015684002645638635, 0.017260502247663595, 0.026661769665108977, 0.01643775715732078, 0.019058335311526467, 0.02789087852570095, 0.4593488489096573]
            , [0.06696971952455182, 0.01949996901480904, 0.010102617689789588, 0.018553832736554927, 0.03977826688230709, 0.020254890240062384, 0.015293644947778642, 0.07643562218238503, 0.02924294531956349, 0.15183743279812945, 0.2356562665627434, 0.023060083517537022, 0.009948445379579108, 0.04201280896102884, 0.025955421393608746, 0.049317012626656276, 0.064690312416212, 0.07412976190179267, 0.00817734222447389, 0.01908360943647701]
            , [0.11549853644956318, 0.02816082972359016, 0.003172534920571825, 0.005754650952343149, 0.010677334309769665, 0.007995385030977, 0.003500452462271611, 0.12194381023034152, 0.005824759145353374, 0.050992107966640235, 0.019917271437648938, 0.006102914930103263, 0.006416419916600486, 0.005968255950754533, 0.00535473517315322, 0.02455606374900718, 0.06636126064336777, 0.5051079579030976, 0.0016258244043685331, 0.00506887437966641]
            , [0.042584626844197136, 0.010748633973767893, 0.009748323205087471, 0.007271671501589881, 0.004726848267885539, 0.011622745661367263, 0.005648934666136737, 0.01269696726311624, 0.00988124078855325, 0.011765417954689994, 0.008679971333863258, 0.02698568141335453, 0.006519809090620027, 0.007301185709856911, 0.009026363797297259, 0.23575374427662973, 0.5549859022257556, 0.018626484189189205, 0.0011695364387917214, 0.004255915069952269]
            , [0.08026114825079872, 0.026277898125399365, 0.006875840434504801, 0.014198560289936164, 0.014032249778753982, 0.012324354106229993, 0.007030640333067113, 0.12344221015974441, 0.014186205498402556, 0.050958895630990375, 0.028289218306709267, 0.016105174511980843, 0.010346159235623015, 0.013633769628594233, 0.012941035707667664, 0.057900845575079865, 0.22227535087859424, 0.27823693051118226, 0.0024504850934504822, 0.00823302040015975]
            , [0.035205802578062426, 0.005937252537229787, 0.09274352754203363, 0.04966492759807846, 0.005176008189751821, 0.4488740664531621, 0.02330227573258607, 0.00534596431224986, 0.050350792890312246, 0.009151376220976892, 0.0053395005996797335, 0.11277381636509204, 0.007522514375500423, 0.0291581064051241, 0.03257639726981586, 0.0544165982866293, 0.01632042542033632, 0.008308762510007867, 0.0017688167726180887, 0.006063066943955205]
            , [0.03844618000802563, 0.016108307174959872, 0.03173870630818619, 0.031023998343499188, 0.03569073297752808, 0.020090229887640407, 0.31858562439807364, 0.019023393354735213, 0.03710251987158909, 0.03812232607544143, 0.014449554682182973, 0.07414974153290527, 0.01441541043258427, 0.06505770154093099, 0.0568908054494382, 0.05211229148475124, 0.03045874478330656, 0.022778006155698208, 0.00828772182504013, 0.07546798798555379]
            , [0.39323609458367015, 0.018914600889248182, 0.005774565376717861, 0.007017183397736465, 0.006607503065481031, 0.35517740177849655, 0.004029854216653188, 0.009545374605497148, 0.005588445518189052, 0.012679470662085746, 0.007020181729991918, 0.008386792741309594, 0.0073011868868229635, 0.005679462014551329, 0.006171266637025004, 0.09426728237671782, 0.023613777364591693, 0.023272424680679055, 0.0016860267364591794, 0.004031125729183484]
            , [0.05480199876019576, 0.014246408424143557, 0.014871465685970638, 0.008573805022838422, 0.005692641880913563, 0.02263054789559548, 0.006635917176182702, 0.00881618993719413, 0.010000081976345832, 0.010317666476345744, 0.006572398998368714, 0.03281100953507341, 0.010577246925774872, 0.00843172827487763, 0.009822659810766785, 0.49456570391517185, 0.2610109681892331, 0.01315162185970617, 0.0015415684216965927, 0.004928327189233334]
            , [0.15427805669975192, 0.02404406861786601, 0.020337324961124913, 0.017468599047973564, 0.008051814523573175, 0.29000084036393703, 0.010148782741935489, 0.009640642861869206, 0.014945910765095091, 0.013942045756823715, 0.008363452092638543, 0.0397712152936311, 0.011423048583126552, 0.014789410229114973, 0.016719431076095907, 0.26212556079404464, 0.05588482073614558, 0.01827260601323398, 0.002959225812241514, 0.006833148655913997]
            , [0.012561124109634739, 0.0048519521985049725, 0.0016162568438538097, 0.0026899483147840436, 0.020077245188538182, 0.002397327808139574, 0.0025197655963455114, 0.5325152292358807, 0.003984431183554835, 0.15969128265780735, 0.05680974933554815, 0.0032553743579734062, 0.002458821395348837, 0.0038882075855481077, 0.00364074984136209, 0.0067117391088039186, 0.01596174610299006, 0.15723778122923587, 0.0015433579645348803, 0.005587896884551545]
            , [0.034747480437018, 0.019923983842330767, 0.024578371768637548, 0.03443338299571553, 0.02206655059125967, 0.02736871395886889, 0.16609297523564667, 0.0169171819365896, 0.09176008653813199, 0.039759149348757516, 0.014761096781490995, 0.06042384473693231, 0.013446469831191094, 0.08730144580291349, 0.18611364841473865, 0.05138738083119114, 0.03157506442159385, 0.02132800269065982, 0.010192554084832904, 0.045822610694087405]
            , [0.3516171948051947, 0.030744244125541123, 0.006855293981818188, 0.00989445454545456, 0.009833941008658045, 0.03523024221645023, 0.0054052203134199, 0.03232206786147184, 0.009144955582683939, 0.02702939113419925, 0.017233462136796524, 0.013456748797402596, 0.0131138435974026, 0.009570348943722967, 0.00918245658008661, 0.12832613205194818, 0.19263113073593052, 0.08999363993073593, 0.002002804394805203, 0.006412422871861452]
            , [0.06713496842287693, 0.023713599446273822, 0.011958474590987846, 0.017137997357019076, 0.011985594815424647, 0.015727809546793793, 0.010356239520797212, 0.05256033640381281, 0.021623146796360456, 0.03618153335355283, 0.02537465104852686, 0.02939934408838822, 0.012869369027729626, 0.016606618487868284, 0.01903905552599658, 0.09850895772963608, 0.4405790918544193, 0.0780580075303293, 0.0025306915103986147, 0.008654506077989593]
            , [0.0376521100176367, 0.0096015684823633, 0.00146226137389769, 0.002402690791005302, 0.0060331801084656175, 0.002342963812169342, 0.0014721792330688079, 0.164027262962963, 0.0024112518703703623, 0.03625994451851847, 0.011045772089947045, 0.002228928858906548, 0.0021352235934744453, 0.0023137486693121795, 0.002363425695767203, 0.006725184455026428, 0.021561960471781307, 0.684907046737213, 0.0007756855309523827, 0.0022776306869488304]
            , [0.08379364013368984, 0.01329900209180035, 0.01681296786631017, 0.0279349652486631, 0.03604706969696969, 0.019718684830659562, 0.01704432175311943, 0.08412776806595365, 0.02226319161140818, 0.1244013120053476, 0.03118714532976827, 0.018622088511586428, 0.2052502023172907, 0.030563000516934044, 0.026370497708556158, 0.053683618119429594, 0.05629307032976827, 0.10525046870766487, 0.007251842878787879, 0.020085161967023167]
            , [0.04160478261228241, 0.0067755611558203335, 0.16986698560953248, 0.08119552231897341, 0.0057270178570119415, 0.25081158570119155, 0.027579445018331802, 0.006757299743354803, 0.04733342560953254, 0.011381279165902897, 0.006186056177818519, 0.15040869517873515, 0.009860031703941341, 0.03387266939505041, 0.030598939211732342, 0.0727551890375802, 0.025107718846929455, 0.01075663037855186, 0.002579911655362052, 0.008841278693858815]
            , [0.04879506848541859, 0.005652579839134515, 0.05529054101599248, 0.2502642539981183, 0.007470324518344333, 0.02219305468579491, 0.03674693218908747, 0.01426252597365947, 0.060927674731890896, 0.032891445926622756, 0.018193201234242694, 0.03166438253057385, 0.011334297378174978, 0.24555712982126063, 0.04667504232267168, 0.04054134361241763, 0.033826769209783655, 0.02414729002822201, 0.0030487546698024512, 0.010517403425211656]
            , [0.008077078054182424, 0.006337291600760466, 0.001607026635931548, 0.00216188626711028, 0.7163273536121668, 0.002534367750000016, 0.006421139915399245, 0.019528941947718592, 0.0024528583726236217, 0.06848799256463878, 0.014808051104562705, 0.0030250937262357586, 0.0020778365427756365, 0.0027226392946768686, 0.0027046788412547, 0.007543239071292784, 0.00532928473669203, 0.017050674777566485, 0.011255459548288972, 0.09954710143536116]
            , [0.20529106957773524, 0.04073857789827255, 0.007089234261036449, 0.010294949152591173, 0.012374858399232254, 0.025630171372360892, 0.006640366613243742, 0.03459033504798466, 0.01081676977831092, 0.03039784094049898, 0.022892335710172747, 0.018911995394433775, 0.012135727503838772, 0.011548805013435689, 0.010341476207293636, 0.12963168852207302, 0.3154428243762, 0.08655070048944338, 0.0021247161381957825, 0.006555569350287945]
            , [0.07307809155405406, 0.006731256840733595, 0.03283517458494208, 0.054046023233590736, 0.010607936842664062, 0.02711272022200769, 0.027909679498069495, 0.02183102079150584, 0.12948035945945952, 0.035364896370656304, 0.014909073600386083, 0.034591947606177606, 0.18399672722007723, 0.06654511585907338, 0.11269012692084936, 0.07323907426640927, 0.04889965777992278, 0.030998240048262543, 0.0042579415955598405, 0.010874927456563717]
            , [0.20475553463414642, 0.010075086915121951, 0.013527521891707302, 0.019766776999024387, 0.0072966589658536585, 0.032149435662439045, 0.010631440391219518, 0.016067760078048846, 0.016775033369756085, 0.022880901375609705, 0.008651392622439032, 0.014334816417560965, 0.4123495043902441, 0.017688412936585372, 0.01684017168585365, 0.09220070528780486, 0.04010917992195121, 0.034956307043902374, 0.0023083273336585337, 0.006635049095609757]
            , [0.03815605878192533, 0.0026906898605108132, 0.004150972772102086, 0.004974774316306531, 0.0035066444253438744, 0.006009866620825109, 0.0044233617868369365, 0.005342249576620814, 0.005641313606090319, 0.009652003974459686, 0.0029502689459724903, 0.004382385032416468, 0.844926750491159, 0.005683812277013756, 0.005226361457760315, 0.024647513094302485, 0.013711328443025549, 0.010216064296660068, 0.0009524981919449855, 0.002755082751473511]
            , [0.2522335988023953, 0.026584222654690626, 0.006820929261477052, 0.006536146493013928, 0.0049175228722555045, 0.04394721986027941, 0.0057687756277444956, 0.006279224711576867, 0.005779078205588872, 0.008441333212574939, 0.005812803170658652, 0.015597811567864259, 0.009862371204590829, 0.0080029641287425, 0.006316146707584881, 0.5093144401197609, 0.057224414101796406, 0.015019826311377243, 0.0013970146497006, 0.004144169775449142]
            , [0.03680185807615234, 0.006962786745490999, 0.018062156118236455, 0.07303470520040083, 0.00983097518136268, 0.017217676829659356, 0.0746181149999999, 0.015240845148296475, 0.050153784068136274, 0.047015379689378724, 0.024932505964929866, 0.03100627028056112, 0.013503345951903804, 0.4244438567134269, 0.05133189808116232, 0.039533567194388775, 0.029659157625250548, 0.02003417808617229, 0.003735946460921848, 0.012881003348697417]
            , [0.21594498493975905, 0.01513197774799197, 0.0217516943554217, 0.03223478526204819, 0.013474703195783123, 0.04577116694779115, 0.01660096511044177, 0.02943553472891567, 0.02694256830823294, 0.03921702026104404, 0.016558390650602405, 0.02368846691566264, 0.17008242188755032, 0.03133813834337349, 0.02469302671686747, 0.11783191410642567, 0.0791313159939759, 0.0653355833232932, 0.003070588279116466, 0.011764730331325308]
            , [0.08170723628772636, 0.0238125787082495, 0.00879932104124747, 0.006160252456740414, 0.004786621077464817, 0.03178529803722334, 0.004762578261569395, 0.005124999251509041, 0.0068312644768611375, 0.00896297697987919, 0.004174707872233424, 0.021597684456740436, 0.007997267791750522, 0.005721642132796818, 0.006674608503018126, 0.6778079909456736, 0.07944043126760561, 0.008579515310865246, 0.001326029668008052, 0.003946984095573428]
            , [0.03688433936619709, 0.009144378533199207, 0.04990654667002012, 0.04219144083501006, 0.009317379740442652, 0.048680821297786725, 0.050698084255533196, 0.013381630258551297, 0.16151379637826951, 0.021899740452716365, 0.012112568944667997, 0.2175190704225353, 0.009827237944668034, 0.05639259868209258, 0.10166855553319915, 0.08265218564386319, 0.04141654311871226, 0.015871101358148815, 0.0034620397293762617, 0.015459926952716314]
            , [0.21154037145748994, 0.003943745632591105, 0.08567250809716598, 0.24609557995951406, 0.0042775280951417305, 0.030301151882591075, 0.01359567028238867, 0.009976617050607275, 0.07006374390485831, 0.01853733896761138, 0.007678598471659911, 0.028236890553643722, 0.01604073357692308, 0.07772648034412952, 0.04408859531376518, 0.06177458609311741, 0.03839467754048584, 0.024315976497975733, 0.0017118182514169987, 0.006027398380566807]
            , [0.08559512944615386, 0.24759302666666655, 0.01604938155794869, 0.0149991047569231, 0.04214553664615384, 0.033597785333333324, 0.022189466335384614, 0.04324041060512823, 0.01971471863692308, 0.06484875997948725, 0.028976066061538464, 0.0339462142974359, 0.014345917386666678, 0.02082017505641027, 0.02765766712923075, 0.09843795105641023, 0.06248539543589744, 0.07746862726153847, 0.012850289284102569, 0.03303839461538462]
            , [0.024102545852390786, 0.00814963432120582, 0.0035388455738046207, 0.005709683270270258, 0.04527873716943867, 0.00629836116216214, 0.005796379950103941, 0.07272657381496882, 0.008232612445945968, 0.35960135135135124, 0.3275635696465696, 0.006540117474012477, 0.004120078709979207, 0.015264208167359641, 0.010068583764033301, 0.014656370966735992, 0.02066907639293141, 0.0452522094386695, 0.0045526271673596635, 0.01187844943659045]
            , [0.02601346951578956, 0.00996979713789474, 0.06042243196105264, 0.01915770676526317, 0.00811571323789477, 0.027398436821052634, 0.042883093263157895, 0.010900266378947365, 0.029330445064210526, 0.013233496073684237, 0.007904836354736856, 0.5338628294736844, 0.007495365745263178, 0.021317206936842106, 0.02049748292210526, 0.09419868753684209, 0.03813261689473685, 0.013722011694736816, 0.001940968220000003, 0.0135031185894737]
            , [0.007421067121180153, 0.0027335380400421525, 0.0011352599357218468, 0.0015075776575343008, 0.009289225581664888, 0.001282351190726977, 0.0013527162697576298, 0.677928736564805, 0.002216518306638618, 0.06608977035827188, 0.02121269404004216, 0.002223046248682782, 0.0010944142703899103, 0.0019442141643835585, 0.00206384322550051, 0.003498081979978987, 0.011202586878819802, 0.18249807609062174, 0.000704439772391997, 0.0026018331622760793]
            , [0.028787473030949806, 0.007602962076840988, 0.0031498032422624944, 0.005599923335112153, 0.03154485927427961, 0.005996899289220904, 0.004694893191035207, 0.27756336499466355, 0.008689669179295617, 0.17032826504802567, 0.23882259658484514, 0.006093915973319087, 0.0036818907289220826, 0.010468172013874077, 0.007940072330843144, 0.01504313990394885, 0.03334286096051227, 0.12943698898612602, 0.0031167232814300868, 0.008095504045891131]
            , [0.025725569433333317, 0.01763551882888889, 0.015384593855555549, 0.014651787785555537, 0.09956605873333338, 0.011485398477777749, 0.26128870888888867, 0.014682180711111131, 0.019870453155555544, 0.034580794511111096, 0.011430653544444436, 0.04722668994444445, 0.007296937233333307, 0.036425243044444444, 0.03252470605888887, 0.03270153526666666, 0.02018958611111108, 0.019020721466666765, 0.014040095026666661, 0.264272762777778]
            , [0.09461998408026756, 0.0041283206833891, 0.11556694073578594, 0.16150610523968784, 0.005926968010033479, 0.026068804938684506, 0.01789286098550725, 0.011752086002229628, 0.06352989342251952, 0.02120961294314369, 0.008012522169453789, 0.03819212911928651, 0.20993783835005564, 0.04912805932887403, 0.03175256965997772, 0.07185119288740245, 0.03775264734671127, 0.021852000156075746, 0.002029945326644365, 0.0072895092597547555]
            , [0.1173528393194925, 0.012315715014994238, 0.022102270732410636, 0.019149873089965366, 0.010464333273356434, 0.03564824783160321, 0.016517260772779693, 0.014529142964244443, 0.021424773136101485, 0.028476779134948144, 0.008655348944636713, 0.03144070098039216, 0.25132987889273345, 0.027120335420991928, 0.022535486611303338, 0.24326159515570947, 0.08189156047289507, 0.024393643483275718, 0.003112743668973475, 0.008277461455593972]
            , [0.050674799663573064, 0.02656802495359628, 0.014387114148491881, 0.019716492790023164, 0.0734665032366589, 0.0335722363689095, 0.026629570590487237, 0.039282636078886275, 0.027232440879350332, 0.08919376707656611, 0.03286519832946636, 0.02207511910672852, 0.0156102691287703, 0.02628184790719257, 0.04507987839211137, 0.052745244269141525, 0.03613200242459397, 0.04527377578886313, 0.26146124941995375, 0.061751815046403674]
            , [0.014198293289630404, 0.002401437537544687, 0.005846802379022631, 0.01739845572109656, 0.00236883596781879, 0.007520696823599578, 0.008411696417163286, 0.007719243836710479, 0.6482437902264603, 0.01100898667461267, 0.008225774400476758, 0.02204368630870085, 0.004079952796185903, 0.028281977294398093, 0.1653282873659117, 0.017087337604290917, 0.017194587210965402, 0.008172519615017929, 0.0011608670377830843, 0.0033067585423122714]
            , [0.022439318579952294, 0.018849298034606204, 0.00671811532219567, 0.008880906294749427, 0.08798280495226735, 0.013814217661097826, 0.014381730848448676, 0.01839900526252987, 0.011362968606205247, 0.04615646550119331, 0.012605464415274468, 0.011003924331742267, 0.007819670917661125, 0.011139460196897346, 0.020430275847255354, 0.026880563245823386, 0.016812158508353194, 0.01969385516706447, 0.5507008675417664, 0.07392891175417665]
            , [0.015819563621553845, 0.00439843886591478, 0.5084612205513788, 0.04385188922305765, 0.0038375374786968203, 0.02130272069423563, 0.020561784859649122, 0.005216935968671607, 0.015757297461152835, 0.006515290967418444, 0.0031317769573934763, 0.24764556892230583, 0.005448017060150363, 0.01362502808270678, 0.01107228207894733, 0.04354030665413534, 0.016632200902255624, 0.006650958938596477, 0.0009510428320802199, 0.005580136057644115]
            , [0.007506650207286442, 0.009282801545226132, 0.002588266621859285, 0.002968113958542698, 0.12950727312814062, 0.002850746986180909, 0.03619114581030155, 0.0062226635866834135, 0.0031105923404522798, 0.013964645537688447, 0.004528126942211063, 0.00665687444597992, 0.0018877430213567227, 0.0041785999497487986, 0.004994826572864354, 0.00827303168592966, 0.005607614620603017, 0.007255207350502488, 0.014537537870603013, 0.7278875414572871]
            , [0.03318458001342274, 0.012320618265771813, 0.04024579390738255, 0.023713825530201356, 0.02319405779865772, 0.023502810138254997, 0.2243344236241613, 0.013564032308724785, 0.033086658000000005, 0.022125436979865784, 0.010360331208053662, 0.27495901744966483, 0.009669050257718092, 0.04448182045637583, 0.03736877645637583, 0.06761962895302012, 0.03272329689932883, 0.015972692738255106, 0.004735495554362412, 0.05283766369127517]
            , [0.02245468778231291, 0.0065361070612244936, 0.25640331428571417, 0.03307349107482993, 0.006004072175510217, 0.03915299703945578, 0.027663085942857147, 0.008115006394557853, 0.026303983507482982, 0.009924354870748303, 0.004650542809523768, 0.3951907469387758, 0.006733303167346931, 0.018232649565986393, 0.016628967126530555, 0.07332175148299319, 0.029837940312925165, 0.0096506995102041, 0.0014348533673469365, 0.008687442103401378]
            , [0.11998211208744713, 0.2242791551480958, 0.011042069456981655, 0.00946732675458388, 0.018458720908321576, 0.03636648943582512, 0.010980298702397737, 0.021953786008462615, 0.010072835726375129, 0.029137622947813677, 0.013953720789844852, 0.0301090777009873, 0.009656637746121289, 0.011644801057827923, 0.01443420232722143, 0.2836649167842031, 0.08578433101551483, 0.03950787651621998, 0.005156066726375174, 0.014347957854724973]
            , [0.046545608892086344, 0.01518240569352518, 0.0464631793381295, 0.020564922905035976, 0.008810740258992804, 0.028542138345323757, 0.02555716630791367, 0.020772496115107918, 0.02674337562589927, 0.021065356706474844, 0.012874204975539566, 0.2169145738129493, 0.010278605028776998, 0.026559713179856115, 0.0209767841582734, 0.1596218916690647, 0.24814086043165462, 0.03133469644604315, 0.0026303458935251793, 0.010420933510791371]
            , [0.008512785997114067, 0.001647540232323252, 0.8397422337662339, 0.038829127431457444, 0.0014204307041847664, 0.008443770168831195, 0.0069428566767676825, 0.0019003125959595885, 0.00453718902886005, 0.0027025214155844135, 0.0015006217777777872, 0.04536291682539682, 0.0026024587041846986, 0.005584209196248208, 0.003948008352092379, 0.01338398779509374, 0.0071379913953824176, 0.0029680332741704035, 0.0004346062678210593, 0.0023983846017315777]
            , [0.024989388497723822, 0.008977805027314113, 0.020742485482549314, 0.01628780631259482, 0.023507832367223074, 0.012475575250379352, 0.5167534491654031, 0.01213547130500757, 0.019020556024279215, 0.025608525569043986, 0.009593334305007584, 0.07486883053110775, 0.00845711741578149, 0.0619614926251897, 0.029773443022761754, 0.03365167822458267, 0.02095310130500764, 0.014593860485584226, 0.0045462279939301985, 0.061102009408194206]
            , [0.03218176859969544, 0.012865732001522065, 0.023896847010654497, 0.04283716831659057, 0.01925146187214612, 0.018501374931506824, 0.22240696042617955, 0.017369840745814324, 0.041633365996955864, 0.04378604273972605, 0.02084031969558601, 0.05549864922374427, 0.012669820908675793, 0.24289667732115672, 0.05514466237442923, 0.043121082359208494, 0.028421603729071515, 0.021104454505327178, 0.006275204986301371, 0.03929695519025875]
            , [0.008766443847352187, 0.009536992440809975, 0.0031463699828660416, 0.004281495788161942, 0.032816970345794394, 0.0072186266012461, 0.005683419654205591, 0.006853844066978115, 0.004792744521806953, 0.01937203520716503, 0.006046211085669731, 0.004534901688473571, 0.0031326159267912775, 0.005681264456386292, 0.008954380649532745, 0.012113588847352003, 0.007804776542056149, 0.008030612856697844, 0.8165470841121494, 0.024685626121495323]
            , [0.008652485026771725, 0.004728660570078737, 0.002704191611023622, 0.005237689796850409, 0.003370698398425208, 0.005058620159055061, 0.011337329976377953, 0.004354192549606256, 0.05172569103464567, 0.008873635743307143, 0.003333825708661385, 0.006073159475590558, 0.0024028034881889843, 0.01414458447874015, 0.8413821023622047, 0.009483699170078783, 0.007197473464566957, 0.005149679382677089, 0.0018104680400000068, 0.002979002716535388]
            , [0.011882205570967752, 0.8824412887096776, 0.0032312293435484696, 0.003580229285483731, 0.005233097156451566, 0.006302166464516083, 0.0042814895225806344, 0.006122881920967882, 0.00409533228709686, 0.008084689117742141, 0.003273775745161238, 0.00454923520161294, 0.003295987362903211, 0.003753240585483795, 0.006046276053225823, 0.018153953016128932, 0.009013431946774182, 0.008284566191935364, 0.0026359217032258, 0.005739001898387063]
            , [0.28994318416801296, 0.22900859612277855, 0.0059640396171243976, 0.00752845008239094, 0.014051367479806148, 0.04316108924071082, 0.006630388130856223, 0.029169746219709226, 0.008032293206785147, 0.03211918568659128, 0.01609459759289176, 0.013336610581583194, 0.00841885172213247, 0.008691548158319882, 0.008023491631663958, 0.11005242673667201, 0.07313600140549273, 0.08489404534733441, 0.002945195651050083, 0.008798906334410352]
            , [0.025494506625222, 0.012545596051509766, 0.00576275745293077, 0.00801678276021306, 0.21435140834813515, 0.012569143019538168, 0.026886184088809946, 0.02317372875666071, 0.010191246259325062, 0.05319955165186498, 0.0177301841563055, 0.010519952785079927, 0.006160977957371232, 0.011137476982238003, 0.014518636905861498, 0.020572215861456543, 0.016445964937833034, 0.02498963001776204, 0.29705700710479577, 0.18867699483126119]
            , [0.026958046282051187, 0.008247420009157505, 0.0059143166556776886, 0.004456029796703266, 0.0033982244120879315, 0.006598148258241773, 0.0034044597380952397, 0.010491563926739847, 0.0059108588223443295, 0.00941799997619043, 0.006880827600732602, 0.014624013560439558, 0.0044292911373626336, 0.004452970543956051, 0.005347621752747243, 0.11287276818681319, 0.745806014652015, 0.017478589663003613, 0.0009529865018315063, 0.0023578387692307703]
            , [0.06778148097514339, 0.5097636099426386, 0.012825669866156787, 0.010089951403441613, 0.022589912103250464, 0.02871573107074571, 0.01101061355449331, 0.0195248827533461, 0.010625989460803072, 0.028670946309751477, 0.012311205487571697, 0.017327540860420664, 0.007485183684512439, 0.010271323212237119, 0.018107003690248608, 0.10550548110898661, 0.042766604435946466, 0.03822013256214148, 0.006888719726577437, 0.01951800304206501]
            , [0.3518159853862214, 0.012209815795407097, 0.010906146058455114, 0.018640207118997925, 0.008018977874739049, 0.043933093423799585, 0.009838781189979114, 0.015754823423799566, 0.014204549812108572, 0.02070175515657624, 0.009399139206680583, 0.012666985344467634, 0.24991785594989555, 0.013414654154488524, 0.012903555430062635, 0.10246211772442584, 0.04096498626304802, 0.04173560793319419, 0.0024145596534446744, 0.008096381373695193]
            , [0.026784475047619064, 0.007532824888095247, 0.0037096960619047506, 0.006508776245238053, 0.029700130276190468, 0.007188151683333345, 0.0061696560523809355, 0.0801151413952381, 0.00884739467857143, 0.15903148364285713, 0.5264120523809526, 0.007352508409523801, 0.004219232821428571, 0.016619199519047625, 0.007702901571428625, 0.015968625738095196, 0.02689513735714285, 0.045844826476190474, 0.00323582921428571, 0.01016197679523809]
            , [0.012590372111111109, 0.0067517419277777855, 0.025564904719444417, 0.005698866730555523, 0.0027845716000000006, 0.010652575055555558, 0.019016357411111115, 0.00508067589999997, 0.007179511575000012, 0.005911631416666674, 0.0035896975472222287, 0.8178016194444443, 0.0025790189111111125, 0.007846820858333353, 0.007034646433333305, 0.03209270366666668, 0.015656100027777765, 0.005921175305555498, 0.0007786205111111177, 0.005468368452777792]
            , [0.013475539650568122, 0.001177546948863642, 0.04310284911931818, 0.846964326704545, 0.0018727777869317896, 0.005677696994318138, 0.0032509670227272823, 0.0034451716988636305, 0.007725772258522751, 0.005568311096590894, 0.0032034376988636683, 0.005627015909090927, 0.0022098495539772736, 0.026714985852272728, 0.005238829187500002, 0.00922207804829546, 0.007327685795454564, 0.005563605588068218, 0.000555330819318179, 0.002076214028409077]
            , [0.010855011306990847, 0.003288191349544077, 0.006876251927051678, 0.007445663671732494, 0.010305893085106363, 0.005082640191489345, 0.8070403677811547, 0.005894890541033496, 0.006530429173252292, 0.01036823432218846, 0.004739589650455928, 0.02725826127659574, 0.003876001939209728, 0.028748404589665655, 0.011509631243161074, 0.012139662613981791, 0.009423193100303928, 0.0073720980911854556, 0.0020785224772036483, 0.019167052513677806]
            , [0.01858859286713288, 0.0036697329615384567, 0.008276958909090866, 0.038709195594405596, 0.005422155552447572, 0.008600972587412603, 0.03959406848601399, 0.007421218496503457, 0.021343094388111897, 0.019329525590909044, 0.021163786321678327, 0.013924811667832156, 0.006068930384615385, 0.7188009615384617, 0.016582790793706285, 0.020581752867132916, 0.01485372010489508, 0.009990703251748265, 0.0016741866678321726, 0.005402860723776225]
            ]
# The number of clusters.
n_clusters <- 192
# The base file name of this file (for reproducibility).
fn_distributions = "udm_0192_none_rb"
