# This script is generated automatically.
# Vector of amino acid stationary distributions.
distributions <- [
              [0.04377992698732383, 0.009020452131733718, 0.024068485518561278, 0.04750720729853504, 0.009462557366556304, 0.02342267400489534, 0.03262066119192994, 0.01922369650571388, 0.22431944130936293, 0.03336222966497102, 0.016432273563879753, 0.04300465991747766, 0.013304109017200121, 0.07315789094216621, 0.24965202860987426, 0.055744531966530605, 0.04191810185487779, 0.02443817830197734, 0.004123081993967543, 0.011437811852465094]
            , [0.04392323025761227, 0.005871669113853404, 0.33525822682533785, 0.21052986360343567, 0.00618395368499554, 0.03499707721659742, 0.021989717950454405, 0.009870507858894902, 0.034040475149053534, 0.01567959237248126, 0.00732704376002144, 0.07622624348115267, 0.013193687932546834, 0.042874609699897655, 0.02271938763091346, 0.0593088019262037, 0.03183064404975741, 0.01717243210177383, 0.0019563631524424727, 0.009046472232574232]
            , [0.07043018491987307, 0.006482566531832464, 0.10713273093407713, 0.24192320816436313, 0.006872521236153747, 0.03300299654402177, 0.025626932656010924, 0.014961026199966494, 0.08645633112007771, 0.0268398981168024, 0.012349566962791802, 0.045145836505312446, 0.0155998067945614, 0.09922418210092443, 0.058781551737495434, 0.0642713057565806, 0.04578283653514112, 0.027782509309335703, 0.002936930637761979, 0.008397077236916104]
            , [0.02652459013467073, 0.009447074631029029, 0.004311084710597513, 0.008286790118115468, 0.05327191090627737, 0.006417530630630597, 0.009806063851696203, 0.12839035641424557, 0.012529101591507417, 0.4415083772083836, 0.09518522293620238, 0.00868130414433288, 0.007307554454193935, 0.015744131825905703, 0.013857005626606592, 0.020775529001274294, 0.02566072435389476, 0.09413642678236192, 0.003426455654524473, 0.01473276502354947]
            , [0.028121536792448058, 0.005759165819524874, 0.002747589171447501, 0.005500114939516373, 0.02564613240050731, 0.004363352436537105, 0.004225055052908947, 0.30344303462323474, 0.007531739413988168, 0.23315621789473528, 0.06598266386745993, 0.00530076286005091, 0.004554700968740263, 0.007287429539196022, 0.008106563702893756, 0.013200375605131653, 0.02924416653213612, 0.23789094794578633, 0.0018052882955099804, 0.006133162138246472]
            , [0.07657298639078404, 0.015543162865500209, 0.06937905011018322, 0.06129351776244066, 0.013534208139168726, 0.05897634856856532, 0.040906508321886866, 0.019586251397370916, 0.06615465161507364, 0.03173343675507872, 0.014577732036434872, 0.1250947332479527, 0.019989484983432358, 0.05419407462906436, 0.05938665499914492, 0.1494155540418534, 0.07413424781864603, 0.028084200692662726, 0.00428621567622612, 0.01715697994853024]
            , [0.3984535288679807, 0.02139631104074497, 0.01239019975578517, 0.01912656841432904, 0.00833181041398348, 0.055514307149380486, 0.008119299380893131, 0.02000196846114124, 0.015210153132974913, 0.022724051690891863, 0.0114459637419362, 0.018320993325066336, 0.013349197851373338, 0.015396581286085204, 0.014763744284823611, 0.20195168457686716, 0.0801181576381218, 0.05522571285708816, 0.0017013687887657742, 0.006458397341767732]
            , [0.010092202894725382, 0.004890618974718686, 0.0011300336425884158, 0.0017142045628000013, 0.057697241107659294, 0.0020989071048529034, 0.00283414319840599, 0.10479959487079635, 0.0022483723198312433, 0.6328472400158232, 0.07745503923171526, 0.001952142101978624, 0.0045282040109648255, 0.003958474278946764, 0.0034381572165926035, 0.006921765305596906, 0.008123520986941366, 0.06513666832558906, 0.003065667030942476, 0.00506780281853059]
            , [0.0976081869302855, 0.003441552911229417, 0.013993178671676815, 0.021242138952568563, 0.0041663979284301085, 0.01728578955683979, 0.011489083791109626, 0.009066499886500136, 0.01942940342362682, 0.019069998304506907, 0.00489625383372127, 0.012833759928534345, 0.5937101600418992, 0.0213842985113286, 0.017627320040413407, 0.07744177169021732, 0.03221489539299016, 0.018259314013577367, 0.0010110689736060369, 0.003828927216938534]
            , [0.057643905463870646, 0.0031800109413731704, 0.1850169500415845, 0.2939140738647083, 0.0038168391733112055, 0.025596353244635925, 0.021156769401910726, 0.0105914852874318, 0.06394825275996473, 0.017855236587068977, 0.008560793246451839, 0.05846125250894714, 0.007235540056218192, 0.0841335788707107, 0.033757440591243845, 0.05962334915707095, 0.03881287101081956, 0.019939136129814614, 0.0004165490826396464, 0.006339612580223528]
            , [0.11725564121301534, 0.025322505089350633, 0.022361175895286325, 0.018712934232442358, 0.008619502420915895, 0.04903469521615549, 0.01444064582592144, 0.014416185791033471, 0.023967755058996974, 0.020021567005693974, 0.010299380926892475, 0.06556291010476792, 0.01896726387208252, 0.02074635525300729, 0.02197906440912318, 0.36507167048863515, 0.14867213045297778, 0.024202868609669394, 0.0019248460276043888, 0.008420902106428114]
            , [0.02797823448253403, 0.002830990336747887, 0.015186882906973521, 0.03589022981054313, 0.0026093721413349524, 0.01397871633805786, 0.019470002857080355, 0.00838125247443468, 0.3691068589580791, 0.014018871165220112, 0.00970104674868544, 0.039623320407223814, 0.01019753847317544, 0.0669819490351036, 0.2734755662384142, 0.04222292749254834, 0.03218314044512545, 0.011899700703095392, 0.0007677970554830283, 0.0034956019301397557]
            , [0.11679398213235818, 0.012243330948183969, 0.02185955946689627, 0.027969943954014174, 0.015189655313809013, 0.030342688423717342, 0.016310216898963375, 0.043814180737670516, 0.033972673924312906, 0.04457075522115901, 0.024430554228570194, 0.0470241945165546, 0.021702713701568194, 0.027799986950801745, 0.029140097192479845, 0.19013182848793073, 0.21772340309861016, 0.06379177066924155, 0.0031048232921059406, 0.012083640841052451]
            , [0.015939649685776564, 0.0007113994406816779, 0.0010355117188931861, 0.0015947853606303115, 0.009823555094528865, 0.0016567269932923423, 0.001073832864915353, 0.4329860415132164, 0.001724813652436682, 0.0900123227308478, 0.0225535514775623, 0.0018096867627525389, 0.0011958203949838828, 0.0017635274878611943, 0.002104885897994892, 0.004073692411520683, 0.01282058589285972, 0.3952626405154521, 0.0003961542911933305, 0.0014608158126000741]
            , [0.053561724071607114, 0.013336020129069995, 0.0016296010843121968, 0.0028799430100151678, 0.07222354049379862, 0.01093129814990877, 0.0034609245046726728, 0.18902552680370538, 0.0036873137066025788, 0.3010066086734856, 0.07522498176064801, 0.0039857656251236755, 0.005301149763709682, 0.005022981340170696, 0.004578064280225915, 0.020187888477724368, 0.03395807422780507, 0.18487420839061985, 0.004432029453819413, 0.01069235605297503]
            , [0.008622515270156908, 0.013413399386316615, 0.0017892808950343451, 0.0024443013617108716, 0.39696631123040343, 0.0025711215127913723, 0.027930300075110635, 0.01403726685294899, 0.0028741722158773272, 0.04409296677050034, 0.00894724989990728, 0.005414555922517405, 0.0017937992746065972, 0.004267459793074992, 0.004075245763306864, 0.0111338909421071, 0.006597268867127961, 0.015055227540718023, 0.016664237930513706, 0.4113094284952692]
            , [0.031185739935691657, 0.011573676614542814, 0.0011194542526182685, 0.002396216904121763, 0.019620690841056696, 0.0024850024511173315, 0.0022785813200016055, 0.3441957632084593, 0.003155670856422396, 0.1470873524307234, 0.037783344778699005, 0.002948110010559917, 0.0026953211480882297, 0.003691818492750334, 0.002866800029061517, 0.010074708417337515, 0.026440105684468636, 0.34178937348652283, 0.0003392915405250667, 0.006272977597231569]
            , [0.07450409586783781, 0.0056380783041397, 0.049036629553277145, 0.088531225919844, 0.007400190581389622, 0.029419368249880614, 0.034369197437846714, 0.021562258763640523, 0.13607458205019898, 0.03447797200889308, 0.017426168009220352, 0.07316891574066853, 0.011475418412151732, 0.09737501010829808, 0.09880676168673151, 0.10292528304603175, 0.07518198586001425, 0.03097676893689425, 0.0007788876043554492, 0.01087120185868598]
            , [0.1407979524768462, 0.015422763197675084, 0.028997647561122445, 0.030193576454849425, 0.012664031826566755, 0.3450303235941579, 0.016428185925765355, 0.017214693946421226, 0.027351921286201106, 0.02736971786865031, 0.013412696749223327, 0.03919129956124833, 0.01633670635779985, 0.024474741568789364, 0.029648003483830992, 0.12445481978839183, 0.0464983917368712, 0.029905694301704467, 0.004067165383524778, 0.010539666930360214]
            , [0.014991930162171636, 0.006815832103762538, 0.001098360759684419, 0.0022184544299608906, 0.03922494353047307, 0.0016267216175234252, 0.0021869080059872866, 0.23203657072991749, 0.0030264536481283974, 0.43884267168408614, 0.08103132731231254, 0.00211004147656416, 0.0011826316069428443, 0.0037702537106095403, 0.003506589167521808, 0.00548788043918087, 0.01324126244269084, 0.13722631599790727, 0.003272992962371721, 0.007101858212202995]
            , [0.09696456432462666, 0.012349224552704386, 0.02183647793201264, 0.02983561138348851, 0.01712978459819569, 0.025828105685522806, 0.028905980915087347, 0.02259252792781576, 0.03211458506740751, 0.05021172063936957, 0.013886163882372652, 0.028227636154533248, 0.3198778331423906, 0.038514025800209004, 0.03625401397328818, 0.10947016649901434, 0.057702302243510965, 0.036032676431333274, 0.005055981548051891, 0.017210617299064843]
            , [0.01738629353266082, 0.003986938522855802, 0.006325564346404967, 0.020931403146798158, 0.002470514442277373, 0.014154670865222341, 0.016139275261684502, 0.008656367719446946, 0.3753469268978071, 0.014662538542555486, 0.010866937691459055, 0.02902157617795458, 0.0039762763312831476, 0.05233469349073935, 0.3531801652649648, 0.03117029798849262, 0.023211935977921986, 0.008812072966128104, 0.004336503268167987, 0.0030290475651748323]
            , [0.028198205670160178, 0.014129168689646063, 0.007375320954105993, 0.009989660050269416, 0.28341813672036553, 0.009595744361926832, 0.039653904817779514, 0.03905014542448444, 0.013280002933426367, 0.09246756775116564, 0.02421205017839517, 0.015053853183134831, 0.00664884921762422, 0.015241522733354758, 0.017452716336809244, 0.027857830880329608, 0.021738364931345937, 0.040066717683080184, 0.02999117159753729, 0.26457906588505886]
            , [0.011948236691019149, 0.004316918251776865, 0.0006387893483039853, 0.0010906206819299448, 0.018639751833740822, 0.0009950213440115402, 0.0008408309004578379, 0.43797057291267916, 0.001126782065128943, 0.17745079935967825, 0.030860188122748027, 0.0012001531575815242, 0.0006781922388763465, 0.0012568289712750146, 0.001179792039208386, 0.0026667759999298287, 0.008657744822227656, 0.2944332394675773, 0.00025637217316081435, 0.0037923896186884717]
            , [0.06890724705056649, 0.005368531080195219, 0.009795172647016598, 0.0186051889866861, 0.021147615712258486, 0.011270625059439729, 0.007475089219691309, 0.21842813804068556, 0.01670275616347445, 0.12216750272276346, 0.049929967810920815, 0.01377049930988747, 0.011255448128940693, 0.015215671455851712, 0.014839800451093245, 0.03929680985819268, 0.07835351781477409, 0.2670217855938162, 0.0018719813863661212, 0.008576651507379556]
            , [0.05132728521070127, 0.010445769016291918, 0.004905608267148555, 0.005051412031949311, 0.004057340089050368, 0.012117249241961626, 0.00427575959450457, 0.009392129892761182, 0.006356810082911039, 0.009484749082882533, 0.0066676457869872955, 0.01900137498300693, 0.004899572487605016, 0.005810621937341439, 0.006217018016336782, 0.34655254036751415, 0.4733654258139666, 0.01563064730323369, 0.0010080611964276187, 0.0034329795974180565]
            , [0.06038397924144125, 0.006329749519068936, 0.06769676373600757, 0.04410466802701419, 0.005454637646608333, 0.5106185706259694, 0.013392335118711103, 0.006754536905045494, 0.02928900654282038, 0.011118455932774624, 0.005865877209860196, 0.0684561477211835, 0.008333684804121373, 0.022431690036280306, 0.02289216940935214, 0.07515468142387169, 0.023285270759057664, 0.01137453811419321, 0.0016099865170123584, 0.0054532507096063205]
            , [0.15259927768792603, 0.005890725471284851, 0.05548588610750066, 0.057355285953028766, 0.006245496662592578, 0.07662664400882016, 0.01499048667234987, 0.013457508396737946, 0.040615892800569216, 0.020495083646642934, 0.010034484034908406, 0.0655691365216226, 0.051502030185611884, 0.04050582916564078, 0.028598167353466836, 0.22271786534109536, 0.10270024676589923, 0.02774910801696956, 0.0010754203952582381, 0.005785424812074204]
            , [0.05880616237102707, 0.0008448038871688223, 0.2571536915750106, 0.3911158732247932, 0.0016525273929166551, 0.02206214932966743, 0.008547136625438819, 0.004326262851367085, 0.03875366416280974, 0.007827459481765818, 0.0034909970692633034, 0.03673978049459803, 0.013387289561806683, 0.0586613807980645, 0.01587035091365072, 0.042114459267729824, 0.025385013247808164, 0.010838124766951195, 0.0004058301924845971, 0.002017042785678028]
            , [0.04313044041180525, 0.002034867262677845, 0.34993194988854, 0.18015976861473468, 0.0026794794998924276, 0.04680335651740994, 0.02291122077204396, 0.0036195807932826165, 0.03718553043906174, 0.006989053031932585, 0.0030182405095115763, 0.11296175851580624, 0.013062394054325485, 0.04024339658050656, 0.020097570674758713, 0.0720507727144389, 0.03042396282759898, 0.0074411548849077575, 0.0006375804288607552, 0.004617921577903785]
            , [0.06874221194028794, 0.013070153924468239, 0.0007437110169453297, 0.001005957539160596, 0.058579449780767526, 0.013383301978168713, 0.0011532605161395481, 0.24961368234628872, 0.001218499466835555, 0.21560503245263152, 0.043903345207578826, 0.0016993036639776089, 0.0029012031645163708, 0.0015965764008240863, 0.0014969842337723865, 0.016774687040414783, 0.032871822800998186, 0.26925947118971644, 0.002442971897734174, 0.003938373438773328]
            , [0.01961037827333606, 0.004711415391261268, 0.0007555528838780573, 0.0012259174215834868, 0.021462287611458367, 0.0018834121702054705, 0.0011554768946774397, 0.3771858872792136, 0.0015537200904042804, 0.20320611263457494, 0.03785893778181665, 0.001585900172557684, 0.004883951265578549, 0.001760942259544213, 0.0020250274310631444, 0.0044677263180776085, 0.013375947684263497, 0.2967768038674429, 0.0016443910548044622, 0.0028702115142583942]
            , [0.01399130676180658, 0.0020674733180534644, 0.6797766942694579, 0.07324953696798359, 0.0022679731167145377, 0.015043635270065348, 0.01188700756741597, 0.0034277805524716427, 0.01009755116004689, 0.004743404440114463, 0.002233930599935996, 0.10969782252139454, 0.00273564654135997, 0.011094165382492284, 0.006792541725441778, 0.028976700190288435, 0.012097332002885992, 0.005495777113112114, 0.0006030957375183289, 0.0037206247614402933]
            , [0.47467981649813507, 0.02566842846049633, 0.003132147876544823, 0.0038678946592707445, 0.0037027840493099656, 0.05079950311947161, 0.002685499756609696, 0.0075024782573413105, 0.0034941946530045506, 0.008199720647843248, 0.004611874787331519, 0.007260446586987579, 0.0145151700909684, 0.004404987846286694, 0.0036903389993935454, 0.2863939360958011, 0.06505725336471906, 0.027063896902658827, 0.000773278916854103, 0.0024963484309718457]
            , [0.021745813753597538, 0.006479113494941208, 0.0005167638657486051, 0.0008993968733348075, 0.058164464504843805, 0.00249783672395444, 0.0010329655975282537, 0.24461333115718525, 0.0008560006644998841, 0.40111572684067676, 0.06933779505260242, 0.0012610352200082284, 0.0009657837631204698, 0.001985727111685961, 0.0012335224647357145, 0.0052272228273856376, 0.013377290799563119, 0.15859334749333237, 0.0028194341948569934, 0.0072774275963986045]
            , [0.035692427652095134, 0.002370073187891992, 0.13872041425614487, 0.5722047440286165, 0.003644787015407138, 0.01236318445240727, 0.009871483428928983, 0.006948107111685633, 0.025206871646877436, 0.012449547640214487, 0.006453675657268196, 0.017901689368605783, 0.004300259411730129, 0.07400137981102146, 0.015527437127167512, 0.025365394322601445, 0.017833897315563618, 0.013264580797058107, 0.0014794143477670461, 0.004400631420947177]
            , [0.01158943678806928, 0.007745366915062857, 0.0010546159579661854, 0.0020395961606068263, 0.06265986772401107, 0.0019874541383927023, 0.002720795837755398, 0.12283050124163018, 0.0027046705338334472, 0.580077867701179, 0.09899447089406885, 0.002458639973931364, 0.00142914346014583, 0.0043666147096100465, 0.0025861020295683845, 0.0063012486819435335, 0.010583771979504147, 0.06622665084102718, 0.0004639596281112673, 0.011179224803582345]
            , [0.025624910168959274, 0.003714065551741727, 0.0075217772127799684, 0.026020532037777624, 0.0032548807236680655, 0.008959503564686054, 0.02130527345949719, 0.009074642629935622, 0.3614635991615862, 0.01732406662369377, 0.009530566004859882, 0.029320173196263444, 0.0012881186531995604, 0.06646714613408095, 0.33187230065186335, 0.03342017674193236, 0.027388559507833754, 0.011479121079225045, 0.0006992476926096101, 0.004271339203806384]
            , [0.01685414833544476, 0.006959994081633247, 0.000706026068543359, 0.0011314517475190708, 0.006236219264228743, 0.0011836268004887284, 0.0007952426832184453, 0.395579529607021, 0.001292325558541004, 0.06868055958243344, 0.015201467144415313, 0.0012551728699675788, 0.0005675748986108974, 0.0011947085782970808, 0.00125523355390657, 0.0037873909251136687, 0.013873031763465334, 0.462331294323016, 0.00020574176669295373, 0.0009092604474430476]
            , [0.0565605249190347, 0.004544238203629547, 0.05387606875570463, 0.10685488171012873, 0.0033237261169195916, 0.027840731814397314, 0.03868200299489019, 0.006029276891277595, 0.20071209955457514, 0.016650857711852356, 0.007972362440046342, 0.07712266675060377, 0.0021787446000046447, 0.11073017066006016, 0.15923069843235144, 0.0681393503867703, 0.04088833432358834, 0.011009594183240694, 0.001215768459738964, 0.006437901091185712]
            , [0.0744600427824258, 0.014738815436508864, 0.021210097654534334, 0.04281163833103411, 0.024195663465140082, 0.024911337885006286, 0.030258391603917262, 0.06841160701721212, 0.08534244427955406, 0.10475045913294541, 0.04509635676637606, 0.03765478583673131, 0.015643101720964926, 0.06354568871871215, 0.09738337360172912, 0.07209466593985982, 0.07014845839122007, 0.08139729369134349, 0.007204066666899508, 0.018741711077885234]
            , [0.11866951503912909, 0.011830585872591122, 0.010195202956534173, 0.00896626997182074, 0.003396116466431382, 0.6906759808970031, 0.004242331750857337, 0.004438535032496897, 0.006854167926724135, 0.0071060000140346306, 0.003674712231696373, 0.013425597663912632, 0.004438800379127153, 0.005983391017715956, 0.00828522006605101, 0.07010036729063779, 0.014743018906919406, 0.009229379775075729, 0.00089111073754425, 0.0028536960036967944]
            , [0.10844851072421056, 0.01994380982651502, 0.009043854555592873, 0.015075893889748523, 0.011357480020633403, 0.0158807530229232, 0.010832464584254797, 0.10282443778829167, 0.020678261533102545, 0.058845872060051346, 0.03661404240606128, 0.035046886445116145, 0.006965851702232222, 0.021768943297438694, 0.018284082142145587, 0.12224258797155485, 0.22907128046816205, 0.1467571193716224, 0.0018384151105851935, 0.00847945307975765]
            , [0.026216473756053894, 0.0018112076595274815, 0.35013313792464856, 0.433760977222886, 0.0018520684961314876, 0.019629257964176267, 0.007476697187401496, 0.0036710626342786215, 0.019744647411851814, 0.005573955088213074, 0.0029861987377977042, 0.032862137351522186, 0.0023166262703506703, 0.036497364030184026, 0.006212321875908655, 0.02449935224841342, 0.012631732829688543, 0.009186128370528776, 0.00038755977304136437, 0.00255109316739594]
            , [0.024850592376013093, 0.007784914009493129, 0.0009771649390342913, 0.0020324768186927894, 0.013565867360692851, 0.0022149750015616142, 0.0015869396787764386, 0.3713728259561879, 0.0019618679579486878, 0.10515016813322128, 0.024405877880599506, 0.0019338184997177302, 0.0010037634847169794, 0.002112384419883295, 0.0021373868108248125, 0.005436794257654523, 0.018460062727566486, 0.40774701067989705, 0.0022286021895931074, 0.0030365068179242566]
            , [0.06658627265189924, 0.01875162117063554, 0.003500846884766815, 0.007145579837640294, 0.008871881802992889, 0.005290341879424624, 0.004214778890144189, 0.24423852261460102, 0.007229434715337714, 0.0698753030309171, 0.0232147323594537, 0.007124153936006783, 0.0033835037767003984, 0.007531166305223887, 0.006819386937673978, 0.024445115157424792, 0.0669219993796574, 0.4186761685924368, 0.0010183077250771133, 0.005160882351985699]
            , [0.4734330234602358, 0.057934860290411394, 0.002420496521295239, 0.004033217065032974, 0.005650956681612017, 0.050785910679391366, 0.0028639602494145047, 0.027295503156802566, 0.003495270438776146, 0.02160055857708741, 0.009896038856364609, 0.005809603873153588, 0.0031841362277186614, 0.00417786474422216, 0.0038906697722667573, 0.14463883453065232, 0.08090471326837001, 0.09369253053260038, 0.0008684863647902206, 0.0034233647098016254]
            , [0.1990776528795373, 0.06385878767661639, 0.006739486396537991, 0.01050526815891651, 0.029053685237234738, 0.031132392234777324, 0.008744286557523646, 0.09291038729345075, 0.011285032098207123, 0.09918957060981515, 0.03947697543019913, 0.013742452457452073, 0.008255131436842108, 0.012665675558811257, 0.011785243018953138, 0.08670504669042664, 0.08252821701535186, 0.17527173281284178, 0.0035082725540519786, 0.013564703882453392]
            , [0.08670746363610475, 0.009041175704956017, 0.08817505517227427, 0.05746829773524858, 0.004717419031177126, 0.08645241675966367, 0.024171237086819286, 0.007585844861119682, 0.04496437747073763, 0.011381633881213144, 0.0057294669927055, 0.14606962972899604, 0.0069254076172136515, 0.03915227164892327, 0.03288887684677265, 0.23631047624254847, 0.0925241753724194, 0.013143400059637364, 0.0009150497419556846, 0.005676324409514043]
            , [0.01527697224968408, 0.007084503740979916, 0.0010326057832862497, 0.0018280704353780867, 0.02082338000251987, 0.00179020382788207, 0.001797696411552472, 0.25611130544395333, 0.002118171843754442, 0.4203766201458941, 0.09467846091699927, 0.002362435067925156, 0.0011224842457882836, 0.003818016512856008, 0.00262916258596572, 0.005716505128854632, 0.013783048204431022, 0.1452873374352611, 0.0004420171975768466, 0.0019210028194572098]
            , [0.017102682129356606, 0.00748481958952778, 0.004448263841776689, 0.010040869911541331, 0.004001718818345372, 0.009121945508823774, 0.018631573468794696, 0.009025298523885707, 0.2759384616072646, 0.016962752226364168, 0.007311748519504346, 0.015906734663158808, 0.006567580150737931, 0.03626968287596996, 0.5028811921819167, 0.023234513539086836, 0.017671264328613535, 0.011193340676690722, 0.000890442720003869, 0.005315114718636516]
            , [0.057022026410179595, 0.01457544301109231, 0.05203640434583049, 0.053946324759536465, 0.04073679841208036, 0.0313591777487491, 0.14527712911783436, 0.02346463595078655, 0.051797696384258504, 0.047263284476799915, 0.018529635275156855, 0.07812848537500863, 0.01624080552790978, 0.06618112166232805, 0.06281066900053783, 0.07861904844124024, 0.04665133564385175, 0.032332099649178006, 0.008577441079258362, 0.07445043772838283]
            , [0.015500081433905797, 0.009164448878493986, 0.0012764315145552543, 0.00199412660884739, 0.20622963402473748, 0.0026315348921784956, 0.0035545105822202693, 0.10947936521412512, 0.0023147210849316733, 0.42338827737478546, 0.08266753401458257, 0.0027430867973140807, 0.0017895810126794592, 0.0038957551829314164, 0.003049098333993897, 0.007911419260297297, 0.012009259843110555, 0.06797419444632521, 0.009513977717084518, 0.03291296178290007]
            , [0.021424825486282873, 0.005338340192462375, 0.0011554540576756425, 0.0018413396557011611, 0.004591429075387316, 0.0017044934538542596, 0.0012578083338300593, 0.3675010735760822, 0.0019362495334953648, 0.05390891021617069, 0.010109623465885929, 0.002013204512230144, 0.003694015738109272, 0.0022100575781966226, 0.001991103436544889, 0.005067045605267901, 0.013435840767830975, 0.49877915742067214, 0.00039711451264972996, 0.001642913381670442]
            , [0.00971932886526272, 0.0010739269192413428, 0.0010697244158480307, 0.0015125425129543552, 0.03520641224253078, 0.0015592528286836776, 0.0015729743825896147, 0.19797074959750188, 0.0019108827616215924, 0.5484031149171406, 0.07461902580104665, 0.0016043703356217968, 0.0020423903472496538, 0.0029404208591117544, 0.0028480592384660243, 0.004342615952410143, 0.007509297429368468, 0.10043084129588725, 0.00039373131890198113, 0.0032703379785616856]
            , [0.018276928058397774, 0.007529138267812025, 0.0018127308049009163, 0.002628678090917692, 0.41134899561425575, 0.004618751263823649, 0.009488217214615726, 0.05628905709500235, 0.0032541287022848165, 0.15441363479162887, 0.035086255203667274, 0.004504816063596355, 0.0022686422143391783, 0.0044911896775683266, 0.0044334826804503106, 0.010752919041057294, 0.011591780910662625, 0.04655949141719579, 0.036145792161484135, 0.17450537072633912]
            , [0.08534734084026295, 0.0057777989693854, 0.026134567739936478, 0.052332024242635, 0.007051158094436399, 0.0277965619665618, 0.02763496869043592, 0.014765807441492963, 0.13500618296580658, 0.029148026046460607, 0.01097142981621108, 0.03601956731031483, 0.15728128513763262, 0.07283079050208278, 0.1251698069714585, 0.0932671141700005, 0.05689972688318672, 0.02635018598203295, 0.002438789677908352, 0.0077768665517576555]
            , [0.018684384149501878, 0.006294893345241389, 0.003730844817985028, 0.005922754126634404, 0.19914295608022312, 0.005271909854522892, 0.011231209182992478, 0.07433231185101263, 0.007035752492826352, 0.40618294363843904, 0.09080238400203683, 0.007360493046275957, 0.004901024009479024, 0.011025580487943519, 0.008500941890752083, 0.014534488719788345, 0.015453676438296912, 0.05032655055275098, 0.00799341936374741, 0.051271481949549697]
            , [0.6096973829093756, 0.023891984392112108, 0.0016677460797650384, 0.0026517781467530394, 0.001870002788865677, 0.06435688684773863, 0.0015652036636462706, 0.004302123340965238, 0.0022411645150688386, 0.004962447936844755, 0.00316220659317675, 0.004073169527297813, 0.0015083192952211057, 0.0030511750544235865, 0.002450130879315229, 0.21731654243628368, 0.03168526666893267, 0.017563027218109206, 0.00041699269661107035, 0.001566449009493636]
            , [0.23017984682176687, 0.011951421619925897, 0.011748004392306546, 0.014046064658820469, 0.007461423851545727, 0.0539564590501982, 0.010267318464400123, 0.014349154293009534, 0.013700834346746831, 0.0214678082880661, 0.010043775586274504, 0.02351167120684644, 0.19798093836293548, 0.01864693183976609, 0.01393646876207823, 0.2206184375936237, 0.08634359398827839, 0.032140410442457495, 0.0017756204264503615, 0.005873816004502933]
            , [0.12029952349048685, 0.03608302196371723, 0.0012307073691813536, 0.001891420535743085, 0.011266684493057096, 0.007996582084330323, 0.0016379773101905927, 0.2019430725756127, 0.0020946280785802316, 0.09143411648218261, 0.03062520183493255, 0.0032897669621575515, 0.00237739910392467, 0.0025163285457639006, 0.0022149280241448048, 0.02460855491286366, 0.05613038131475051, 0.39855586268985244, 0.0005921897021919948, 0.0032116525263358032]
            , [0.10804154123251856, 0.002454811884005961, 0.10262027584484748, 0.1358143855137576, 0.003521596679199054, 0.02879832214765136, 0.013025718604770043, 0.007136369443999469, 0.0648926687279291, 0.014485513337449855, 0.004699361607087323, 0.037140223275957625, 0.24652976776555785, 0.045603931823946287, 0.02877309066634212, 0.09310103086264047, 0.04248817750556648, 0.015991438271839284, 0.0009050191426047546, 0.003976755662328972]
            , [0.08171460343648812, 0.0018641179674047186, 0.048388146661922496, 0.17201780097464134, 0.0029053969002627036, 0.013283818844934072, 0.016601565344948523, 0.016191236334882127, 0.1873491652541888, 0.030838536132062486, 0.014237677468905169, 0.036330566506741845, 0.0019436450278769145, 0.12552779741589862, 0.11901086310798734, 0.05072188312423491, 0.05082396017617946, 0.02601918251719917, 0.0007204073862687332, 0.003509629416972421]
            , [0.27734075531077534, 0.016839659073916293, 0.009889366207969482, 0.009545692633444501, 0.0045039997590877795, 0.09977015158290872, 0.006129153479866943, 0.00572303556475292, 0.007536783392145248, 0.00802206874958263, 0.005062280685535961, 0.028025103947400286, 0.004385386650656633, 0.010131454936351826, 0.007699624884796736, 0.4188682286805059, 0.06264544209178496, 0.01295925972550608, 0.0010139505388667707, 0.003908602104145329]
            , [0.09814509963546521, 0.0012835443308931854, 0.1636171294803002, 0.2680190972464527, 0.001705010670275304, 0.027309044688166775, 0.014660061723340603, 0.004368116366336376, 0.09009188275243678, 0.009521242682812155, 0.0035632726599271703, 0.06063582006408285, 0.0011950344909233033, 0.08856614980122725, 0.04959999395846306, 0.06889214336558289, 0.0365063674707741, 0.00954778066182083, 0.00041289568121921145, 0.002360312269500084]
            , [0.04488158172233704, 0.007823918249579754, 0.004704168841388189, 0.017936557558902454, 0.01338966192868549, 0.006319073412968936, 0.008621744341946952, 0.20233572234941732, 0.04786611397686218, 0.20251099764112265, 0.06852789060557561, 0.010482092155868865, 0.003224043444746109, 0.031330968807812984, 0.04566504038400618, 0.026180018520914613, 0.05970056829035009, 0.18883638946862372, 0.0014959448809030624, 0.008167503417988038]
            , [0.10115242288440876, 0.0017263325505494976, 0.08279394483435915, 0.15209319019044257, 0.0016243013660142507, 0.03456040422498059, 0.020206595818005976, 0.006281534098673691, 0.1552387052410747, 0.012579242818511046, 0.005490168118186472, 0.061532994170015946, 0.015066665993151596, 0.09606595059338713, 0.09953413889343093, 0.08744312805842712, 0.05102964812521249, 0.012881550554360998, 0.0005978470481685919, 0.002101234418638621]
            , [0.028476078511686126, 0.006557090991226317, 0.13813036737858703, 0.04786765469117872, 0.009742315971877231, 0.034243900426597175, 0.07821195548459522, 0.010561323195219782, 0.058410534928564975, 0.01519794330616191, 0.006929784571200757, 0.3000556058492111, 0.006020085134156542, 0.041235364245416725, 0.04128074703574168, 0.10030881034403615, 0.038666350720867576, 0.013037756893130704, 0.0017986997159351926, 0.02326763060460949]
            , [0.19314939907054934, 0.007013578615015424, 0.027200344467662545, 0.05432781031550437, 0.005543193123602285, 0.05751297573181881, 0.014065195216036674, 0.020718119950292636, 0.03824544412013852, 0.0318333799885693, 0.020528496968302057, 0.060338164876380655, 0.004233821881102467, 0.062204021889661266, 0.027797550291709005, 0.20834787033383811, 0.11900527906012777, 0.042186774307184996, 0.0010317826762902488, 0.00471679711621338]
            , [0.21538412006315497, 0.14798470327692398, 0.006827364552300524, 0.007301897713253301, 0.009216891159806461, 0.03220629492394091, 0.007334346589481695, 0.015083555434877877, 0.00804813812958911, 0.01980377129229297, 0.010051458688203486, 0.02022405336159761, 0.006525276230353288, 0.009359178453789358, 0.008890849372782596, 0.31737420882954726, 0.11023862924053254, 0.0385299061864779, 0.002230511280386391, 0.007384845220707868]
            , [0.0462034155348621, 0.005119697474110382, 0.007142179847173567, 0.03095945385756683, 0.007642395522826872, 0.009465351612741712, 0.015536250735358002, 0.05018096440787073, 0.24622762588340538, 0.08578225042169688, 0.04006617167763094, 0.01879536623161596, 0.004257739389050909, 0.0800647555840074, 0.209094898426193, 0.03383967245623208, 0.045821250332741224, 0.054979084285025015, 0.0019269738760393912, 0.006894502443851659]
            , [0.014503240442351583, 0.004103865959822763, 0.002099923535765275, 0.0038789849116069334, 0.026700879571377005, 0.003097104780078055, 0.00281987900521124, 0.08633995464775648, 0.004824081970398387, 0.5387065133888116, 0.22177296891752218, 0.0034750712999112336, 0.001808546725665866, 0.009171780281301226, 0.004907396034875701, 0.008491624897310895, 0.013419978493151822, 0.04395298610557751, 0.0012015976883642827, 0.004723621343140117]
            , [0.06375176567563755, 0.01252223079288384, 0.012250992132941901, 0.024278714880775168, 0.026804454533533646, 0.01919172382000029, 0.020285658275434135, 0.06338018102706723, 0.026069954406098838, 0.2466568764631856, 0.16861456102025124, 0.026444434885364687, 0.008297929407857205, 0.06919196239951773, 0.026193285577581868, 0.05618870005073659, 0.05320713954043353, 0.057860487856468044, 0.004230518140893185, 0.014578429113337756]
            , [0.09228351291778042, 0.0047667813635899085, 0.003485926157976808, 0.004653882570291992, 0.004900806097322881, 0.011598143866180818, 0.004791505913269421, 0.01027333541707676, 0.005003838485767526, 0.015489950704938063, 0.0051906288492956695, 0.006074316447736683, 0.7199422279263985, 0.007055533917030947, 0.005620931579251218, 0.048621117920441895, 0.02506730949671121, 0.020190811893122905, 0.0012003824692423657, 0.0037890560065741304]
            , [0.4997993806988952, 0.00947108553933212, 0.004157681324815668, 0.0056771156784826485, 0.003218598574677358, 0.275141571179084, 0.0029832932966010217, 0.006151070736916173, 0.004049342066710818, 0.007657349413113907, 0.004497225811200486, 0.005785385330821397, 0.005335774057477419, 0.004519714823157883, 0.0049338355924756164, 0.11290570239563524, 0.02211006469562587, 0.018497622793928616, 0.0008682799040844398, 0.002239906086964073]
            , [0.02621857790862286, 0.008775706489826526, 0.005869033261490583, 0.013499334121299975, 0.01011391440182542, 0.013857998325612225, 0.030887702137160303, 0.015571188529943153, 0.18383483917054796, 0.031750681260468774, 0.01346255444362813, 0.01890840431790057, 0.005372732865770061, 0.04991927152615943, 0.4693044745121529, 0.033856332645149916, 0.0252811164736285, 0.01874664226853819, 0.012585675277656734, 0.012183820062617812]
            , [0.10546541743687858, 0.003101946644431617, 0.03025249002204972, 0.05607936347095177, 0.01462690830840648, 0.01857817489086701, 0.01538082522988871, 0.054174463087860995, 0.04776097245913035, 0.07345778578590854, 0.024747638530303706, 0.026857290775123763, 0.1932485150757179, 0.05850294361871192, 0.04599940065448981, 0.081848726368608, 0.06659079402941052, 0.07144399678096625, 0.0019133693688236826, 0.009968977461470812]
            , [0.024638612751240477, 0.0014671672640129468, 0.007341386621070221, 0.0036885738666446377, 0.0009473819531089136, 0.9127708324519648, 0.0020926798445683086, 0.0012939192223688635, 0.0035283605073653055, 0.002001646232323967, 0.0011981881044343097, 0.008334722272785743, 0.0007915186195867165, 0.002530046948997523, 0.0034910039619052207, 0.01707510582331519, 0.0035392815691041835, 0.002138673806289203, 0.000270374043638563, 0.0008605241352747008]
            , [0.056682226528773465, 0.02319066679339744, 0.013450401407285033, 0.018381058557342768, 0.13742497950195584, 0.015998157907108235, 0.05345277176654951, 0.06643923720619632, 0.021005616801405138, 0.13427551698834722, 0.042200249641377065, 0.03452441645207211, 0.0103690354237496, 0.03398539449909723, 0.02550663406905106, 0.06588530499846947, 0.05312316352463333, 0.07523311337087428, 0.006009224655034352, 0.11286282990728068]
            , [0.02863374106397631, 0.017010887451919785, 0.01867782734848736, 0.03312748841095585, 0.009828677236584857, 0.025466068268340827, 0.13319364589019583, 0.009494057023766527, 0.137269720478356, 0.027399757040983904, 0.009799347186685238, 0.07888525127767337, 0.0062946612713712415, 0.10567479009644141, 0.23210567405342564, 0.05785300967079289, 0.026891126617956673, 0.013435834654421747, 0.004091596764765581, 0.02486683819289883]
            , [0.04065617183590805, 0.007704723870363026, 0.023291443783756343, 0.10021013865423106, 0.009863509895929639, 0.018186165324010038, 0.07617266430902413, 0.016052771217012877, 0.05155998886961038, 0.04665243376646046, 0.021420489931898237, 0.03182242830941609, 0.011078884390879541, 0.38073356786236745, 0.0495592203934876, 0.043992509028692776, 0.03217445555577163, 0.02298340812537935, 0.003118073891546137, 0.012766950984255116]
            , [0.10256864758940923, 0.1538337972278298, 0.019056520756953618, 0.021257095947624517, 0.03561329104106767, 0.039404522796804856, 0.03016572814632459, 0.03341833118796897, 0.026222567497001855, 0.052503876189261146, 0.021146122407965307, 0.05246533454623, 0.012777770339761916, 0.026664949095473667, 0.03442420684480884, 0.17189447104882186, 0.07402140689531683, 0.050439747860483886, 0.006730302559534351, 0.03539131002135727]
            , [0.028786856128024455, 0.002723382961546224, 0.00039770819805000666, 0.0005529626151953785, 0.0256540990159554, 0.0033916893564372255, 0.0004599018738190022, 0.36946300548363314, 0.0005025396836684547, 0.2062710024951384, 0.0482083028036128, 0.0011078540666461833, 0.0010791551652149227, 0.0010735292371023874, 0.0005863958705144635, 0.005631833394469262, 0.019978097234189654, 0.2820621023362615, 0.000453455343327748, 0.0016161267371933806]
            , [0.0394893175717299, 0.012501400683962363, 0.0032604681233669073, 0.005806310751059178, 0.09715512253995791, 0.005309227939677455, 0.011638888315474487, 0.22801021581557787, 0.007235901294012179, 0.1924147857167921, 0.0505179282471892, 0.006929615333819346, 0.003376904098693501, 0.007879658573632643, 0.008623988392207932, 0.01788404312192347, 0.032816442771296396, 0.21277498025278205, 0.005902586889395611, 0.05047221356744931]
            , [0.009322579717201775, 0.0037911944790261745, 0.0026328076281058135, 0.0036089749328480545, 0.2671464106291345, 0.0032100467880186124, 0.042945072428481675, 0.006194716443881305, 0.003604928209515792, 0.017244791453143827, 0.004221838447905734, 0.006627760374383306, 0.0019264263713052023, 0.004968242655724951, 0.00565525105132736, 0.008110620378283145, 0.006100855922675856, 0.007702717370255059, 0.03318449141025285, 0.5618002733085289]
            , [0.1381078384136594, 0.015325265991188872, 0.00030707886393766584, 0.0004319268342187602, 0.05981397977170283, 0.03872933657216882, 0.00037065315007380807, 0.18739715604927043, 0.000400244309128545, 0.22801798352883731, 0.033983605783953603, 0.0007746454250447075, 0.0013394097143150112, 0.0006366326783581981, 0.0004455098318389232, 0.02938169157327619, 0.044068444962981936, 0.2172407212832745, 0.00138058100761263, 0.0018472942551578469]
            , [0.010067107803318582, 0.0017787159841997152, 0.0021619670981670395, 0.002865778936535432, 0.44612015755146, 0.003207388842856266, 0.014323024040543536, 0.014375882586688881, 0.003348949972961377, 0.04835385601532457, 0.012766716212282234, 0.0045244626872766895, 0.0018035143850768716, 0.004202582674598512, 0.00417026209692319, 0.008619259758226699, 0.0076727374599090455, 0.014958582461066312, 0.027205996471226006, 0.367473056961359]
            , [0.23849674156122633, 0.06992911188807625, 0.0029722906117646145, 0.004649131179058388, 0.005419829033623924, 0.011808324162520681, 0.0033290756747473295, 0.07805636799327886, 0.0046063538559775515, 0.03319614303474252, 0.013682017595191139, 0.00707355361758147, 0.003910241415344356, 0.005391796964389474, 0.004538453943730063, 0.07795191885725201, 0.14954187167423927, 0.2809748600085439, 0.001039753783498993, 0.0034321631452129578]
            , [0.07055203321994241, 0.019378481080002095, 0.0027140037598033305, 0.005326902869299562, 0.028123536074457983, 0.009723003501190248, 0.006020322572848431, 0.16188461006812668, 0.006177986115181914, 0.2357135581702604, 0.11526737035908065, 0.012848359720951866, 0.0023756966045715313, 0.014941881765153396, 0.006810438400485191, 0.041147302239876296, 0.07500215926140326, 0.1737328543502856, 0.0020102593236167162, 0.010249240543462294]
            , [0.027700230771143527, 0.0028180096588611026, 0.10978503213352547, 0.05270030809264082, 0.002671473160337486, 0.4095897919578223, 0.02436057810563394, 0.0030505186625478845, 0.06485679032125352, 0.0057033747837112155, 0.003188317284198884, 0.15392248968063815, 0.0028568648603369113, 0.03326057179082273, 0.03413255943723532, 0.049667513223411945, 0.011014280029941693, 0.004511419816032705, 0.0007771844451329832, 0.0034326917847713597]
            , [0.1289496664172623, 0.005980875874046364, 0.0025416419753485704, 0.0038890431944485033, 0.021069217635598207, 0.014649845412097922, 0.0025039878137628193, 0.1964181645581178, 0.003350479509905516, 0.10566295194092166, 0.04745628318278827, 0.006355445261254577, 0.006546575971742123, 0.004104555448425838, 0.003590524276480793, 0.043315768546793275, 0.09073201135875222, 0.3071690408115765, 0.0016309704870583926, 0.004082950323618254]
            , [0.20142189645563408, 0.02990987763523145, 0.0015883115013856895, 0.002435858993899304, 0.0645352712153703, 0.061751401378398685, 0.0019983718339743675, 0.104757571018349, 0.002296471670081731, 0.14959913910254014, 0.04388585760757826, 0.0041523725245313295, 0.0038125484150681463, 0.0032425496086217614, 0.0027920880387462487, 0.07682799492924121, 0.07579486497403516, 0.1570313144832, 0.005399952469762277, 0.00676628614435071]
            , [0.0451150601628808, 0.006565944164406842, 0.0002696166669703511, 0.0003978888049322917, 0.09021548518736662, 0.008321480031611256, 0.00046183337268857996, 0.22269200220598429, 0.00041747552893125524, 0.3507020042166443, 0.06002129176104388, 0.0008159899000413863, 0.001634254804705551, 0.0009595129402186801, 0.000411316630448886, 0.009281672583261931, 0.020956911693617544, 0.17024600545521257, 0.004418536015128017, 0.0060957178739051475]
            , [0.07713346625199516, 0.004253913400857193, 0.03106383173737891, 0.11105261211099746, 0.007351563013673017, 0.011984905143680214, 0.01305096474042333, 0.09529035991397977, 0.08055706651358956, 0.07539289400279871, 0.02989745913886617, 0.026973891232319917, 0.005767895277440889, 0.07639300000000929, 0.05424405191112076, 0.055919801575452704, 0.10170618766240358, 0.13452291364245325, 0.0013744706623666646, 0.006068752068193577]
            , [0.08477970742718376, 0.010330454201123686, 0.1183672621100916, 0.183664016075364, 0.018974014597921827, 0.027138866572689487, 0.021605813535459435, 0.048065902459555755, 0.03466981073204505, 0.06103108610348644, 0.02599025418856802, 0.04270276147537563, 0.01119653344434096, 0.05434524208933134, 0.02526670527323452, 0.07107786756794576, 0.0628354866293864, 0.07639398981492546, 0.0037779992362088595, 0.017786226465761803]
            , [0.3588329263190337, 0.03399741289324666, 0.005601848474431165, 0.007333165326053949, 0.018179217045606835, 0.22061623589220605, 0.005335635528147124, 0.023293147391285518, 0.006703387872733403, 0.033899326885839604, 0.01516370005362936, 0.01035368599736089, 0.0074828916469579605, 0.0074544322046493005, 0.008703230417305426, 0.1267936651497344, 0.04601773550118254, 0.05184800620388582, 0.004351851994858236, 0.008038497201851921]
            , [0.016708733490489545, 0.03544371050037684, 0.006981695690896027, 0.006462664898874984, 0.20985993145185997, 0.007916895252342454, 0.10020809348279165, 0.01275307483398421, 0.00800447389938339, 0.03851518845787459, 0.007616130405140143, 0.025444915085607756, 0.0040737148856473445, 0.012985840843367317, 0.015193678879487993, 0.03249655523860289, 0.012870632930663024, 0.015131158896973147, 0.008650982908835952, 0.42268192796680076]
            , [0.08032372824971781, 0.0011124855488204692, 0.115818577858008, 0.11049450469170079, 0.007223864483880969, 0.07018562870123261, 0.03474416061047731, 0.00857787190323076, 0.08297656827264414, 0.01831656483376324, 0.008504286871224486, 0.10174929729257912, 0.01101857148614237, 0.07061013167007871, 0.07308285104937366, 0.118567568680836, 0.05395808588241246, 0.01728274931502546, 0.00359487303404635, 0.011857629564805175]
            , [0.04664400768652758, 0.014878348446758616, 0.030513850708719852, 0.01402519024102876, 0.008830469266229605, 0.02998608552241587, 0.04210183377759448, 0.014657511869069316, 0.01807397606098115, 0.018336238296870325, 0.01044018156623717, 0.43333102295006737, 0.006686623549033933, 0.023063152341646423, 0.016580513100412104, 0.16771260010023198, 0.07032728621893473, 0.01926247452586642, 0.002444139586223123, 0.012104494185151414]
            , [0.013726834155262047, 0.01398283733500215, 0.002817950831895752, 0.003249377180404098, 0.4931910445328761, 0.004046524509087363, 0.009929670656990398, 0.047677833887653044, 0.004422119525429748, 0.15990127112703814, 0.0254229278997274, 0.005339285512303765, 0.0030370238735519498, 0.004616740636762922, 0.0051575966462891615, 0.015880774632591056, 0.01097331468336135, 0.04005402094873089, 0.003959837574487281, 0.13261301385055543]
            , [0.028342733343366993, 0.007245818725601779, 0.3091168341984764, 0.03215136100531438, 0.005768268611348745, 0.03186458420191661, 0.02000787572284494, 0.0086401038251375, 0.01634831127238273, 0.01119243194116917, 0.005514097638579895, 0.33006440741295073, 0.005889704798092586, 0.013768730011724224, 0.011964623440987983, 0.10720178933772563, 0.035410837583754844, 0.011145413165393338, 0.0015740596294461548, 0.006788014133785354]
            , [0.03609352550927391, 0.0037806379873757193, 0.030931653645392805, 0.0125116668726203, 0.0036788872690410616, 0.019986384664250945, 0.0066254218655375915, 0.007618448824797988, 0.014122554552069467, 0.009484155641613316, 0.0051820160025480635, 0.06982216256033419, 0.006758674865955984, 0.010069100670255885, 0.011652445449756962, 0.36864710879094664, 0.36751745752843396, 0.011033917662596338, 0.0010777701010270574, 0.0034060095361717678]
            , [0.06053657596592331, 0.008471439604345987, 0.017110211867530287, 0.044149890676799614, 0.02952416671696739, 0.010208718679392536, 0.034801979166350916, 0.1250391318454726, 0.04555896845509025, 0.12009197083531935, 0.048903394081919675, 0.035707464244847706, 0.003545455299388296, 0.057043943264309976, 0.041969172955145274, 0.057782222178286255, 0.08604309887746868, 0.14079690198022593, 0.0017568910700215311, 0.03095840223519433]
            , [0.10466741995373154, 0.007217276876728996, 0.02136877796295717, 0.03340839482596532, 0.0069822584814233915, 0.15203035659568342, 0.0231242533813443, 0.01064855953696943, 0.13985181649383746, 0.019373683087485848, 0.010788034815815058, 0.055875955213519714, 0.007620462786351742, 0.05615401828147163, 0.15290755434620912, 0.1273031792773065, 0.04352174680153066, 0.01720919764326049, 0.002739198803852767, 0.00720785483455539]
            , [0.014784208989860947, 0.0007225960134370428, 0.0011190855300131542, 0.002013467170856266, 0.06069275267608206, 0.002026752688801787, 0.002185502407011209, 0.22028945245494122, 0.0027871785030042927, 0.4356360362648278, 0.08134251968277524, 0.0021715425830527396, 0.0013662176557051355, 0.0037835905273855986, 0.0033647252530995247, 0.005578728031103237, 0.012618336890369432, 0.13209656002807005, 0.004766269583307116, 0.01065447706629618]
            , [0.49933447178983303, 0.015019969690903731, 0.0009267274389155297, 0.0011362377952467678, 0.0044876953256841315, 0.14974946960086027, 0.0007748273917220582, 0.008722451015531315, 0.0008796908279221267, 0.008162656920880508, 0.006565050669412962, 0.003561740213544824, 0.0038621654796878882, 0.0016039930873042055, 0.0009976698999642965, 0.2186991133556292, 0.04778557367467618, 0.025170371234343274, 0.0007873261120802545, 0.0017727984758570564]
            , [0.05231132983191297, 0.008216762145821748, 0.0009347022468428613, 0.0013386693958925523, 0.21903397100618163, 0.014409916119032378, 0.0018283206772208925, 0.13128955612428939, 0.0017459007088149827, 0.28262655942754483, 0.05502305262270576, 0.00257146264505674, 0.002956249930001082, 0.0025243288187405794, 0.002282505440771794, 0.016545888649693696, 0.025349964264366233, 0.11663357430859313, 0.021467997490037104, 0.040909288146479816]
            , [0.18307979471202582, 0.022422025591559657, 0.0038196030548342187, 0.004019152047255535, 0.014527137216822675, 0.036112938896670464, 0.003971682125879392, 0.03541203632376221, 0.0040098387539384195, 0.033884328564515634, 0.02306283034333314, 0.023656756427603592, 0.0061084854774976485, 0.007645321131840704, 0.004259560055424822, 0.26784066827533026, 0.25316959569468955, 0.06475539096291187, 0.001970795597016981, 0.006272058747087354]
            , [0.37873251857795304, 0.0053544800379389645, 0.006533097875956204, 0.01004775746799886, 0.00848891974445866, 0.03455817098841673, 0.004022802631125301, 0.050794174261386264, 0.007202368330344523, 0.035105656496066895, 0.0196466013628973, 0.008883111486497484, 0.009908218630607982, 0.007705409398972622, 0.008058265690025067, 0.11512865108173548, 0.12333621742921722, 0.16067806185183944, 0.0014680501058208233, 0.004347466550741192]
            , [0.04090556189271425, 0.00854338564124875, 0.019034047793106506, 0.025214563593652817, 0.13013466837447057, 0.014365936075864878, 0.14555348780809216, 0.01797324161861543, 0.028179640717044936, 0.04765024866640974, 0.01732506835171351, 0.03911080558011881, 0.006320452153172327, 0.03951209790635338, 0.03847024897200629, 0.04455941222763192, 0.029783181868019298, 0.02417301505750623, 0.02660177892821015, 0.25658915677404814]
            , [0.06317715651373468, 0.002207619043049601, 0.038551829461411585, 0.10177997769437061, 0.01721724964015303, 0.014279475624983636, 0.04546822614562412, 0.027259207267448973, 0.13257338382275002, 0.059060838275822945, 0.025311069689397152, 0.0444701431678284, 0.0031287630006413577, 0.10570929243401873, 0.1330288253700736, 0.05714010240319415, 0.058148088356537925, 0.03720990855507144, 0.006749726415659301, 0.02752911711822872]
            , [0.04498896854365377, 0.006360334877524206, 0.0056277463818421684, 0.017989111336495122, 0.055646638117939906, 0.008658036509579945, 0.0189018147073543, 0.11385164090069204, 0.040534502491062406, 0.26559201899911705, 0.08611652752746445, 0.012408289166024787, 0.003966283231317307, 0.03576232088853973, 0.05261691128697931, 0.028577811785476647, 0.041199398492169345, 0.09946978130334277, 0.022446046906980027, 0.03928581654644457]
            , [0.07692337961932535, 0.00934802823556785, 0.00922405393734674, 0.014723674781404765, 0.05586964654337271, 0.017872220793914248, 0.015262635740744768, 0.10347014548173407, 0.016587147277615736, 0.20728299093686353, 0.05154442352410895, 0.016327187844355696, 0.11126859613680566, 0.022133762575072224, 0.02087197520195017, 0.05318562548157973, 0.05423634490752824, 0.11432902693374583, 0.006720825599653835, 0.022818308447309924]
            , [0.0974293203203492, 0.01698694744327107, 0.011295765480857322, 0.025680802007597755, 0.007818132115173786, 0.019548246767311272, 0.02103664088064443, 0.02763589007863618, 0.13155249064590108, 0.028180165191369008, 0.01672953413118294, 0.04595359437232922, 0.005886464130729228, 0.048739418990224694, 0.12368472874353334, 0.1599337416183801, 0.15360130790867163, 0.048025814644016285, 0.002029881340634362, 0.008251113189186908]
            , [0.017642219490540734, 0.0010349886294844467, 0.0016229857768354989, 0.0019269872187193105, 0.001075950231485226, 0.9463806302308579, 0.0010459143559036939, 0.0011712864174228028, 0.0013209694578162562, 0.0021958632687026146, 0.0008631533493390462, 0.002268285034433608, 0.0017018883977032787, 0.0013482252972827713, 0.0024800335134765026, 0.00996337105191832, 0.0026012277726854484, 0.0022830401922068707, 0.0003764278750806052, 0.0006965524381047179]
            , [0.08481941654199619, 0.037041497762555636, 0.005291136285147144, 0.007584166781386005, 0.17894151186227922, 0.02715158063593743, 0.012352399569859914, 0.07041790194902074, 0.009264429543212046, 0.15455738386955944, 0.04648135434117247, 0.013003404548092944, 0.00902674014802705, 0.011165511544459931, 0.012421770435089874, 0.06693931199582029, 0.05405254066622986, 0.09348334680637982, 0.03282963783056895, 0.073174956883205]
            , [0.16227245616993888, 0.017981647592089766, 0.0060549521027096565, 0.00958750030665073, 0.012581474458086191, 0.0180597995959174, 0.00758172220893959, 0.09269467842221644, 0.01013057018033901, 0.064594077827108, 0.020234150620047096, 0.012204618158719972, 0.19220763423998938, 0.012890434852448963, 0.010207409577442636, 0.07107417776585985, 0.09207350260135533, 0.17777191626039535, 0.002323955112079838, 0.007473321947665679]
            , [0.03848221216348878, 0.011834937273910398, 0.009106529985037425, 0.02522965581457849, 0.05273184809057769, 0.011676229577341764, 0.07271229598401163, 0.03780524600926741, 0.12340671495986569, 0.10894353704965139, 0.03461779888366921, 0.028073589894607683, 0.005180469169015392, 0.06648158132601958, 0.18190614311065503, 0.039281046180081824, 0.03687864248939209, 0.042195502737606, 0.005076453320289097, 0.06837956598093355]
            , [0.017461721914776338, 0.009188124067293718, 0.004265711815555496, 0.005859459532087551, 0.09027592169253916, 0.010229261266174851, 0.009750539726014758, 0.014088421746458909, 0.007247587980728382, 0.037579537643955094, 0.010478754707047873, 0.007342004120920285, 0.004245145127911097, 0.007699970717773886, 0.011400697338323943, 0.018674447765331684, 0.013178555090918578, 0.01582321842568449, 0.638164155235123, 0.06704676408538092]
            , [0.05938097309326671, 0.024093816144662338, 0.018891331237333258, 0.02663282152924687, 0.05155526960319593, 0.03688239552181981, 0.03170951979759816, 0.03460021367395846, 0.03618437279482333, 0.07911407886901048, 0.029707698974070555, 0.03147444388117046, 0.017918685234375283, 0.036195755552750404, 0.05566480441679064, 0.0727036986878771, 0.046487646794804355, 0.04401731707828318, 0.2198532847666517, 0.046931872348310776]
            , [0.3539499770341967, 0.0328544725048707, 0.0009578489049455244, 0.001457521172968698, 0.015165406383919128, 0.07727608468735545, 0.001019775729565372, 0.05765681792582194, 0.001148611115867641, 0.04741261151978938, 0.026056583357303924, 0.0036798961367122654, 0.004095246394684748, 0.0023089023059550337, 0.001208293642677998, 0.13547455967061786, 0.11074302133788926, 0.12420234029836263, 0.0009164685974991971, 0.0024155612789962862]
            , [0.05535548104743007, 0.005006877265679701, 0.02189929892722857, 0.015358139891951728, 0.0034368995177208616, 0.7348581372749456, 0.006157411894363441, 0.004952534145472782, 0.012154868233064078, 0.007274496236593791, 0.0034658681702473227, 0.019474061103684867, 0.004360635261218046, 0.00816663288367445, 0.01938799720783024, 0.0486849655409155, 0.011922937000269697, 0.009485256011017365, 0.00546453048254036, 0.0031329719041516186]
            , [0.17108747459602058, 0.009615815631496103, 0.015540238519970695, 0.01930853923810601, 0.05905354624844993, 0.05636858881459206, 0.033659843021875274, 0.022283190811635135, 0.019411678376248923, 0.04080488091733002, 0.021599503086145326, 0.05016962527355576, 0.0091047000593078, 0.028460032169670215, 0.02185900637551578, 0.2178634964523352, 0.08914420247757944, 0.04167134685742802, 0.0070288081214792495, 0.06596548295125856]
            , [0.15444933472301453, 0.005038265077249078, 0.001150425629403861, 0.0014314603033289382, 0.0032785259659081846, 0.7317857799525878, 0.0011487387247753919, 0.003585775464061076, 0.0012103815238564725, 0.004590478063812425, 0.0028908999063538532, 0.00410422334471406, 0.0015233596307708199, 0.0018350216311355365, 0.001711614607077426, 0.06174082278957326, 0.009374624122230482, 0.00700116475552412, 0.0007173921004699749, 0.0014317116841529604]
            , [0.023507329565398086, 0.011442310849909293, 0.01886608008949916, 0.015374983198485443, 0.05832045650040719, 0.012421252500090742, 0.32364930282707394, 0.010773516028146413, 0.023120131642941435, 0.02691781493775682, 0.00807815953859783, 0.1055903026554716, 0.005808046141174639, 0.0537483882028757, 0.03951829877329687, 0.04696265377397926, 0.02101270593074154, 0.013598256264764868, 0.0028293460521884276, 0.17846066452720055]
            , [0.032377010624691886, 0.008657587112409966, 0.013342965728072217, 0.015947594098190878, 0.01595011067002928, 0.013487396582722142, 0.50317647878674, 0.01625053445107164, 0.01675161102428731, 0.03094576593991635, 0.01509437337498326, 0.07183810873895961, 0.00820578757009128, 0.09450578199046207, 0.02300259089091771, 0.04240995481568903, 0.028319812779264975, 0.02056603294221603, 0.0034280048845061703, 0.025742496994778433]
            , [0.010925187063168739, 0.004908170144268565, 0.0030934682458603926, 0.0038225584986002004, 0.41050148648682705, 0.004717674247445443, 0.024959463602584706, 0.011549874650505398, 0.004319255613259284, 0.03784191813535059, 0.008033464089776945, 0.007678926761790394, 0.0027325865176945734, 0.005566520482792917, 0.00523184162229126, 0.012635724213178752, 0.008712097763164258, 0.014104648220163444, 0.0018257642353275824, 0.4168393694059495]
            , [0.011926846483163089, 0.8824902496874883, 0.0035518114686237333, 0.003907982847472716, 0.004836428044589978, 0.006345709573519197, 0.003930127491287278, 0.006226576172040207, 0.0040474204422088, 0.008527783565795042, 0.00345150091371514, 0.004858706970725552, 0.0030492134511218853, 0.003917193179933845, 0.005549037796281086, 0.018465584178360896, 0.009054034208435716, 0.009020161619100096, 0.0017880507799168063, 0.005055581126220691]
            ]
# The number of clusters.
n_clusters <- 128
# The base file name of this file (for reproducibility).
fn_distributions = "udm_0128_clr_rb"
