# This script is generated automatically.
# Vector of amino acid stationary distributions.
distributions <- [
              [0.08906221721494752, 0.027720523034141867, 0.03463138160162276, 0.041585945135922175, 0.019860918484480218, 0.04561524068747761, 0.039470718355483415, 0.03171420999277658, 0.04298438665105514, 0.044932521111789823, 0.023044986105096824, 0.0680626823775379, 0.07638421740760815, 0.04983840725134704, 0.03998805787506759, 0.1400004181674476, 0.10394349945288128, 0.04593765233083822, 0.015006655816835215, 0.02021536237700653]
            , [0.050944425240448295, 0.012675304316464707, 0.00271315540970965, 0.00538063906004746, 0.02701169657079694, 0.007575500650669642, 0.0037572151690262387, 0.3005362421887567, 0.006126950597772456, 0.13319372447564243, 0.04102511814111271, 0.00528026622614667, 0.005201576869810699, 0.006037262179411029, 0.006126892828229702, 0.017238274078854338, 0.038516839765046475, 0.32046580592758395, 0.0024123275883161576, 0.007780779665192767]
            , [0.02873029606659707, 0.009772207216252889, 0.002797704676890729, 0.005370854667423722, 0.07318925842586133, 0.006820096956649077, 0.006431846283804762, 0.14217930220976896, 0.007554850017784637, 0.4360272683723603, 0.09406063958977813, 0.005537792853751694, 0.005247240129924672, 0.010527573272668955, 0.008985589857343532, 0.014818870882915954, 0.021528672188894003, 0.09864173658618912, 0.005715317600205099, 0.016062882925326854]
            , [0.049055733701813965, 0.0042948049879408, 0.2671057776375678, 0.26642826002168296, 0.005015346202486309, 0.03261617340741559, 0.020499271134368908, 0.00912901765905498, 0.04681312456722562, 0.014647876562559947, 0.007243387093421431, 0.07245954591006445, 0.0121966454835469, 0.06001714772291899, 0.02745850777188008, 0.050024762710294574, 0.029712138727858883, 0.016325194478771912, 0.0015915106096714236, 0.00736577277292318]
            , [0.03859650370128937, 0.008295140094463126, 0.01925424925109305, 0.04463111118817078, 0.007768303340592489, 0.020836974235959177, 0.032034250747600565, 0.016835263160627972, 0.25641754130123817, 0.029748408686666394, 0.015508619813078543, 0.03910215533559542, 0.010516813940854124, 0.07246564637185546, 0.2731718892827538, 0.04430274743548749, 0.03529148179198123, 0.020680618866374997, 0.004179789503963892, 0.010362490479669514]
            , [0.41310918628053545, 0.0318486486457855, 0.008124616294550899, 0.011891364817032984, 0.009565510696683086, 0.08980678214515452, 0.00581576974586644, 0.022368203791845787, 0.009692311591198662, 0.023601221262158245, 0.012387546784177451, 0.013014657235754724, 0.015003020460540306, 0.01022322151373569, 0.00926434895651191, 0.17958821373790596, 0.06663746524245268, 0.060202199975375986, 0.0020181857959650695, 0.00583753101753761]
            , [0.02027879864415412, 0.014548184041051262, 0.005502550769947996, 0.006635490879981845, 0.32599081716808026, 0.0077174970341609, 0.041455207546827216, 0.03096504494818037, 0.008178231566878823, 0.07953477298151669, 0.021060657407170565, 0.012791509153725362, 0.004970408635200992, 0.010300862226503928, 0.011250690164081062, 0.020312017504785833, 0.014892619306708745, 0.03042477263536581, 0.03472101382204828, 0.2984688512262571]
            , [0.07941500546448782, 0.00794424830470531, 0.022683871950060507, 0.015298529297577489, 0.004398823749685275, 0.6939528814141328, 0.007129205894194676, 0.0051562409151775235, 0.01395641295364674, 0.007897682715648141, 0.004241246018248993, 0.02688248806027857, 0.005756958727990081, 0.009731079293635234, 0.01375326338220901, 0.05281093138157318, 0.014139546639664304, 0.009430219855153937, 0.001813248119558796, 0.0036081101882621917]
            ]
# The number of clusters.
n_clusters <- 8
# The base file name of this file (for reproducibility).
fn_distributions = "udm_0008_none_rb"
