20 A C D E F G H I K L M N P Q R S T V W Y
32
0.07457366109621856 0.0840877080751730 0.0170296393858066 0.0563161572803122 0.0691988446097962 0.0206771811270217 0.0526923587573509 0.0456698555175316 0.0280015465546974 0.0737370230963942 0.0438314006492561 0.0213418912470080 0.0766090564443848 0.0253420132326693 0.0708228956188585 0.0674111607470654 0.1036121566952165 0.0684960121481283 0.0396416383657324 0.0084556769117616 0.0270257890634344
0.05982718302629327 0.0394942373370836 0.0103979536771988 0.0020513407371073 0.0040508881583925 0.0457983447597368 0.0070357230105352 0.0036970357514229 0.2748858893836107 0.0052406487934832 0.2461765866663480 0.0616723173074320 0.0043267563035705 0.0044385392357201 0.0058226026163895 0.0055816435953092 0.0133596659169567 0.0288093124445821 0.2240537131663248 0.0032998901954283 0.0098069102037470
0.056801460103804255 0.0277991047284680 0.0096226244500000 0.0024480422569767 0.0047884621521832 0.0735173387661112 0.0061041880068264 0.0056159199338486 0.1583712060248947 0.0065157837429078 0.4202195661513741 0.0952260062919093 0.0049296075014054 0.0050535470338285 0.0091959241828448 0.0079586738027053 0.0135084595298134 0.0207412689130196 0.1081604563375827 0.0051789193535033 0.0150448992399618
0.05533280100382137 0.0521938983335909 0.0100355250121760 0.0266894104784872 0.0582229513004586 0.0104768056075643 0.0267187521930227 0.0381541567398876 0.0222758814106254 0.1972963790220020 0.0384241451772557 0.0194648834101096 0.0486661626853198 0.0143257689172464 0.0844926807214919 0.1990451106399757 0.0587654801576751 0.0474300386102952 0.0281448261253159 0.0053238476850363 0.0138532938119236
0.05252951577026179 0.1244800185093673 0.0321550508355036 0.0291352794605484 0.0286682077546564 0.0162647222493075 0.0564347398477871 0.0194705851642140 0.0279257953796360 0.0308995783201194 0.0333166176166165 0.0191998556948682 0.0654343049642141 0.0253201527658974 0.0304750400923160 0.0285547788949227 0.2299133489981006 0.1404363719609012 0.0441206502459948 0.0039160438545696 0.0138788557100734
0.04754748189129071 0.3385655117241380 0.0389514607820689 0.0114963276729896 0.0168717181986806 0.0131117251564619 0.0807933336435383 0.0083442987185007 0.0274844149152624 0.0142279470155319 0.0310179713848876 0.0164914260061768 0.0178164249789505 0.0182087663360120 0.0149591135805698 0.0132871146163121 0.1774226619226392 0.0825438088005997 0.0672450697559220 0.0028230022535233 0.0083379088530134
0.047233787714595334 0.1364853413562194 0.0307722712578267 0.0077013789272390 0.0149810641944337 0.0276297640161972 0.0237572533481203 0.0085555630840687 0.1373218697195698 0.0155029089884745 0.0901242541738185 0.0390863698712680 0.0143939532992265 0.0133352570319111 0.0144944280483500 0.0145693206151760 0.0581875420119665 0.1008462344524359 0.2358567140154719 0.0040469906179198 0.0123515214363593
0.04313580106085667 0.0796542860259207 0.0050949104569530 0.1246813260605701 0.2414755425709179 0.0066031021060639 0.0330071702797063 0.0242245309300403 0.0147666481520202 0.0827390400395426 0.0243607445679428 0.0116058694231964 0.0502528516092706 0.0176200319125173 0.0896801910196390 0.0504013884573828 0.0626195454354295 0.0437241592977583 0.0260202652480990 0.0022831630187264 0.0091852349113271
0.042411452689214625 0.0661482158182184 0.0196146577408303 0.0110226902223163 0.0217101469897890 0.0503447389844821 0.0197593460947200 0.0202617642613194 0.1007852768847239 0.0295466252441220 0.2007422840890774 0.1153721761359671 0.0210601349221416 0.0148716645161896 0.0368160790212280 0.0329992305339245 0.0480698484703748 0.0577687869595593 0.0949029596627704 0.0115918844415961 0.0266114890980115
0.041176638339131925 0.0470097204005544 0.0118144200024324 0.0019380133840194 0.0037932757755368 0.0137594287097019 0.0043833897519746 0.0023324440650866 0.2653919488503111 0.0038936541652806 0.0778913400966043 0.0227443178710326 0.0035493562209284 0.0038260514496603 0.0036992148739432 0.0037412560333335 0.0115399682033956 0.0312832561964658 0.4820004733887756 0.0012054508908247 0.0042030112528761
0.03718416699937261 0.0184598613236510 0.0058994628648529 0.0013731486044144 0.0025137650860207 0.0168403173510884 0.0026207961427801 0.0018857703501839 0.4722663833537705 0.0030795175206166 0.1095336226502146 0.0322271545272839 0.0027949005983293 0.0025932749270462 0.0029510068526212 0.0029877706404122 0.0065963468620481 0.0190672572496168 0.2907755452529130 0.0011410684237124 0.0043930280147149
0.03574402555181658 0.0123528076362978 0.0055392183979258 0.0015062435161786 0.0025578406201356 0.0517249246811328 0.0027242110641402 0.0034217985112804 0.0984781099597926 0.0036695615624253 0.6313631365775828 0.0854442930267251 0.0027317382060631 0.0031807744725169 0.0058686555428799 0.0043440662216513 0.0072069457621860 0.0100640786812126 0.0572081434806541 0.0026386910057598 0.0079747686915835
0.029304739633833343 0.0428184295105575 0.0055124213319062 0.3365642707015679 0.1844165496647855 0.0057358637450619 0.0435071929450229 0.0238479131607473 0.0084768569319840 0.0359688199038630 0.0127444073937921 0.0063602320887419 0.0998390929680840 0.0133406765192177 0.0393309326294639 0.0219252187141189 0.0628978869864746 0.0321007998394473 0.0140907669501801 0.0016933937958159 0.0088282645597937
0.02923914903325158 0.0256674716146645 0.0051857434783053 0.0111218177748634 0.0285813651216848 0.0044158157406398 0.0138446166623440 0.0185550664572933 0.0119518948994735 0.4108785279836199 0.0192656917955340 0.0121005181912051 0.0316428279941497 0.0074937097942667 0.0533050292363494 0.2636977813309277 0.0327497815493369 0.0272521785140405 0.0141540631734596 0.0024056800743272 0.0057304178233229
0.029202076085096673 0.0159398375648436 0.0132327211050781 0.0054652943926756 0.0064162528382813 0.2526817235078122 0.0064205587526370 0.0522605104625002 0.0164398520182615 0.0074200329590822 0.0393224632361328 0.0110907206374023 0.0135738990375976 0.0042969950131835 0.0099330219023439 0.0107068605311525 0.0183496008123045 0.0122303801922851 0.0182384682325196 0.0256016572160156 0.4603791490234365
0.029184965493640563 0.0351750856811962 0.0214045358233972 0.0067720563679632 0.0087810914519154 0.2593252765344026 0.0126021342657349 0.0266617935059617 0.0690972571354573 0.0110275848317044 0.1774518026358483 0.0449017195318609 0.0136894734139953 0.0078694691196247 0.0136342968985535 0.0146562135027365 0.0296759727218528 0.0251506510447615 0.0631017864044175 0.0333250596479670 0.1256967378416728
0.029159299606456395 0.1423965848571989 0.0150488510901800 0.0391866493893779 0.0293239456314554 0.0088304422478482 0.4264759031690144 0.0138496260599570 0.0105665426817294 0.0268490012912754 0.0160507433125000 0.0084489025260172 0.0483342124098200 0.0117495427842332 0.0195644475885172 0.0252580047290688 0.0986403870931142 0.0295459984221439 0.0190538247657472 0.0035318201639280 0.0072945712176251
0.028423544173843608 0.5863791389585638 0.0221079783557740 0.0039168690894953 0.0062722828339921 0.0047304759806361 0.0829414521146784 0.0030323458545200 0.0118804149136149 0.0048653685651652 0.0118260400633086 0.0067901401940403 0.0063317237216814 0.0081321148577305 0.0052271046336912 0.0049078630645129 0.1447135268315441 0.0410497726304806 0.0405593002051771 0.0011528410203672 0.0031832488378651
0.027465351052301374 0.0493172450680098 0.0049268082058042 0.0134785650836465 0.0086583734292391 0.0026096941012665 0.8177615857128058 0.0040229084456442 0.0030252664995325 0.0078015522245873 0.0046954624407641 0.0025077804412834 0.0154351498497560 0.0032807199269131 0.0053412319390508 0.0084273778869275 0.0320625763117018 0.0077859860768352 0.0056446753708851 0.0011740517954834 0.0020429837301215
0.025668738949409686 0.1179632178897655 0.0098879256321814 0.0285637997345260 0.0390716045215025 0.0121828225290588 0.0304697413403712 0.0194533912018002 0.0250233812709190 0.0377694928325370 0.0408269372874762 0.0131011054878320 0.0264518980951217 0.3162897273030335 0.0381386184440494 0.0344715467024114 0.1010972293032559 0.0552314954539393 0.0398744701600179 0.0035830839406601 0.0105485095080564
0.025614555409798664 0.0400901702702671 0.0025794381971158 0.2011656028006682 0.4777682635857456 0.0033292578535632 0.0198875030729399 0.0119147765759466 0.0067355796222715 0.0340064834793986 0.0110018577081290 0.0056998153946547 0.0283535921998886 0.0079805348857462 0.0623968875133630 0.0171030861021158 0.0301839869101335 0.0202187168429844 0.0139034648940976 0.0011145435953897 0.0045664416396436
0.021681971140135745 0.1352962088570301 0.0290718311267920 0.0153267356222544 0.0110410715404445 0.0077089036972247 0.0471899367301065 0.0087113310295936 0.0097631153660399 0.0118082442470076 0.0129473040480077 0.0075559901278442 0.0380214749117454 0.0143447495425490 0.0114865062626595 0.0119337994454820 0.4764898787320784 0.1254166755859529 0.0173040433109297 0.0019699964724188 0.0066122014406155
0.019819768436662295 0.0676341692935251 0.0172837084811511 0.0134163349587052 0.0128513748788488 0.0079900928312231 0.0177483160084891 0.0085868786814389 0.0266737055717987 0.0170952341795683 0.0213953431635972 0.0153044950394244 0.0345352635562590 0.0103466736810072 0.0130717812506474 0.0148032681017267 0.2075269253870504 0.4440487509352514 0.0414303281058991 0.0019298336994244 0.0063275216335251
0.0183710716933782 0.0357423738192826 0.0118181710276355 0.1010203906680640 0.0315922915576774 0.0095943682350567 0.0466129078674119 0.0474445321754387 0.0126138238691196 0.0408232246196243 0.0165231654340943 0.0091087051509083 0.3757068408632198 0.0091549456009936 0.0293569431889458 0.0289972368116753 0.1105350100108678 0.0496166436376339 0.0154924866620092 0.0024579373082751 0.0157880030139730
0.01823418696172931 0.0132583001787892 0.0098333691543876 0.0029189698745503 0.0035630051044893 0.5279927207883615 0.0048289488426403 0.0156572149225716 0.0272447863236351 0.0043670531412481 0.0846250336630689 0.0193963751568904 0.0062316938906616 0.0031115897215704 0.0049583852562178 0.0055941648473330 0.0132653647353355 0.0096556352584078 0.0249691299413421 0.0204145623004536 0.1981136944500229
0.017221810300576058 0.0241269056635201 0.0095828310677264 0.0086169604371585 0.0180065389698624 0.0064081078970028 0.0144788681887730 0.0300618374760722 0.0116884025727771 0.1730458390225204 0.0225709238991553 0.0105749920495115 0.0220176004661368 0.0074955620632555 0.0474630192091406 0.5154858246398407 0.0295025144184467 0.0216359474581884 0.0139041230519953 0.0046529473474251 0.0086802523783738
0.015331089944675755 0.0786958645256696 0.0054035128348214 0.0108114816655506 0.0156413944019718 0.0057807182847842 0.0151039106101189 0.0091529597847842 0.0111540195697546 0.0151505105063244 0.0206505120193454 0.0059638822511160 0.0101451633238468 0.6580960098586290 0.0158145455308779 0.0137398727676711 0.0551418244401042 0.0269102253580730 0.0199583944929316 0.0018404035934524 0.0048447973591890
0.012716021217133406 0.0328459005067264 0.0147479577609866 0.0249997846130046 0.0241185331334081 0.0426323391710762 0.0171211039946189 0.3467522699551553 0.0164067539367713 0.0306603653448430 0.0343363241910316 0.0132575341246637 0.0765300216681615 0.0111137421253364 0.0645069475896861 0.0497250699941704 0.0446266948094170 0.0267375654843049 0.0201411533793722 0.0088442923587444 0.0998956388625563
0.011683682199281354 0.0189445463378082 0.0034058361000732 0.6257638630705382 0.0858566093678301 0.0030643417107639 0.0204551073734439 0.0156375686704906 0.0043675307525018 0.0139034596785452 0.0061126536414450 0.0032638328540395 0.1071767894288505 0.0061052225338053 0.0153087840727361 0.0095096303107152 0.0330849748332927 0.0153098916590188 0.0070242827307784 0.0008900974628997 0.0048149810939712
0.00910283465465123 0.0413643034638273 0.0088167900444723 0.0233104460400877 0.0853750893047290 0.0112917485364862 0.0192004358255558 0.0725558930422801 0.0176955706100845 0.0597228991813342 0.0473440929279673 0.0274217088891325 0.0340473929436267 0.0131119555321015 0.3617932233009707 0.0598386692145318 0.0416674427121829 0.0324277719072971 0.0235919706890072 0.0044297306918259 0.0149928772320701
0.00565790224148748 0.0213643244102823 0.0160721636139113 0.0063557667051411 0.0083096601880041 0.0777197455403225 0.0140085352258065 0.0140823777066532 0.0168742778886088 0.0107988893407258 0.0413292818261088 0.0128936551496976 0.0099139373709677 0.0069056810176411 0.0111153772792339 0.0185838872817540 0.0244092684627018 0.0157296988457662 0.0184757049969759 0.5885901330645157 0.0664676273437501
0.0034192665259795813 0.0409375138482067 0.6965416472060039 0.0077813012685570 0.0066911139040868 0.0138206966363636 0.0167850338598831 0.0076677322543787 0.0128276906096747 0.0072976318482069 0.0183928235888237 0.0079511936797331 0.0106710846580484 0.0054849072652210 0.0069698506030026 0.0116789867748123 0.0615686427773144 0.0258717152018349 0.0236184695821517 0.0049325996922435 0.0125093597231025
