# This script is generated automatically.
# Vector of amino acid stationary distributions.
distributions <- [
              [0.09382152610425891, 0.013628512140339203, 0.03674894733490999, 0.04968935276687967, 0.017929780975091385, 0.05316037619637379, 0.0405626681524455, 0.05348751299991234, 0.050554650764990446, 0.06692516797982122, 0.030454931322870585, 0.061323361817291845, 0.057799931004476494, 0.05294289578034161, 0.04848627937421505, 0.10358422152558289, 0.08064072669165913, 0.06932387859776326, 0.0035611104949340587, 0.01537416797584255]
            , [0.030922021614365774, 0.006050516679862807, 0.001302152261343956, 0.002235257027171768, 0.06758556003076135, 0.003922507969817114, 0.0024792880683187036, 0.16673990494911445, 0.0027454675327792345, 0.4411553994312629, 0.09157699626823551, 0.0027082109854685075, 0.002365441001637827, 0.004103800337667841, 0.0032643974094057715, 0.014446191094730759, 0.023247240986598788, 0.1184595610525926, 0.0021181459826848164, 0.012571939316179953]
            , [0.031623165274369834, 0.008042683396769865, 0.0008298862545981461, 0.0013478195032925135, 0.020053786738908213, 0.002498206856134389, 0.0011026049460180621, 0.36836202488309633, 0.0014703054819309607, 0.1244365024826523, 0.030618825198380537, 0.001655592327490171, 0.0014388704402814323, 0.0017048463438087912, 0.0015765020576185016, 0.009209906397170254, 0.022107622272713807, 0.36901701077699767, 0.0006273159953750013, 0.0022765223723930617]
            , [0.3656237351312199, 0.034041282024791, 0.0038703225492312337, 0.004832753860933132, 0.005245197208278454, 0.07635930333990693, 0.003089154797361515, 0.023992062005706853, 0.004325381193858036, 0.022897102709768965, 0.008453939623954344, 0.01740276810167395, 0.008785676643729042, 0.005271412935709692, 0.00446022220124152, 0.24349533904276818, 0.11028630431769762, 0.05342902385633513, 0.0010278323873891995, 0.0031111860684453264]
            , [0.04854966323592688, 0.0022501802594956325, 0.2989171122393088, 0.2651923591221633, 0.0027956795959670697, 0.03601118601477419, 0.021153357917105608, 0.005228255152676533, 0.043951489994999884, 0.008577982823514605, 0.004173250473230782, 0.07875351356822317, 0.005890099905259745, 0.05562539234774631, 0.026174053321636633, 0.05125813931467324, 0.03070618978871885, 0.010144148689094091, 0.0007549752016699528, 0.0038929710338148475]
            , [0.038733583316798575, 0.003925771931791249, 0.011148351400353099, 0.04321725668704453, 0.0037470702395320985, 0.020222283458177462, 0.03147654486768409, 0.009707802834962502, 0.2850261044624132, 0.02779584259763043, 0.009132695800990525, 0.039542962778352654, 0.004557057830249388, 0.06961738440673743, 0.3033210503459615, 0.04237216582945903, 0.035293628875831734, 0.01471959934707724, 0.0015848790517315127, 0.004857963937221538]
            , [0.01806748400323498, 0.007110933493590059, 0.0026064109869859795, 0.003340390264821231, 0.37319077342446494, 0.0039547682299464985, 0.03516453864547532, 0.028721862268518757, 0.00395593234039145, 0.07062294570095518, 0.020505209821222406, 0.0062391327148181835, 0.00238084113861348, 0.005099384811467313, 0.005263043198675929, 0.017240341637029512, 0.00893638911176299, 0.02775790722045151, 0.035096205878019544, 0.3247455051095548]
            , [0.06020390351781281, 0.0030442820021908037, 0.011702639606835697, 0.007952458243503486, 0.0017914771816769095, 0.818600981355375, 0.002385252355686178, 0.002285413666254066, 0.006665191187709034, 0.003615407470484412, 0.0019040655119638263, 0.014098816413519332, 0.0019264549559932966, 0.0034156354147857255, 0.007512571748860956, 0.03514756647613524, 0.009348121349796196, 0.006390853497833913, 0.0006091091170354353, 0.001399798926547467]
            ]
# The number of clusters.
n_clusters <- 8
# The base file name of this file (for reproducibility).
fn_distributions = "udm_0008_lclr_rb"
