# This script is generated automatically.
# Vector of amino acid stationary distributions.
distributions <- [
              [0.07511977675247451, 0.014991459373004976, 0.026870729927067682, 0.05308207146631304, 0.04553648465161396, 0.028136797125163916, 0.0569169199360826, 0.053544122386116985, 0.05725740224254933, 0.07782930903260576, 0.030039617079207312, 0.05907894242302606, 0.015068517851265744, 0.0678866152463028, 0.06369961880910341, 0.0852392815149887, 0.0701577517648675, 0.06501840692578546, 0.007349752550174956, 0.047176422942284996]
            , [0.0616982459886547, 0.00858896230490964, 0.02012779663728192, 0.05771454232205869, 0.01164132095045313, 0.02545636277331262, 0.05087524643990239, 0.029802915213267597, 0.14829696048359095, 0.058936259868078836, 0.020365722428113575, 0.054620602721967074, 0.01038933012486706, 0.08339716628710339, 0.16492462866095295, 0.07009925690971679, 0.05886664737122128, 0.04591032491146452, 0.004206161358357429, 0.014081546244725403]
            , [0.09572029761904828, 0.008319108964981645, 0.05561176600362563, 0.0639990592007973, 0.009019347546049867, 0.05889622426221998, 0.03958109550355494, 0.016844849277838934, 0.07444317973773493, 0.038310637714557, 0.013607689638593951, 0.08520968952004515, 0.015005732872201078, 0.06745643962029607, 0.06612553889859522, 0.15204168294644882, 0.0880007143748855, 0.03927934810623299, 0.0020202633038557184, 0.010507334888437197]
            , [0.04746365348295194, 0.006079042042296954, 0.014405288328831464, 0.04827067665883748, 0.006250604035883385, 0.018492820095901308, 0.03522422622984608, 0.019802873872297372, 0.2593549200870592, 0.04200391227560259, 0.015362111718571268, 0.049616976697537875, 0.00782317399695544, 0.07612828059119682, 0.20252897241059586, 0.057966847113971764, 0.05059114227975554, 0.032672660411392544, 0.0022442396201373532, 0.007717578050377848]
            , [0.0808236501387346, 0.005741127370076231, 0.0807151031968001, 0.16229183965299948, 0.00860361975728046, 0.03661667574068981, 0.03698900811022885, 0.020502806472131107, 0.08268088775139769, 0.04962245589502049, 0.015011614983873831, 0.05396395004539068, 0.011147289813443702, 0.09755435948959686, 0.06581743567884493, 0.07270426260239374, 0.058956029254052446, 0.047684630637876375, 0.002237741813298105, 0.010335511595870319]
            , [0.1184756636943508, 0.01620229455060981, 0.032920608590833844, 0.03349746489614937, 0.011748246969811466, 0.06049764178173641, 0.01782529271264747, 0.01855651560527374, 0.03948061805356996, 0.03939496838222568, 0.013285659845056776, 0.07043740146538083, 0.018604686181984187, 0.03995068802743564, 0.03869975126088555, 0.25978182791897075, 0.1152712442420441, 0.041802409782937394, 0.0024477367388540433, 0.011119279299242162]
            , [0.06650318332142399, 0.010761031044316418, 0.009700957556138829, 0.022998014671450767, 0.05280163839712817, 0.013383656137480745, 0.023082367849594856, 0.087063947529996, 0.046534516516927055, 0.21611636274633528, 0.08014342949370906, 0.021480686210938113, 0.008964909111601332, 0.058264836708998825, 0.054130075346583546, 0.057902870989629804, 0.05728260631479716, 0.08428298974181549, 0.005477089448755703, 0.023124830862379063]
            , [0.07789141355453456, 0.010339219038949847, 0.011181708180328253, 0.04127038919872404, 0.022155502617553176, 0.012302145286677642, 0.012649225261879513, 0.1407831783758057, 0.0467072341470833, 0.10202766882776516, 0.05560143004589409, 0.02781878190527227, 0.009087001192932596, 0.04173260034463698, 0.04190363313607997, 0.0629564138930135, 0.09365007064598987, 0.17403860633916943, 0.002728466186803998, 0.013175311820905946]
            , [0.0677885142142119, 0.004050164458147445, 0.1253485772656845, 0.2763509914633129, 0.0055570492997781985, 0.0341377208074658, 0.026973765461392584, 0.01344134791614816, 0.06691232382685348, 0.03204647036469753, 0.009967736366356943, 0.04783597649685786, 0.00950096863285762, 0.08500134616827396, 0.04524265559665589, 0.05819585110544168, 0.04604496973243134, 0.036762768236348616, 0.0014934053534910426, 0.007347397233592607]
            , [0.09994492575319552, 0.006175058241181949, 0.0365796798756871, 0.052005036127473696, 0.010573938219144348, 0.0384656662547726, 0.02018890381278988, 0.031523909440901055, 0.05567504230863755, 0.05415687698331207, 0.01234525190992644, 0.039774298127549346, 0.2109029850876906, 0.05423067440018484, 0.05267405184383746, 0.09991426033502863, 0.06377313030276306, 0.049090612141327206, 0.002397601333948062, 0.00960809750064838]
            , [0.036286487884774926, 0.00457947525675498, 0.009511239757696875, 0.035102810522496815, 0.004127603520686776, 0.017771135079754606, 0.032228546574286566, 0.010464285000939719, 0.27875547780346355, 0.028952380624286313, 0.010042179354787536, 0.03851761494814476, 0.005072530526066983, 0.06875299896193852, 0.31607750939904616, 0.045359153613884956, 0.035737922270930395, 0.015486762246192335, 0.0017857078845100029, 0.005388178769357413]
            , [0.25230385146557305, 0.015869635363976037, 0.015371454396983243, 0.042227930976396155, 0.013686262329210207, 0.06099900737638586, 0.01364347792991822, 0.04178115233586463, 0.035955497618261965, 0.05780660928939678, 0.030417927942804315, 0.035368723974668816, 0.01454315073338871, 0.040409578865127575, 0.03524158170822974, 0.12352133423616399, 0.08137448923094925, 0.0754813717418242, 0.0028520669069115523, 0.01114489557796578]
            , [0.07187364000514052, 0.003368925900555236, 0.054894718330591556, 0.10412031305860123, 0.003657690758554266, 0.03597540746372784, 0.03446187824578669, 0.010013483641070487, 0.17998092215368874, 0.028329888710015818, 0.009578947193151202, 0.07046474119623723, 0.005364504087226199, 0.10180074436925872, 0.12220774802734481, 0.07995191176627856, 0.059465725859568844, 0.018156837330072992, 0.0010596343786983939, 0.00527233752443088]
            , [0.05352403411846549, 0.009160938229376777, 0.003981452412637131, 0.00843115023915391, 0.05136022371686439, 0.007776183825847946, 0.007889124020312832, 0.18629234014565604, 0.011591278701024067, 0.26620801949667333, 0.0846700048670545, 0.008720810224773477, 0.006061090594916639, 0.01467304828245839, 0.013466813075353625, 0.03432585220522923, 0.05253529477193001, 0.1615060973819016, 0.003512840561360055, 0.014313403129010444]
            , [0.05626664236485771, 0.0025452675138238736, 0.20059916645670073, 0.3377785134267647, 0.003365633445056149, 0.0329423784885654, 0.0192868231210305, 0.007171466451039167, 0.051859431935992004, 0.012664721185057373, 0.0057317241045687275, 0.046481865127031285, 0.007243880057047118, 0.07402085791725882, 0.03185950925148618, 0.05055362559627008, 0.034464001444741606, 0.01945187843323549, 0.0008286452306534587, 0.004883968448819628]
            , [0.08552567728679077, 0.010741768307560035, 0.012465526504033056, 0.0353563704462524, 0.01176638407739018, 0.017428033862287754, 0.013146861367383031, 0.06193563200213304, 0.048425431980653307, 0.055112625566073964, 0.03991761288272905, 0.050641656036978865, 0.009512328248196917, 0.03939649117232356, 0.04146097293962196, 0.1255101789763633, 0.24812150760398663, 0.081957446041464, 0.0023319694445291857, 0.009245525253248994]
            , [0.05666239918604501, 0.017608200411893316, 0.010522386554542953, 0.014138102317483473, 0.1673881480696428, 0.013893502381001609, 0.07037711571235122, 0.04651824117796754, 0.01757709138875093, 0.0840762573140411, 0.023877611647594024, 0.03772294553521835, 0.007738925500119049, 0.024101232969095852, 0.034669188227228344, 0.06189644864783723, 0.045655769290434765, 0.0546368231698772, 0.01629297511641225, 0.19464663538246296]
            , [0.051574424952796634, 0.009082482322712726, 0.07171357937520609, 0.04338980498496463, 0.009783808616706613, 0.049809346406500025, 0.0653559569777524, 0.01379323487099028, 0.0630692002675317, 0.029935351259390168, 0.010411765301486173, 0.261802115491625, 0.008347716176167239, 0.05168131861313834, 0.05179566786966973, 0.1089521568325013, 0.06124083462589827, 0.019028266016254167, 0.0024720007925320897, 0.016760968246176556]
            , [0.048403614837421206, 0.008435032066277893, 0.0115613169707534, 0.036715627775458476, 0.008456592679078678, 0.0269221724203377, 0.054248613924365946, 0.016247415355787744, 0.13029408125052694, 0.046600432518172995, 0.013023855308187183, 0.03974095812926944, 0.007728266290244279, 0.07027756707518759, 0.3405313636141106, 0.05202661065028358, 0.042239241311487166, 0.030823527549180642, 0.004155770513325996, 0.011567939760542607]
            , [0.26099997963856203, 0.02550001138105571, 0.013932649304809095, 0.028101970395637364, 0.007849302324985253, 0.07004792795821992, 0.009476466048766731, 0.01437338025023937, 0.024150470906028818, 0.02884686387757904, 0.010758681200808725, 0.043303292334810846, 0.012479630439940848, 0.031063132366446637, 0.019882054239091472, 0.2567297873737284, 0.09201604637741817, 0.04292030204433851, 0.001542807804325618, 0.006025243733207355]
            , [0.10473581160231453, 0.012034199476565489, 0.050606426558404784, 0.05130210127495217, 0.010614649719860548, 0.2614918196568751, 0.01932231074384101, 0.01387183160464736, 0.04948882819177241, 0.03319451066093165, 0.01104632443695899, 0.06151549904544116, 0.014486310931853697, 0.040015843598113006, 0.05268856323392364, 0.11448357214036382, 0.050831089576840106, 0.03451691527249673, 0.003723621863128764, 0.01002977041071478]
            , [0.04841513565500795, 0.009430966813211983, 0.0018378923395865044, 0.003935048169713642, 0.0411685643862003, 0.00511400018096027, 0.003729692246025074, 0.24033899648878124, 0.004891087191492056, 0.2443370831914976, 0.06351577511670775, 0.004460497426815104, 0.0037087655956045914, 0.006023363613268625, 0.00566865891835231, 0.020443490386425272, 0.04041186708367418, 0.24174996917464456, 0.0024031219400494825, 0.0084160240819815]
            , [0.05855689217196952, 0.0061446435799605275, 0.22677184551596513, 0.12144286897678756, 0.007911506120224258, 0.05648144393917668, 0.043494735435641765, 0.01121715832050473, 0.0546303108400391, 0.019076719392265174, 0.008539174513668939, 0.10907640168048581, 0.013235270977268532, 0.05190287560899523, 0.04165843043968546, 0.0868259787240408, 0.05037053722762497, 0.019018180433658764, 0.002233772646963133, 0.011411253455073609]
            , [0.06352442405385972, 0.010518640903820533, 0.005331800643957331, 0.012564156335153565, 0.03200063552910576, 0.008374860220216569, 0.00746134740740927, 0.22952279638172815, 0.02276522288438945, 0.1146787346342039, 0.05224024429646415, 0.011069547328927508, 0.0069854769924202875, 0.01411021775514807, 0.017490153137403, 0.03945955049846134, 0.06889870533117275, 0.27022291929134834, 0.002205353070314944, 0.010575213304495675]
            , [0.0417567712069558, 0.0016523271199338635, 0.3080405232290124, 0.3381507740776775, 0.00212873873332204, 0.030558622106316803, 0.015752118321603288, 0.004183172123719, 0.0365287518524511, 0.0077134571013254645, 0.0035234133007748083, 0.05006379750056523, 0.006534290144696127, 0.0497880050412975, 0.020309563092860854, 0.0431476756202033, 0.026956314087293237, 0.009356111730688883, 0.0005595272583021415, 0.003296046351000291]
            , [0.024029936202332416, 0.003094334422512233, 0.005222315611599538, 0.0219828643935957, 0.0026208789871667517, 0.009735213084662067, 0.022665850099611973, 0.007151335529790953, 0.36657142149036515, 0.01991766469574891, 0.007113401907601957, 0.030138789114080574, 0.0034433210679035093, 0.04995803540256781, 0.3553074885570154, 0.03071481061558884, 0.025898033229281765, 0.00969268998190622, 0.0012220422765723616, 0.0035195733300958255]
            , [0.08671468242757782, 0.0053416236146768955, 0.015713223190549734, 0.03445556646073294, 0.0077107317878476085, 0.02584114129156164, 0.014012167900702265, 0.027731681456755586, 0.03865330384721619, 0.047781889790453544, 0.009044186789409912, 0.02297327227921559, 0.4071693751530317, 0.04105055354647593, 0.037861322347967595, 0.07821851827537762, 0.04979459640729905, 0.04131269794237895, 0.0020292532118006117, 0.006590212278968692]
            , [0.04948130272808347, 0.00367354928799764, 0.3319686320413727, 0.18181670930454397, 0.004416527179064414, 0.04338625731771027, 0.028527715760702257, 0.006899583734805702, 0.04191898463594159, 0.01127050729333261, 0.0054203908760872156, 0.0885444572051708, 0.009099296346133448, 0.045099791599130856, 0.028298632706604578, 0.06398452870571944, 0.036636469430190215, 0.012182517068422011, 0.001087709669860223, 0.00628643710912667]
            , [0.09249129134506645, 0.010019636486774963, 0.02286622580772495, 0.020475408984825066, 0.00667717491667044, 0.03990867365949167, 0.010184572267119007, 0.01868553156641111, 0.03182720637698514, 0.02669689186695484, 0.011036694162982155, 0.06263451865329171, 0.010888913346423683, 0.028872623090453627, 0.02669821683342176, 0.28271047863780246, 0.2536483164606647, 0.036198369921466876, 0.0014802689818380953, 0.00599898663363121]
            , [0.04821171790450915, 0.010442255659872455, 0.032514607674688493, 0.03812475550811706, 0.04050063357033815, 0.017681808490453258, 0.23382911348383148, 0.014874567768936267, 0.04963495865391353, 0.04832072291832933, 0.011904323295004798, 0.0829089387754117, 0.008590538168817167, 0.08447223767259507, 0.07328581856620964, 0.06179172547812632, 0.040939462794036145, 0.02044123433504902, 0.004943610177349917, 0.07658696910441112]
            , [0.02965043976486794, 0.0075906918121565, 0.0028559689216559555, 0.005287067392642455, 0.060504340566924907, 0.0049488535774323845, 0.006430916332485569, 0.1151498326811451, 0.007218448621725901, 0.4922799371421715, 0.084792124843518, 0.005770723709895424, 0.004838670934950723, 0.010933858163305596, 0.008942234003288458, 0.01999086510219583, 0.026340629395906822, 0.0844523917320442, 0.003322491408411428, 0.018699513893275378]
            , [0.025675960381202824, 0.005941451090433794, 0.0014318774329400655, 0.002807338944981654, 0.04655009616516056, 0.003148959191501862, 0.003084480749946868, 0.19035046985733667, 0.0035189686698033434, 0.4424504592600014, 0.08571344562190882, 0.003028770787816501, 0.0029040511133268374, 0.005239200028366116, 0.004431251722459013, 0.009689806826374164, 0.021785936485978784, 0.13266356076734276, 0.00213997773437547, 0.00744393716874251]
            , [0.018479463491591287, 0.008887733826344682, 0.0029268912418189017, 0.0038695844579206633, 0.3680053176115675, 0.004186371728711792, 0.03490467134179831, 0.02737919468755119, 0.004481402763903932, 0.06284622432683734, 0.01752603112824786, 0.006979948377805599, 0.0027610101788689573, 0.0059651797865592614, 0.0062672470586164885, 0.019853983214436075, 0.009362605418986756, 0.027232602577325835, 0.02825486338599855, 0.3398296733951089]
            , [0.0403428441232642, 0.011101115995997453, 0.0011714173272724655, 0.002000768826743942, 0.03124359355360255, 0.003536673047438595, 0.0019120169081704825, 0.2966838134562292, 0.0024196755213591976, 0.18795309819449277, 0.04580033708969743, 0.0025292892043719544, 0.002595889638300915, 0.002867331253990644, 0.002663549919494768, 0.011799832079048396, 0.028143506889876345, 0.31968321619596596, 0.0012497117424584727, 0.004302319032224341]
            , [0.08221269501237811, 0.0037394712307725173, 0.010812411640085956, 0.023497460243714824, 0.004442443505251737, 0.02039513810329294, 0.008099778371420332, 0.010844624007097849, 0.023980093082462402, 0.02834700906690603, 0.0049816847629917255, 0.010279076264934912, 0.5874761822913033, 0.02401083355429944, 0.021086577932855798, 0.0680861002851982, 0.03551618718019859, 0.027179911536094142, 0.0012159924113583826, 0.0037963295173828065]
            , [0.04548096962560973, 0.008574199804265183, 0.005624052120599263, 0.012388981082703256, 0.05036165385551892, 0.007836603859609539, 0.013104471050543841, 0.0817538694603881, 0.03241574646040977, 0.38040972915391724, 0.09318259771394947, 0.010993656207579822, 0.006190920225016518, 0.041076854827267285, 0.03832846702464665, 0.03553004098792094, 0.03970806760463566, 0.06731468527405116, 0.004220126115764738, 0.025504307545603237]
            , [0.026447344832155207, 0.005850258491908073, 0.0011781696255678314, 0.0022599664164291303, 0.040982141064591755, 0.002723058270765043, 0.002204500718161109, 0.29103305898002174, 0.0028273959454739326, 0.31328769815946184, 0.06434666495850813, 0.002667807034145746, 0.002237569448788503, 0.0036417228619377577, 0.0032022466074777267, 0.007426968184053045, 0.02238333213612163, 0.19756121461404377, 0.001587073649368617, 0.006151808001019116]
            , [0.03268659008837683, 0.01266313674191251, 0.006237407276302786, 0.007612962114505923, 0.2173468595456069, 0.007999842982761945, 0.06552873020842365, 0.028650215484729076, 0.00957994691153313, 0.05655646253721771, 0.012175227603819783, 0.017682780087315116, 0.004453216803981637, 0.01276644082139256, 0.014180458474735584, 0.03638847128450778, 0.022227663738286302, 0.033233937962639806, 0.03320369326174139, 0.3688259560702096]
            , [0.08088058115342688, 0.02436413086966929, 0.002976512167736603, 0.006358361601345148, 0.024683564050296748, 0.006811987396781279, 0.0038529001782657856, 0.20756290112544146, 0.006532975233598649, 0.08689537906825677, 0.036832749411597934, 0.006110855131481349, 0.005231277223517846, 0.005972766298826562, 0.00601134244168688, 0.030909349466479455, 0.0594294885763819, 0.39106860209952343, 0.0014209376473307664, 0.0060933388583554755]
            , [0.03873821363171388, 0.00348796914535886, 0.011575329340499995, 0.04062275375331692, 0.0033349848038279678, 0.018266870704900403, 0.021601595527167946, 0.011215125053600042, 0.4118898483115796, 0.025865965526430848, 0.011062232634090556, 0.04763867707437212, 0.005393267626920274, 0.060044832862648015, 0.17498654437046818, 0.04584106024943035, 0.041396617251305425, 0.021878515534954394, 0.0013468215627400546, 0.003812775034673985]
            , [0.4632687733817475, 0.03501158679713846, 0.0076283543766274995, 0.012907004989750807, 0.008259008271348877, 0.06171441804591989, 0.006231024177284394, 0.030391958374372318, 0.009467812681927746, 0.03358150987646659, 0.012598860687394369, 0.01237031185963715, 0.010731245396498673, 0.011153585374638427, 0.009753231881169493, 0.13271566895731962, 0.06439835273145021, 0.06996483670783102, 0.0017006084998187996, 0.006151846931658114]
            , [0.20112217405098862, 0.03938090203738985, 0.005234659300552886, 0.009109468739594345, 0.031108267849786094, 0.03838721756588394, 0.0057286260224897415, 0.10440774069822158, 0.008965794219360567, 0.08478527576050009, 0.04325847102441094, 0.010328578460857458, 0.010269433793446492, 0.009858693572519605, 0.008991641254777884, 0.07621925519403923, 0.08414804824388006, 0.21764730656488296, 0.0024826554763907145, 0.00856579017002716]
            , [0.09356737561687158, 0.009381919232632567, 0.03824115337286933, 0.033718096511751276, 0.006772446117378129, 0.4954635755252831, 0.010730591572988987, 0.008901966040563633, 0.03026555896287665, 0.015079513721687992, 0.006946853220233393, 0.042937307788223945, 0.009439252693325812, 0.02288208908713467, 0.0332586069513337, 0.08124234926257197, 0.03178554128039666, 0.021005234697777903, 0.0024047512112039646, 0.005975817132894634]
            , [0.016021957373662514, 0.003879056880445419, 0.0009512281712708189, 0.0016176334144992542, 0.05181277603165677, 0.002059043520703765, 0.0020084261885789053, 0.15007241347033312, 0.001936760802530379, 0.5576579780586246, 0.0860757304618483, 0.001896549857533116, 0.001830511620006457, 0.0033247464440021046, 0.00268681200424316, 0.005440602828882419, 0.013823511800017847, 0.09029330646962706, 0.0013636082116664139, 0.005247346389867759]
            , [0.018601513134481808, 0.004007066950551816, 0.0008014337458230503, 0.0014282515834331485, 0.03493270772168675, 0.0018128639215217691, 0.0015867015095387769, 0.24406684830491165, 0.001789596483443391, 0.44290665613082586, 0.06470528884440367, 0.001720034062897999, 0.001615110599047978, 0.00266878111598286, 0.0022162988458417567, 0.004519665997820691, 0.015162306729580728, 0.15026729105761794, 0.0010750032844078568, 0.00411657997618056]
            , [0.05137309390301195, 0.016859476388830858, 0.004304653668041693, 0.00637629955969404, 0.19731855438064955, 0.010477046507718307, 0.013405526293400718, 0.08974711316316032, 0.007911977139365617, 0.23833714681242543, 0.06703827219865241, 0.00871335790490632, 0.0059290496319392, 0.010737999885693362, 0.010676021065342272, 0.04095715923026175, 0.038936826683187896, 0.08655681544292697, 0.014376148721474611, 0.07996746141931692]
            , [0.01991153679881077, 0.003916142410893385, 0.0008622408804273933, 0.00143513339921484, 0.028523404275144902, 0.0018310907120431298, 0.001417610001205029, 0.38197946003760797, 0.0015901749330445632, 0.22851006848700064, 0.04577477089900235, 0.0017538470529535081, 0.0015271864680391407, 0.0020676979043186467, 0.0018679235581850597, 0.004694759404308228, 0.017516646223995954, 0.25034890449241803, 0.0009517159374970354, 0.0035196861238894475]
            , [0.11429986489385277, 0.002794971838286579, 0.11967171976200898, 0.1312199780363353, 0.003041307230771729, 0.06306599727206928, 0.023321833876771576, 0.006511877403328149, 0.06652421625923229, 0.011399474468226032, 0.005630309211092413, 0.08467587240045747, 0.007550603414904708, 0.06739926759362688, 0.045805692084204694, 0.154052326120481, 0.07518451218850102, 0.013267240423375057, 0.0007283944881431524, 0.0038545410343308207]
            , [0.03130492183595721, 0.012667648866975087, 0.004242440976544748, 0.005308083932935088, 0.35822370659166375, 0.006930222956521732, 0.025757935322098538, 0.04901373372782337, 0.006962842425456569, 0.12966397099407154, 0.038822389222108525, 0.009028752561586785, 0.004302141421720975, 0.008153881849471583, 0.008665284119106621, 0.030448609989567006, 0.024510718471858702, 0.04598342431129703, 0.033089114705066, 0.16692017571816878]
            , [0.017835675516824998, 0.004969231720489341, 0.0015401128420228938, 0.0029565067151239056, 0.0497818280806773, 0.0029136553850965725, 0.003634499067485913, 0.09303989905852514, 0.004018070728791988, 0.6229337884636557, 0.08187299806773249, 0.0030516424096868784, 0.002927224232077147, 0.006338962073581806, 0.004793952126331993, 0.009942986809710801, 0.015327932857412312, 0.06179661646104531, 0.0020909487938339136, 0.008233468589893472]
            , [0.357537056126354, 0.033045348287251655, 0.006832933266558774, 0.00873090392131969, 0.00538627680438654, 0.06001046192197788, 0.004827586982449848, 0.009063138415693922, 0.007431696590571897, 0.01712805269563699, 0.00678657510778087, 0.023153700352314826, 0.009605262353788224, 0.01028625575232232, 0.007393315416937273, 0.32765952238699614, 0.06788489591945401, 0.03204483939826507, 0.0011294177748788197, 0.004062760525061315]
            , [0.04948752951746063, 0.0061375026003017575, 0.016578120050151135, 0.07371225952118574, 0.00791030334719207, 0.01574466019431018, 0.08211737162461653, 0.01557697181701199, 0.06471311676483622, 0.059020589106646065, 0.034278359339001745, 0.0446514506912995, 0.007567539812668227, 0.31647685347031507, 0.06991009494594845, 0.050533485938831654, 0.04208067108366688, 0.03046160916639467, 0.0025253885768242753, 0.010516122431337331]
            , [0.2366358857424543, 0.04387860348816019, 0.0042672067711074365, 0.006623882342788759, 0.013877100971176077, 0.0374227694679508, 0.004446876502596841, 0.06299086004445505, 0.006369455390290287, 0.05317091612083596, 0.03491321565386565, 0.013238651782711261, 0.007127482585743727, 0.008076703263084654, 0.006421270321284942, 0.14334402079079217, 0.18149369854196984, 0.12830550490375972, 0.0016621441684644275, 0.005733751146507888]
            , [0.023641107646921056, 0.005400159211221294, 0.0013265238663974495, 0.0022723016897363358, 0.018897855191371493, 0.002585567582400223, 0.0019244092228763614, 0.43777323542985147, 0.002846823998351916, 0.09209732051173228, 0.029678378945337393, 0.002732100325403404, 0.002136544153005067, 0.002718561020612402, 0.0027596227369759436, 0.009120750831486744, 0.02453462919784853, 0.33350884857223073, 0.0007627757127704669, 0.003282484153469448]
            , [0.025374460623458644, 0.007889088916440528, 0.000998403467136444, 0.0016128950235458517, 0.011846449487075911, 0.0018817642010382346, 0.001246480763760001, 0.35011714556939344, 0.00196030589836656, 0.0639428270458263, 0.018304959671092417, 0.0020183750070009816, 0.0017051553063150864, 0.0019795367038332044, 0.0019277319442150937, 0.00703582834090476, 0.020571305227360004, 0.47697852509735844, 0.0005111126801771485, 0.0020976490257008725]
            , [0.03499529338413811, 0.007101211867184921, 0.0026836951637261345, 0.004927381974888084, 0.028220158447132507, 0.00444859252737875, 0.003565412303698617, 0.38338541630785866, 0.00631271325701291, 0.11154273437882725, 0.043585220130860185, 0.0052321551451962964, 0.003638581411776088, 0.006038248445876398, 0.0058117644718514855, 0.019055531501507166, 0.043377281776215214, 0.2778410181888078, 0.0013415718500984798, 0.006896017465964994]
            , [0.06834066358176571, 0.0015866375820006895, 0.0892904869704525, 0.23995120362388023, 0.0020069131583416843, 0.021575969793112583, 0.02258301521409041, 0.006211204515500594, 0.16671693227764944, 0.01225719428564514, 0.004935941649898489, 0.05378981862553685, 0.003023584348164332, 0.10335903207348768, 0.0878364479280089, 0.05259108921109836, 0.044423384965721575, 0.01584652988155041, 0.0005513784601077694, 0.003122571853986651]
            , [0.032954660482422134, 0.0028624631129165407, 0.47740545468193024, 0.10079886072972197, 0.0031978669718283, 0.038284594779330924, 0.02651324549681067, 0.004851626287418943, 0.029157866248414183, 0.0069680937705237, 0.0035419624242565427, 0.12509444179921156, 0.005294447485384826, 0.027055760863058144, 0.01832929569082695, 0.055485336037513606, 0.0290116495394267, 0.0076102610076150025, 0.000862240130035525, 0.004719872461353798]
            , [0.05000911419070013, 0.015446057306769142, 0.001647922046887808, 0.0030722372983707845, 0.017143877368218, 0.0035455435936896378, 0.0020937158814617277, 0.26203353911717087, 0.00310694157896388, 0.07408912142870645, 0.026051283706285122, 0.0031697089439540146, 0.002811128270281876, 0.0032485265983942203, 0.0032213706816151167, 0.015493996696637332, 0.036651579076830414, 0.4727063216907993, 0.0009147711197100099, 0.003543243404553931]
            , [0.5809952259335701, 0.027013722266564198, 0.0033410985275294024, 0.0055239728064665145, 0.0039150910824423514, 0.06268052060882728, 0.0027916577582983047, 0.01339178280033211, 0.00445709710292708, 0.014156672932666006, 0.005179020474221337, 0.006476522509984602, 0.006071761655768799, 0.004791849359507658, 0.004433992269225357, 0.1684977941135747, 0.04626078318066727, 0.036392042578883864, 0.0008529290674306924, 0.0027764629711118974]
            , [0.010427648539800712, 0.0048633297551496585, 0.001771317896119166, 0.0022751582781809897, 0.36599115834527274, 0.002521090918884552, 0.028003247359344598, 0.014237916909209971, 0.00255752818472982, 0.03627744357736404, 0.0068451740530739045, 0.004610499129537994, 0.0015353256649587898, 0.003573084918149794, 0.003257378280136696, 0.011793904374412417, 0.005647620728492374, 0.01597539017301062, 0.020117563732781084, 0.4577182191813901]
            , [0.02763641172800012, 0.010611607300638716, 0.001946283163810116, 0.0027551568993845177, 0.290320618016897, 0.004851603711400747, 0.005532592924155799, 0.07552238990418916, 0.0035357191020725896, 0.33211631392379964, 0.06629114821268196, 0.004153285937407061, 0.0030823514184599595, 0.005095610117774542, 0.0044743153604279665, 0.018459715741511288, 0.019283474725480036, 0.05817392967131422, 0.01090405199026797, 0.0552534201503268]
            , [0.03819890244762421, 0.010072397643594846, 0.0014078719484592287, 0.0024848452382395026, 0.1324955818082959, 0.005841932338259641, 0.003536406410194508, 0.1702345937892718, 0.003127920782575816, 0.32818911282908414, 0.07117179297496619, 0.003258352807435713, 0.003169565938507115, 0.004192334975889778, 0.0039660605027023454, 0.01903083163807593, 0.027483460168494372, 0.1379684186689813, 0.006074226238014086, 0.028095390851333592]
            , [0.06480893383723463, 0.008715915480924121, 0.05643861807611985, 0.02844174813519428, 0.005045357978313551, 0.062419622437543246, 0.031265647060882466, 0.008294428213957277, 0.03854719884115372, 0.010995277458496504, 0.00590376492730846, 0.21541528354231707, 0.006802175836917517, 0.03372499317199619, 0.03051620116186779, 0.2777318607212028, 0.0955967412641012, 0.012244302033032995, 0.0011537783423409863, 0.005938151479095532]
            , [0.021003883080256212, 0.003619841860313918, 0.0006280964548805391, 0.001107151248465139, 0.00905966030977849, 0.0011792303013271437, 0.0007993529185617921, 0.3320029674214761, 0.0011014807271374973, 0.061358983698973336, 0.015108943071071792, 0.0011160721726382805, 0.0009693910335156074, 0.0010699183842785478, 0.0011758722929927467, 0.0030138934645954326, 0.013598960635570144, 0.5305096903338852, 0.00035866270279450016, 0.0012179478874873812]
            , [0.03488024098436683, 0.00397095544541058, 0.25621402138557714, 0.05561775244962413, 0.004073859066675741, 0.05195198890715856, 0.034854396627979754, 0.005987621789849579, 0.040211590164229004, 0.00783913956563128, 0.003885635984763647, 0.2892796321302207, 0.004737307040578071, 0.028320955240888377, 0.02660407112130672, 0.09684756036452648, 0.040417686624119056, 0.00749491374344237, 0.0010555438670559764, 0.00575512749659603]
            , [0.01508358181919166, 0.003211031983125892, 0.000719841547840597, 0.001300000660925529, 0.014844171779551156, 0.001431441067936636, 0.0009867373334124555, 0.4965997793441952, 0.001413246884127519, 0.09428646836041532, 0.025266195242550447, 0.00152405469520849, 0.0012279131243182902, 0.0015371209072570003, 0.001469879827402185, 0.0036650980367579733, 0.014587840108104117, 0.3183765036912602, 0.0004502560421168393, 0.0020188375443026037]
            , [0.015782512506948166, 0.0028786149754843754, 0.0006034984693623007, 0.0009689744373773875, 0.02704402919872423, 0.0011826956608951692, 0.001039058795809759, 0.3285371479159846, 0.0010791040510307252, 0.35861787541881285, 0.057951313896191535, 0.001180227612283663, 0.0009851769169463634, 0.00160343419148033, 0.0012707358495947607, 0.0031066952920051354, 0.012269133234617424, 0.18069219688262672, 0.000669431537708419, 0.0025381431561161327]
            , [0.12256148555989714, 0.04525325563296561, 0.01502485099005985, 0.011518069781731522, 0.008609913436134443, 0.050530291307822085, 0.008894854689373614, 0.01115632722263032, 0.013795869698953031, 0.02439184551746335, 0.007558798038177479, 0.04995349571717297, 0.011638928693092765, 0.013713348432218761, 0.014787516926839755, 0.44704717746402145, 0.10562275119191882, 0.028710220532332003, 0.0018225998417168785, 0.00740839932547807]
            , [0.05209993751917939, 0.005127944348181117, 0.03349417109055431, 0.02489315917517715, 0.0036800666871970493, 0.6735527959833149, 0.006987273599853864, 0.004543856394986726, 0.021912804445382968, 0.007381097840258101, 0.0038542274810960116, 0.036176082122130665, 0.004839602522750252, 0.014875890509254364, 0.023495400777017415, 0.05233278329901074, 0.01805253396961229, 0.007899671456367207, 0.0014246585676697928, 0.0033760422110056263]
            , [0.02818605597597933, 0.005428054643213859, 0.005754832629735696, 0.016977745730949477, 0.0043225094685412765, 0.010900291331217105, 0.03652259663750036, 0.008916987903777169, 0.1457168041681822, 0.026447459626522646, 0.007468202135144985, 0.025322447345537093, 0.00435469196917277, 0.05153496316874734, 0.5454426048643729, 0.03184554860207776, 0.02428380061875932, 0.011868878023914065, 0.002622071039162745, 0.006083454117492002]
            , [0.3257207893991195, 0.03216809471541599, 0.007799385938186451, 0.010716004688584971, 0.009806100951106357, 0.26537392483312583, 0.005549948772191199, 0.020546600325992766, 0.008640664727114415, 0.030272871001897947, 0.009819123408296505, 0.018915273082182514, 0.01076089246749976, 0.009594697895078911, 0.009214469349502062, 0.12766540195836504, 0.047015117306053816, 0.04276748706400827, 0.0021082980914896325, 0.005544854024788036]
            , [0.05406480599722163, 0.004158664930210169, 0.015267165794312709, 0.011886879016486102, 0.002380009197320805, 0.790319391592383, 0.0034736275661389213, 0.0030181267759017204, 0.010377521692570238, 0.004917971928404599, 0.0025199094460778065, 0.017908801068058353, 0.0027246051537553524, 0.005138155077429672, 0.012365610417170181, 0.039105826798505036, 0.010991092322722563, 0.0065531587632324684, 0.0009119314439430265, 0.0019167450181556776]
            , [0.03509650576698484, 0.0010334739174872652, 0.26542343391578155, 0.4904140732634888, 0.0012606775805908263, 0.019225688521012974, 0.006115923360538398, 0.0029819327734629387, 0.026326147344611025, 0.004895398106871556, 0.0024798241265245797, 0.026742868046961556, 0.0030895173716040357, 0.049144068260310265, 0.012089553075335512, 0.026300256341242806, 0.017061858849910946, 0.00812481197522551, 0.0003231492450478583, 0.0018708381570068388]
            , [0.06697372609233944, 0.011792047573528277, 0.01499574735610975, 0.00816073808904518, 0.004519302102955905, 0.03102702821338883, 0.005578917806377423, 0.009116870649329529, 0.012112483389356289, 0.015016927266391575, 0.006868438207978042, 0.04125551036130892, 0.009121102199213412, 0.009169718856172456, 0.010014043532790638, 0.4078302774465748, 0.309612845532302, 0.021908436004710975, 0.0011202347916777753, 0.0038056045284485997]
            , [0.042888983466295334, 0.008059402964973109, 0.0005914855857203968, 0.0010352316438204676, 0.02035296491361109, 0.0029185282946583247, 0.0008328318429339939, 0.2988565400553628, 0.0011161197713022305, 0.14526719238050292, 0.03711083222598093, 0.0013839341279257573, 0.0013151405717599788, 0.0014538041970998993, 0.001357582717526185, 0.00912514674857894, 0.025959899733343655, 0.39761079938352406, 0.0006895457754643784, 0.0020740335996154496]
            , [0.15589416461904732, 0.03249905826994934, 0.0016012807679934916, 0.0024717375013299262, 0.05364687564430105, 0.03690652302881207, 0.0020600022420771266, 0.12759891702153994, 0.0024931402784614223, 0.18880920320085254, 0.05929390714717585, 0.004023919136071732, 0.0037773452985656636, 0.0037097407486976824, 0.0029435514747247257, 0.057575083426587716, 0.07292647863863402, 0.18309564441460932, 0.002975558117856575, 0.005697869022712318]
            , [0.26216022499211433, 0.0514693026319732, 0.002456328453130384, 0.004052759751338538, 0.011831473882613441, 0.02681186942820401, 0.002919518534823044, 0.09931651612546659, 0.003855153929591328, 0.05672082693820891, 0.027021640760584092, 0.0050467818969453715, 0.004561680098648339, 0.0045244530008201255, 0.004126057525561593, 0.05842502095634577, 0.07350046947627387, 0.2961725595117909, 0.0011438719498742696, 0.0038834901556918785]
            , [0.019365988761452842, 0.0027115408323560362, 0.0004644258650923479, 0.0007517411256492022, 0.01966862377077621, 0.0013017324579657128, 0.0006933129048628547, 0.37907601545328345, 0.0008032879459514282, 0.19985327349568605, 0.03529822270623885, 0.0009620482274355555, 0.0009519046091739123, 0.0011520517338058553, 0.0010136653291669627, 0.0033527566398151537, 0.014607708813821946, 0.3154407683295167, 0.0004899381887770269, 0.0020409928091719492]
            , [0.019422387009255762, 0.006637328030603338, 0.0018836093943851112, 0.0023899900316895106, 0.5085045253017636, 0.0038587965287308875, 0.006703709560084845, 0.045458528246426114, 0.003000582722350113, 0.14524114326689955, 0.03341190877593088, 0.003895051257929127, 0.002265024163191849, 0.0036170152382712464, 0.0036383282457381053, 0.015471635917324438, 0.012811097468309397, 0.038821359895789415, 0.019847659538919024, 0.12312031940640764]
            , [0.01105375361671335, 0.009841113206462863, 0.003096063087741292, 0.0038111154678562163, 0.19099420089057453, 0.003558371854741989, 0.06787076074080911, 0.00901090462655157, 0.004389246502967735, 0.03001681250470301, 0.005368398224541909, 0.015974073954454403, 0.0024291968718859677, 0.006019372590704851, 0.006961758210359434, 0.016953308787357672, 0.007304313089667293, 0.0151671880505454, 0.020937823882985443, 0.569242223838376]
            , [0.03700452835819772, 0.001888098569612374, 0.12681880868345552, 0.5498091079925085, 0.0026995376590563864, 0.019225088413534132, 0.009364147995080887, 0.005802220845043288, 0.04120257702332091, 0.00975568247209577, 0.004730806545919368, 0.025241882980837835, 0.004330549947220359, 0.06992863207632534, 0.020822718258419158, 0.027066986680746447, 0.022637405842329972, 0.017693530101001435, 0.0007709073489102266, 0.0032067822063844586]
            , [0.30492015304201986, 0.042467075122691225, 0.0028964983891850895, 0.0037877681548990575, 0.007254155545093718, 0.04507954764761115, 0.002759370517573922, 0.031023927245851977, 0.0035913042761183734, 0.028354009748759956, 0.018775640521364073, 0.011348734252546205, 0.005854779796658917, 0.0048766793706546945, 0.0038619755382880163, 0.2192101259230453, 0.1887644078120741, 0.07055154505650787, 0.0010583155560041893, 0.0035639864830524113]
            , [0.010400272284388383, 0.002077894091553452, 0.0006711808833888382, 0.0010305018138359885, 0.027844304059908037, 0.0011755802687379044, 0.0010328220898003766, 0.15450050711808708, 0.0012760986397875882, 0.6378908445425803, 0.0637687774797447, 0.0012066259199976224, 0.0010653097546751706, 0.0020337775739407136, 0.0015593469274746883, 0.002820797539432422, 0.008672965475437272, 0.0776618101790398, 0.0007065541574587568, 0.002604029200730917]
            , [0.008168175215455691, 0.0025939378408470675, 0.0007993920357388037, 0.0010936450960656575, 0.05684854636426627, 0.001235793674334203, 0.0018581599524852886, 0.07041106396253953, 0.0014369024081243428, 0.7361492557132894, 0.052379309419006044, 0.0012669278677175518, 0.001654377023245905, 0.002371421244585849, 0.001979330718319148, 0.004480008865199599, 0.006486483208990609, 0.043592092895924264, 0.001329211665068025, 0.0038659648287968566]
            , [0.1349643821740506, 0.021545777445288287, 0.000912696391456744, 0.0014362269050163425, 0.024736937752622645, 0.018422380088921785, 0.0011415741094612534, 0.2079502436747107, 0.0012583760036969426, 0.11423623297736273, 0.03697733493433514, 0.0022018650797472864, 0.0020821199999854793, 0.0017186344340126842, 0.0014733557697186649, 0.03171599892176862, 0.06344430605186374, 0.3304334384292288, 0.0009092150463834531, 0.002438903810368151]
            , [0.048079322661200415, 0.003985392328662079, 0.11927360795700213, 0.07392202376028595, 0.00432450623772743, 0.2638036222607455, 0.03488219178077533, 0.004702327199874375, 0.06584338729294852, 0.008901521250538846, 0.004891495052771977, 0.14164382922779803, 0.005616534852675467, 0.045390396096656856, 0.04877748851846969, 0.08192549055557717, 0.029855289963386548, 0.007596251600673288, 0.0012518324661618036, 0.005333488936068788]
            , [0.07043289672798073, 0.022598435339018945, 0.003952197311774814, 0.0075216115483206945, 0.010302838030599958, 0.007872171701825055, 0.004451450486401558, 0.16595014009471987, 0.008598240300380419, 0.06738767621903725, 0.04150039939428887, 0.01785211824702784, 0.004113228590817454, 0.008638380485994412, 0.0076519063841201254, 0.06228772712951472, 0.24586077425039068, 0.23658085987547792, 0.0014819608705774897, 0.004964987011731107]
            , [0.029542402940595288, 0.0022660654233978288, 0.009734436063349294, 0.006933864717470084, 0.0013685502876271652, 0.8774236992317058, 0.0020483758190896493, 0.0018010520825821304, 0.006603587707393896, 0.0027985276313319614, 0.0015647731746163875, 0.011581499846511295, 0.0015319619412569865, 0.0030532401001287573, 0.007680444247094988, 0.02300507805883561, 0.006004575589517798, 0.0032715122863268948, 0.0005778614364841881, 0.0012084914146839663]
            , [0.09653874329391382, 0.019302303095769916, 0.0006460300015444269, 0.0008519128072360959, 0.09398677469784834, 0.026933716158499838, 0.000998742272853106, 0.17378168753761983, 0.0010354484886488913, 0.2572639682627178, 0.04788319953208538, 0.0014706888345747506, 0.0026079343607793583, 0.001471351587800696, 0.0012629085592641084, 0.027477284211508423, 0.03868671332790091, 0.19898587828003186, 0.003283913646793853, 0.005530801042608384]
            , [0.06692618745553143, 0.016170763446384014, 0.007971405863924457, 0.013745117235248199, 0.0063740697796019034, 0.01871690894553679, 0.006832311864611133, 0.03763045463020121, 0.02545116736984525, 0.031594862276664304, 0.024475865408673244, 0.036402574706720744, 0.006257843772522775, 0.013244468701695091, 0.021152945930420747, 0.14129682559088774, 0.46819400783064313, 0.05133232048512753, 0.0015023000193814262, 0.004727598686379042]
            , [0.05571965579329518, 0.011775165068561997, 0.00037471264088948306, 0.0005361608875236156, 0.07779505634325257, 0.012496597561099013, 0.0005959682905903092, 0.2397874393620255, 0.0006058044831047412, 0.2813620361919005, 0.04416887583978852, 0.0009610203404042136, 0.0017365928078114426, 0.0009862909853853527, 0.0007512505355066541, 0.013892958073518796, 0.025493640072595174, 0.22570674179124312, 0.0019511937931734433, 0.0033028391383303625]
            , [0.18585068739752095, 0.015423168574740314, 0.007508840276317981, 0.007059105923857409, 0.004231456658601861, 0.5840629670669467, 0.003845381830164789, 0.005584394693683328, 0.005831770654671964, 0.011163736343549922, 0.004520312502889085, 0.015506581207848829, 0.004979102304773032, 0.005687724559519357, 0.007029291896385595, 0.08663293911342818, 0.02323024387872127, 0.017560530236590034, 0.001228304439236016, 0.0030634604405534063]
            , [0.014265499665389932, 0.0036379206138916578, 0.0009854976250463334, 0.0016269452003953272, 0.03777596899694934, 0.001907950573329513, 0.0017696387331802036, 0.07407454550619666, 0.002416743422677348, 0.6322934976314473, 0.1568926585960653, 0.001959181069642816, 0.0013785811952536212, 0.004108443909431733, 0.002286883171238814, 0.005982501303381667, 0.011696477861692553, 0.03967286633296477, 0.0009813708366981386, 0.004286827755126858]
            , [0.01830576350338833, 0.004991005302296613, 0.0011618393752601316, 0.0017990749153917213, 0.16451680610667344, 0.0029426312093258386, 0.0026981682309903336, 0.0754347111635722, 0.002029732827647594, 0.5248321764145453, 0.09576086543753759, 0.0023580928870182384, 0.00196709130616818, 0.0035610613989867875, 0.0025780645187797385, 0.007464793443311943, 0.014097843771751781, 0.04486345192815054, 0.0038774749476233783, 0.024759351311580458]
            , [0.4228789052956875, 0.02980772032537831, 0.0022559671046561936, 0.0029173168830464616, 0.002989879866883989, 0.042358351442318865, 0.002167615880950761, 0.005174768762684055, 0.0026219792881511514, 0.008002555836103719, 0.003780150312363102, 0.010652988044956655, 0.004338006212410485, 0.0037321066841568434, 0.0027215001776871935, 0.37179286576956644, 0.05700378534230722, 0.022190383366607933, 0.0006194599289547197, 0.0019936934751283073]
            , [0.05719160191286137, 0.002111898865593423, 0.004775424366863445, 0.00964748672119583, 0.002933570895774997, 0.012430330011026463, 0.004550461497448065, 0.007022588869393051, 0.011274773465511203, 0.017057250872546278, 0.003034067673854292, 0.004783133115284963, 0.762291520178542, 0.012047351329248094, 0.007196958972524741, 0.0407343842072588, 0.021135951423702684, 0.016704616263810434, 0.0007343604454553154, 0.0023422689121045644]
            , [0.02771679831567265, 0.005727351799738311, 0.002403360938275382, 0.004364357744987927, 0.05123403612874347, 0.004219222952887793, 0.004148080473045459, 0.07531500721224191, 0.005731925912132363, 0.44547788482886697, 0.23191045526492113, 0.004759642245560274, 0.002775830163421305, 0.01681922194945176, 0.006715692825575954, 0.019135520030372853, 0.025775715242966134, 0.05233997319907377, 0.002393585359710656, 0.01103633741235359]
            , [0.010869320899733527, 0.004323072982599231, 0.0015264150559389364, 0.0019079186175789736, 0.5519996397666636, 0.002413531419365344, 0.015243320046020501, 0.021139050626539327, 0.0021647744332810295, 0.06043497311064667, 0.016110019865028715, 0.0032462828255666347, 0.001470234422519911, 0.0027208043323654093, 0.002897257833852035, 0.01098084710976264, 0.005091111692612131, 0.01950909139986772, 0.021330945780758847, 0.2446213877792989]
            , [0.0077768288701436745, 0.0029463368831215237, 0.0012572086198536275, 0.0015036789437726946, 0.2594413363450377, 0.0016803289055402943, 0.028792210799618783, 0.007813009967042348, 0.0017544951131451784, 0.01902485663149846, 0.0030681559731923786, 0.0030018627655992863, 0.000995435390367576, 0.0021537429109847184, 0.0022440539388183934, 0.0073995009603423575, 0.0033867093895507097, 0.008752168181950485, 0.017890178402524267, 0.6191179010078955]
            , [0.05944699208331339, 0.0016079762635920682, 0.031492053584494056, 0.10016040406720633, 0.0018254671227406212, 0.011016313460956748, 0.026196980725261977, 0.005648689007232493, 0.2728866765233375, 0.02057388463334919, 0.005276004091780168, 0.04038558515785168, 0.0019893821641453393, 0.1462625123756499, 0.18197423601929222, 0.043034379508765284, 0.03723747927595912, 0.01010175052730787, 0.0006308500405486792, 0.0022523833672154414]
            , [0.01308426519891176, 0.002300666518109705, 0.0004245376806248822, 0.0006070325255940789, 0.011228533864535978, 0.0008047971739006871, 0.00046441346383117047, 0.4506404412443163, 0.0006176279383017594, 0.10202087669048045, 0.01783718517306718, 0.0007503898649689717, 0.0005477291154476061, 0.0008612194966748453, 0.000702358180595171, 0.0018670317415540464, 0.008894544435062034, 0.3850038942220878, 0.0002346420988204423, 0.0011078133731149877]
            , [0.09630649431393193, 0.3001927794375878, 0.009569445553310766, 0.010065070229498705, 0.04143429674593182, 0.041429068152011916, 0.01249639914430211, 0.040346300500300344, 0.011536263203112181, 0.05645367786855057, 0.020436746004580685, 0.03588292940379022, 0.00793392916318273, 0.013104044421836972, 0.017604167278647352, 0.12331237052505145, 0.06461159478808198, 0.06601933701519212, 0.004826781430855037, 0.026438304820243383]
            , [0.06562583897160366, 0.01091548778511481, 0.0054259879420799585, 0.010355733879989252, 0.04060520693518355, 0.012571601379938773, 0.008547217780289473, 0.08050598084337746, 0.02768328932966032, 0.18010381031992662, 0.27527191534585543, 0.01419805253300215, 0.004663379286381364, 0.04379967112112344, 0.023838299482435637, 0.04892382361656586, 0.06542751319476828, 0.06805287896910046, 0.0031189323112236584, 0.010365378972379893]
            , [0.03167449158235627, 0.005178085146267448, 0.05431136758019011, 0.021428178593212024, 0.00519427338488469, 0.03202806032492942, 0.05383877964425735, 0.007337381454523712, 0.03850399964456036, 0.009787087280491132, 0.005211960898293339, 0.5132279418653158, 0.00411604219424246, 0.027522256509053586, 0.028693522670187023, 0.10182100609345797, 0.04062443193663405, 0.009580521775469367, 0.0012443643693050527, 0.008676247052369043]
            , [0.02931386524494988, 0.006751735783099944, 0.0007612787725351934, 0.001078719464049362, 0.19880140878027458, 0.0041753830792078854, 0.0014581038967006075, 0.1838253866933605, 0.0012491250745076288, 0.32563938576826607, 0.0569707883383902, 0.0015767745348049978, 0.0016472568420263863, 0.0018514676989975429, 0.0015426034841824743, 0.011196022033873635, 0.01808313092549456, 0.12313248883687032, 0.005477310377767606, 0.02546776437064071]
            , [0.5284135336633008, 0.03827043475052001, 0.002451855680533747, 0.003936645398549128, 0.00500534879633697, 0.04588741303771052, 0.002652280191877648, 0.03540558542881926, 0.003455025999950324, 0.029024372980167218, 0.016021688786969822, 0.0044525100753915175, 0.0040521632857847415, 0.003937758812213155, 0.0038541981219461555, 0.07929114945483605, 0.06772423267889853, 0.12217635803855449, 0.0009557811039731295, 0.0030316637136667945]
            , [0.7188167313655954, 0.017625125371458644, 0.0013873557599290043, 0.0020606143126394518, 0.0016263955367506826, 0.040877949827611906, 0.0012329995660756746, 0.00798810515764682, 0.001773826065419749, 0.008142831838708765, 0.002963146723967009, 0.0026129553809301053, 0.003006772605393288, 0.0021512151552689307, 0.0019372174001474416, 0.12192633762378376, 0.030943689438911813, 0.031277194247551904, 0.00043520825469156235, 0.0012143283675178098]
            , [0.029248224937614895, 0.0014072558534148998, 0.4901000660672473, 0.2531123530002826, 0.0017950713301071455, 0.02486207661271735, 0.011691293601451538, 0.0030701428136880155, 0.02168531043075831, 0.004624521002272789, 0.0025021963399792435, 0.05397844877919781, 0.003574253117419223, 0.030636985646567295, 0.007151650307339778, 0.033623479899634386, 0.018570326966227457, 0.005287276302751815, 0.0005065624248428588, 0.002572504566485076]
            , [0.04020249074181561, 0.005286653043678183, 0.002025547388777914, 0.0036262537723895276, 0.035578086120959966, 0.004806729760126241, 0.0031252035622598598, 0.22165911005026195, 0.004852645829090426, 0.2209451053030291, 0.2148344797751079, 0.004904516337538152, 0.0027352012912120263, 0.007200074329117068, 0.004987023210147086, 0.022586442253804698, 0.043750403729824125, 0.14943076156586985, 0.0017623799457656191, 0.005700891989224742]
            , [0.4668909104308575, 0.023284686688490045, 0.0029256447223542158, 0.003905894732097757, 0.004411085510220092, 0.28176821830976634, 0.002469074012116912, 0.014160196120368456, 0.003086460856329015, 0.017171670909344013, 0.006521504954286376, 0.004797302184325217, 0.004559049114445933, 0.003806292057373782, 0.0035210729782520784, 0.09248622943771048, 0.030001708394829345, 0.030678531731988052, 0.00101446573958626, 0.00254000111525825]
            , [0.016621284529709308, 0.0018873041985234035, 0.0027765989047922528, 0.013259196735506549, 0.0015628193198215052, 0.005287306924245057, 0.015745239201897288, 0.004259159411185292, 0.3727553600115182, 0.012919409168807175, 0.004455728393831238, 0.017525062794410823, 0.0016722497877981752, 0.036503895819717296, 0.44627687526775006, 0.021818972887554734, 0.01672311987324819, 0.005149212310964912, 0.0007017425514269678, 0.0020994619072915986]
            , [0.04844033807276872, 0.014517667313836422, 0.008287457854916762, 0.010940170530560619, 0.0998843483765257, 0.027169659546667974, 0.01830604243505588, 0.04109933340671685, 0.015116420606876325, 0.08074168904484631, 0.03114925466272018, 0.01372330431820817, 0.008495723871185999, 0.015277398493125887, 0.03901790536484384, 0.04686505214855647, 0.03379814901003389, 0.04478243826504987, 0.31797960383787854, 0.08440804283962554]
            , [0.01906114140823511, 0.0017769101262620978, 0.6598678847150572, 0.07920268706393357, 0.002039963165634167, 0.02352294157945633, 0.016499630698112604, 0.0029761940271727854, 0.014204289267216797, 0.004166302021832789, 0.002091361369455895, 0.09369409363602334, 0.003285697392996708, 0.015731271114257074, 0.006439264759665874, 0.03207674869117669, 0.01532151876563103, 0.004671662355560809, 0.0005400585862328734, 0.002830379256086394]
            , [0.11708303101355702, 0.005380322598242825, 0.025374798706802225, 0.025674451672719995, 0.005302439474925209, 0.04062002679309978, 0.011376671009088296, 0.009378576545318821, 0.02508480809250654, 0.02836759295271592, 0.005763389999520141, 0.03520845661502895, 0.2663358159702973, 0.034301984708591214, 0.02333494003533614, 0.22262500412324565, 0.08605693432149888, 0.02720695169286395, 0.0012325717811505982, 0.004291231893490288]
            , [0.06265196940989361, 0.013990970338124256, 0.0009130012718730346, 0.0012590345651274744, 0.008138003430060138, 0.002152316826646966, 0.0009541472742118757, 0.19401130279395287, 0.0013283882801767948, 0.04506490228696926, 0.01546022444068962, 0.0016101581968469628, 0.0013196217422932535, 0.0013703365860594388, 0.001383235537136855, 0.010145238777921109, 0.02855341129389937, 0.607890898660612, 0.00041546225382439663, 0.001387376033680644]
            , [0.009423592051095102, 0.0024018008534855907, 0.0006451408607860587, 0.0009208593186882056, 0.007529095395015266, 0.0008730852442132294, 0.0007281131833584561, 0.5661875584346989, 0.0010308780930944016, 0.040776691355315, 0.012049056653386755, 0.0010760530979162127, 0.0007997850610359452, 0.001119123654433284, 0.0011300967524478906, 0.0033118373434069645, 0.00999648956062559, 0.33855340882387935, 0.000286590376863353, 0.0011607438862544974]
            , [0.1281949587712843, 0.009890441478023619, 0.03205302445168116, 0.02450755169370439, 0.004726522714208859, 0.27091866949071763, 0.008045756939030677, 0.006395612555642917, 0.02273884098544519, 0.009222228396046892, 0.005611622477246185, 0.05827140146170494, 0.006256840944668704, 0.022993962290357304, 0.02452736475619056, 0.2850783951825964, 0.0629649340284331, 0.012163846132272026, 0.0013548420046168895, 0.004083183246128288]
            , [0.03999163874070102, 0.007460838915289247, 0.006438296865855766, 0.004795965449822941, 0.003378802528242662, 0.014841103421006913, 0.003657831897471336, 0.014704161650073681, 0.007277194523160601, 0.013756840416792778, 0.005907253502338775, 0.027401532831409257, 0.003923909396923992, 0.00509792053102393, 0.005906115765906761, 0.2488749336211997, 0.5620917059666439, 0.021057234151110514, 0.0008025847645243716, 0.00263413506050185]
            , [0.272200254275056, 0.007144000910740506, 0.007781229636091805, 0.014911845150870358, 0.006255761250455452, 0.042157036886635156, 0.007159244826171872, 0.030178612018701825, 0.01278637629024879, 0.03404765940122949, 0.007948079741791219, 0.010536133556575317, 0.2969935403547601, 0.014720733702821944, 0.011417591993197808, 0.09691922852183046, 0.0590035444898383, 0.06118571952098843, 0.0016156547192391333, 0.0050377527527560445]
            , [0.14938276417283006, 0.0008258477797789917, 0.14605327473714685, 0.3232648794376772, 0.0011591017497935374, 0.027156184658036354, 0.0068134569580553805, 0.0030637839002215206, 0.07783267353861403, 0.006339748948105176, 0.0024545033341825694, 0.037124000170700715, 0.003535492385178292, 0.07897591363007168, 0.038273405102548466, 0.054912563137098164, 0.03259099753053826, 0.008463962926382558, 0.00038614120368071, 0.001391304699359649]
            , [0.021495318132534257, 0.0012488329053747839, 0.005032668960255261, 0.0021031299277330146, 0.0008471394620696095, 0.928934270655403, 0.0013019110883156786, 0.001052539836024416, 0.0019862839124636157, 0.001724697262277398, 0.0009693182423381468, 0.006495744349154797, 0.0007382362572918573, 0.0016145234204716918, 0.004045323263468919, 0.013797939391479858, 0.0036844253837552484, 0.0018741999097402968, 0.0003127055583759019, 0.0007407920814722406]
            , [0.32551490845416375, 0.027568208117767508, 0.0033940273030531785, 0.003772173887549016, 0.004451135239545956, 0.20710839954031435, 0.0024089863633783982, 0.006927154976309724, 0.0028363254277729826, 0.011617268001804244, 0.005358577586455203, 0.016718976410473547, 0.004553040391884936, 0.00461001542605383, 0.0034433689928269405, 0.2877228982856705, 0.053783550352950626, 0.024698461443693014, 0.0009520217367310307, 0.0025605020616012433]
            , [0.02124055559862022, 0.0017624653722652305, 0.0047360421077835965, 0.024673804413921776, 0.0018060014074233297, 0.006603759444258354, 0.011147639174117414, 0.006173159520333912, 0.5715524544629195, 0.015764706265827478, 0.007322682400353971, 0.027906396756883788, 0.0029424456652617855, 0.039535596609847026, 0.20106798625061892, 0.022699848930669852, 0.02293354619290505, 0.007291009952161873, 0.0007326521964727648, 0.0021072472773544623]
            , [0.27020176524758727, 0.0018977263996435986, 0.04991873279626383, 0.12865013116024962, 0.002300281385849037, 0.03833071797565503, 0.009937503382500984, 0.005715072040454521, 0.12207498516246788, 0.02096477143090206, 0.005011719507908739, 0.038464226697279905, 0.003833518696221222, 0.07812042423321242, 0.07158879649863135, 0.08127005597417897, 0.045144457029253286, 0.02335966067890591, 0.0006729811179783615, 0.00254247258485572]
            , [0.02106753781413924, 0.002763765881173422, 0.000388709344701832, 0.000581753576112591, 0.09768988463159488, 0.002226640414705116, 0.0005751802534455492, 0.16938657634819534, 0.000541350393686653, 0.4943237059918487, 0.078438478011384, 0.0008466175247263878, 0.0008248296984142291, 0.0012261173135308249, 0.0006425457565381166, 0.005386339905639809, 0.012856623915620964, 0.10116953875878673, 0.0015163822753561714, 0.0075474221903996325]
            , [0.5691297987929969, 0.01977044211319661, 0.001454519890305071, 0.0018841979839017064, 0.0028073572177623783, 0.13917249409374094, 0.001075473645674071, 0.008420768737759557, 0.0014918381032833165, 0.008997654989979358, 0.0042134892394259955, 0.003223463322661946, 0.002934028166908992, 0.002137206347373212, 0.0016022302589082172, 0.17383406655311506, 0.0329109949742008, 0.022923789218675796, 0.000555211497449008, 0.0014609748526811077]
            , [0.030940909655401787, 0.008779470689429091, 0.008035832370795488, 0.00916612634795586, 0.10024529347181753, 0.006634829366855455, 0.2725106013418916, 0.009060181190062343, 0.011721999483560746, 0.03702243683981754, 0.00666694734198225, 0.05025363873778906, 0.0037254062145156267, 0.03608085626417756, 0.035691830313858086, 0.035666232637114346, 0.01542224927611936, 0.013642730035097554, 0.006120666416708852, 0.30261176200504974]
            , [0.12327184760748264, 0.029546046428112614, 0.008566530966778597, 0.0054964021587554, 0.004133527208069449, 0.04741093750523392, 0.004664971406783222, 0.0054068378665757385, 0.005815508246898645, 0.009354761911278873, 0.004458481681800357, 0.029871795724959748, 0.0062132365877837215, 0.006009526483911523, 0.0057652738233047035, 0.591570596239509, 0.09219176982726013, 0.01602817031930943, 0.0010415723751503643, 0.0031822056310418165]
            , [0.028668776047961315, 0.005520772175451519, 0.02680517218651272, 0.015606994412408344, 0.01972019494241875, 0.009497789435291094, 0.4754984497216046, 0.007960721345461122, 0.028101770759054876, 0.02700069381491653, 0.006165030318780575, 0.10007187187919549, 0.004402292834497884, 0.0686293360609474, 0.043965512719004306, 0.04060327389313849, 0.023746352749837916, 0.009687144515593257, 0.0022679026965127607, 0.05607994749141132]
            , [0.03607265718549515, 0.007639735807498766, 0.0019175255167550817, 0.0027520999774024524, 0.24415188632008883, 0.005336747769546637, 0.006237183706280886, 0.1619754095947144, 0.0034954699115679632, 0.153375396132949, 0.04326179853055143, 0.004155268103126636, 0.002590186221328489, 0.004112465523331591, 0.00435208542016455, 0.012933663703239876, 0.02504549849270201, 0.13901602980776398, 0.024685876616648908, 0.11689301565884336]
            , [0.04876817165243806, 0.002626273743032229, 0.05222470183043606, 0.3392570937390103, 0.0035381937766539575, 0.020781423301142847, 0.027577151102017534, 0.007295573940623045, 0.05362521018110491, 0.02717656512162266, 0.009238527985336416, 0.027412547919486163, 0.0037827534168706207, 0.23871669860211042, 0.03969630990255378, 0.03680861671009813, 0.03266153295116587, 0.023402717862849958, 0.0013116301312499571, 0.00409830613019689]
            , [0.01557216820965701, 0.004579179397563875, 0.0004798631619830282, 0.0006706229188757558, 0.004412574462648694, 0.000683281808283356, 0.0005174787853422054, 0.2871189133602301, 0.000813340052280404, 0.029730924940399715, 0.00694823904227444, 0.0007553651397914993, 0.0004828915535695178, 0.0007612081340776199, 0.0007402440602806338, 0.002747009854935132, 0.009266883993362162, 0.6328529761452039, 0.00018750897781551044, 0.0006793260014257271]
            , [0.26121826787373986, 0.01136825954012581, 0.00160966260281549, 0.002014233539308365, 0.002712742657138, 0.569327108887377, 0.0013208755397620731, 0.004040612236943326, 0.0014417985908303562, 0.0074706994450104754, 0.003112419616264707, 0.0038939026120988224, 0.0021653541458569723, 0.0020786921173351638, 0.0020377366285494504, 0.09246402696453994, 0.017528726320627915, 0.012035906769852838, 0.0005859704166131596, 0.0015730034952102687]
            , [0.4859585441616331, 0.039929515231610736, 0.0010855851746857284, 0.0016573687208492405, 0.002846428567420871, 0.04049046584436089, 0.0011357221886475401, 0.022697988600283294, 0.0013508168143888128, 0.015790281806151954, 0.011560153661892609, 0.0025741950457949213, 0.002063195074361046, 0.0019064843680598367, 0.0014956057087931191, 0.16477151878112797, 0.12107779363100434, 0.0795420531027114, 0.0005219105060422673, 0.0015443730101804252]
            , [0.016447555396695294, 0.003595413425682868, 0.001064329754035067, 0.0013762829266782605, 0.40641814068099996, 0.002464006303556648, 0.0020738524066704817, 0.05306964899060961, 0.0014987397064055508, 0.36380294915489736, 0.052976921030043936, 0.0020492586973103835, 0.0014617560531466865, 0.0020696253541041365, 0.0018425753366255815, 0.0060960575009570755, 0.01148975884509926, 0.036976217199257956, 0.003413483286000355, 0.029813427951223284]
            , [0.007471449188704642, 0.0020961268752661276, 0.0005601553301960986, 0.000926971930552598, 0.027795025060972603, 0.0009076181121177808, 0.0008202179681009849, 0.05465723840070142, 0.001118077447340668, 0.7401787274019307, 0.12089878056084605, 0.0009066343181297458, 0.00066202400125195, 0.002147681771945815, 0.00119998516944618, 0.0025908727216617704, 0.006384906649876032, 0.02603333839795148, 0.000513123286643982, 0.0021310454063634]
            , [0.028491127303530674, 0.002325359435785338, 0.10424189289673295, 0.04935137572893375, 0.0022923300773186935, 0.432310754015411, 0.02737350131801282, 0.0027632489756017698, 0.05960722936556438, 0.004710622001797035, 0.0028804244140096663, 0.1486714712070403, 0.002658899741811154, 0.03327321038764366, 0.03505560806312955, 0.04785732695873147, 0.008627370309461856, 0.004014263524574507, 0.0007130921442631952, 0.002780892130646077]
            , [0.10744110351248962, 0.029608628372132982, 0.001840417675203069, 0.0027604309455881537, 0.005154479635794633, 0.004831958034381245, 0.001925687999577139, 0.13178405664169862, 0.0029584487111200546, 0.0381503329436449, 0.016941051406670998, 0.003619262697069577, 0.0027966591745592537, 0.003239319701645118, 0.002841486142651025, 0.02795241041260986, 0.08474767639395239, 0.5282130549600853, 0.0006587420928047962, 0.0025347925463212605]
            , [0.007633420766633203, 0.0005736684747038457, 0.002307593812113442, 0.0011426189107014515, 0.0005644338410222766, 0.9684705194144807, 0.0007976841301479078, 0.0005322389418686015, 0.0007535094987977143, 0.0010481271716284578, 0.00038028336465126505, 0.0023689355115193204, 0.000759933134200149, 0.0006810600663650044, 0.0019813647723604176, 0.006291490189382172, 0.0018257240068950873, 0.0013520168140671487, 0.00020693509227777884, 0.0003284420861841373]
            , [0.10954003546435219, 0.0017612018783239123, 0.1112274629045344, 0.16517837347683306, 0.0023788881761693426, 0.027207759767472462, 0.007994041662424808, 0.005135325689037692, 0.07087790536952401, 0.00912198067473916, 0.0031012582467692625, 0.034892633803487505, 0.25239462036395616, 0.04572592577681854, 0.03260712082600412, 0.06812415357741795, 0.03571734141410418, 0.013432823083634419, 0.0007175829412807502, 0.002863564903116006]
            , [0.2914059438613604, 0.029645797808070553, 0.0009698192860590451, 0.001526503340470279, 0.045474229283938634, 0.13121217310907968, 0.0010608983430045774, 0.07414088977586065, 0.001216387191087447, 0.10367999018791227, 0.036853065043694476, 0.0022617838395973416, 0.0031279827995349084, 0.0019274375757794286, 0.00140334733527006, 0.07614092796722031, 0.06420195673909383, 0.1285564399659322, 0.0020574508532306573, 0.003136975693803222]
            , [0.01041979874322797, 0.00133543883218709, 0.000370544291182911, 0.0005403043564374574, 0.014595342358940338, 0.0007253949762781268, 0.00040186355416275553, 0.44470927806062643, 0.000530304420512398, 0.2401543239275755, 0.028970349631484885, 0.000660415111245043, 0.0005478558552539977, 0.0006070623409499288, 0.0006194525969409402, 0.001549128689781339, 0.007677039958607716, 0.24449245190603225, 0.0002409429207459019, 0.0008527074678271904]
            , [0.019478781383823217, 0.002795022446792526, 0.0009353046136785805, 0.001543566362998693, 0.027485042531201802, 0.0020382890508909616, 0.0013911945166213448, 0.21574018278005314, 0.0017393596328992324, 0.3651357539040463, 0.2284851400515868, 0.0018389830075095281, 0.0011667760192970967, 0.00327720523857913, 0.0021468452399873348, 0.006141036710478735, 0.017573494015651326, 0.09728192199718266, 0.0007960066279350829, 0.003010093868786489]
            , [0.018498117486741617, 0.0008475358412952706, 0.37456733540147313, 0.4878497358185896, 0.0009264966615204098, 0.014314173126490255, 0.002736122221526954, 0.0015978430122936857, 0.014317383379662667, 0.0023631074196556316, 0.0013170509552919614, 0.022551782258183054, 0.0014923318497269498, 0.023596218241478048, 0.0025311571404728218, 0.016380421679688412, 0.009032906339947399, 0.00383527649143389, 0.00019542631542118462, 0.0010495783591071965]
            , [0.008942407544695547, 0.001477814827031866, 0.0004655350656496359, 0.0007089505244977321, 0.02006859498667695, 0.0007999681069573832, 0.0005614587045378758, 0.27155770022865267, 0.000689789814174569, 0.5344981715212637, 0.04554611613853936, 0.0007534650693306781, 0.0005730434556984811, 0.0009897297522498487, 0.0008147454216353706, 0.0016242747951500146, 0.005775181639168948, 0.10238764144595872, 0.00034526878783856644, 0.0014201421702919393]
            , [0.23329308242479901, 0.2842478491361311, 0.003169053578372193, 0.004019730144561651, 0.006194174381558768, 0.036351993273360785, 0.0035973103357525207, 0.022427046814670903, 0.004249372911514656, 0.024880948480178883, 0.008702336461767882, 0.015509334840349725, 0.0034412943841318176, 0.004669640007120904, 0.004098851629557156, 0.19691396302520175, 0.08107525596586901, 0.05794950348900102, 0.0013722717625555617, 0.0038369869535446834]
            , [0.015471687709572975, 0.001717155499424024, 0.46684382289755516, 0.03434914461549463, 0.0019353435543191992, 0.020787264600985924, 0.019553245811285945, 0.003074888178213404, 0.01665333116118583, 0.0037561905440338115, 0.001974899405696638, 0.31702312690856643, 0.0020312499588163455, 0.013757176736061126, 0.011416047191545634, 0.044605716951462177, 0.017816321279620583, 0.004081796419648296, 0.00062262151464946, 0.0025289690618623866]
            , [0.10194773609908259, 0.005354172893868375, 0.0015475980586631183, 0.001924899848843118, 0.001584649892388286, 0.8089552432764637, 0.0011094167413150616, 0.0022808565175814212, 0.0013737113364534063, 0.002750060297871532, 0.0017174806556029595, 0.006190794895071509, 0.0013121267411077401, 0.0015124558312112984, 0.0021318623773728526, 0.041861298052742524, 0.008332275439639299, 0.006666601744446228, 0.00044724390920969706, 0.0009995153910652022]
            , [0.005751099652415794, 0.0018453326831933828, 0.0009262351313446957, 0.0012710579946176805, 0.5630825533638522, 0.0012973208425150775, 0.012114073518283365, 0.007865246287897315, 0.0013338288870694132, 0.025028528012802444, 0.006709333371112668, 0.0021149958878800864, 0.0007209600458781778, 0.001687240915435353, 0.0014528510556153138, 0.003508618180469153, 0.0025916521944021145, 0.008334394634204675, 0.013338085853212622, 0.33902659148779846]
            , [0.21991038845880326, 0.0038104991159081366, 0.003651509776639819, 0.0076097072234731335, 0.0028098663060503524, 0.029326258280017472, 0.003462202081993706, 0.00787679938857641, 0.005301658446614524, 0.015070326198617012, 0.0035615796197995056, 0.006614424213791396, 0.5279674073019928, 0.006583791737116991, 0.005418243167759124, 0.0897288410457782, 0.030623870677604807, 0.027163491949175445, 0.0007889519725251991, 0.0027201830377629735]
            , [0.030990196100613345, 0.005079994215783191, 0.00020714007001156702, 0.00029157308663511715, 0.05891053733624929, 0.005061297359263502, 0.00030865991151088817, 0.3063738252344563, 0.00027598923462437817, 0.3133444103948663, 0.04083296522459944, 0.0005572622224293941, 0.0007352204514029909, 0.0005099223282852989, 0.0003263240165170409, 0.005000842142459344, 0.013371918046695661, 0.2147622387092488, 0.0008768793529648081, 0.0021828045613832086]
            , [0.00795711843873809, 0.0014319693270897673, 0.0005628348306385787, 0.0008100482493157578, 0.012486435573384788, 0.0008752505494192063, 0.0007881289146606857, 0.6315180168080652, 0.0010304708852642095, 0.13025821144847727, 0.03604183320671626, 0.0011241477341154132, 0.0007383782720712582, 0.0011997302477627187, 0.000992239799426327, 0.0023690326069625415, 0.008988087401984084, 0.1588024536416473, 0.0003874579629654766, 0.001638154101295004]
            , [0.18590810465749708, 0.03622595882940224, 0.0016489594182775742, 0.002456132885358501, 0.0053934190558349625, 0.01857127738762371, 0.0018044234055344167, 0.06937016015834736, 0.0024403709877028543, 0.03768937182948039, 0.023320330634483657, 0.004678244673031295, 0.00330153336979628, 0.0030585518920288788, 0.0023617076400128663, 0.08809199527638706, 0.28077165295387807, 0.22976563050491614, 0.0008777927790080022, 0.002264381661398786]
            , [0.5381222709586704, 0.016696884059281523, 0.0009919563295369537, 0.001252838549708761, 0.0012963719462332336, 0.036741892692055446, 0.0008023075920121438, 0.002607150488829279, 0.001077070356431721, 0.002637918448605516, 0.002043802402644387, 0.0024297694524318563, 0.0016360794048658534, 0.0015286823710932288, 0.0011025165488296681, 0.3445169114993894, 0.03016456442719564, 0.013039045075336986, 0.0003257228291748781, 0.0009862445676730334]
            , [0.022746222178957377, 0.003725053696665241, 0.001090433774112935, 0.0019340199145134404, 0.022148775045550753, 0.0022850882864679086, 0.0016029248365435431, 0.40036511241881273, 0.002148232996283761, 0.15160104488517046, 0.1661050738996073, 0.002432906908936706, 0.0013307853038527998, 0.0027086352932115454, 0.0021343013414331486, 0.010470755404718611, 0.026749722345050735, 0.17463269506196552, 0.000906086566332275, 0.002882129841813153]
            , [0.020675762312563767, 0.016027665270390682, 0.0039120511943166875, 0.004887215901239017, 0.060746373958989706, 0.008826756270350126, 0.007434635937309397, 0.01694048189198501, 0.00631354913883278, 0.04025516495264787, 0.00821984803685156, 0.00637418196874906, 0.004196176281174179, 0.006447099683656485, 0.01689308487453555, 0.023562141093245236, 0.014828597301308285, 0.018852891658915648, 0.6669521868032937, 0.047654135469645156]
            , [0.19684146477003828, 0.017128729705843716, 0.00033282869779300124, 0.0004487622193083657, 0.05334718076601821, 0.0706516988530598, 0.00036177783911898467, 0.13730470171598308, 0.0004415922511746772, 0.2007074868007879, 0.033280425314896195, 0.0007486398999851843, 0.0010010115911832638, 0.0006093181421647029, 0.000434067901029563, 0.04382057894616853, 0.053777363542513265, 0.1862520287464325, 0.001093261008767186, 0.001417081287733409]
            , [0.005933603041673621, 0.0007374902040069438, 0.0003708298697097426, 0.0005245431937382845, 0.0046055138459387265, 0.0005395806139657312, 0.00034626779998353, 0.5943184301302272, 0.000550844050957837, 0.04731422328642967, 0.009585710123725048, 0.0005387573153107285, 0.0003234461867814335, 0.0005612782466878021, 0.0005268897355894526, 0.0011888823433374063, 0.005809917447016584, 0.3254712279229439, 0.00016093884395299276, 0.0005916257980233459]
            , [0.007600046167332534, 0.0030123896587049333, 0.0008904977620365003, 0.0012150176736832055, 0.7499738435915815, 0.0013859017650366564, 0.002605688624202765, 0.01915723743734124, 0.0013457438892820056, 0.07484338388680058, 0.015095371982674896, 0.0014577245934988057, 0.0009919306419112078, 0.0014684595682550746, 0.0014708807620220684, 0.004624046522308343, 0.0033305472068318248, 0.016785588529588953, 0.006941551367197996, 0.08580414836970919]
            , [0.7719037846615789, 0.009292058128726804, 0.0006200595109418976, 0.0008558492279282005, 0.0007599142471802244, 0.039792148032216756, 0.0005753723056603255, 0.002096123357826181, 0.0007212875265336623, 0.0019861839200671924, 0.0013760353166912592, 0.0014272077085991158, 0.0011056569962878857, 0.0009225411165496759, 0.0007882368901915649, 0.1363871845885714, 0.017173468858115257, 0.011312396613938937, 0.0002658127927923657, 0.0006386781996024793]
            , [0.04158865340924295, 0.00938247688402915, 0.010702274792647777, 0.003553924940181541, 0.002164480101879626, 0.01912763062595337, 0.002330386840949919, 0.0038570399768905017, 0.004030774405739531, 0.0045756632246411145, 0.0026017620937566306, 0.020375369620837046, 0.0033389830303461473, 0.003366252142405318, 0.0032377543041908403, 0.5903375187731048, 0.26378634726236955, 0.00904136545350534, 0.0006155776609115007, 0.0019857644564174955]
            , [0.013222627026395185, 0.002814827889520502, 0.0024184390979364204, 0.0054545419055914484, 0.0024656842569242927, 0.005095354216204599, 0.018318621173689712, 0.004263472052471409, 0.09623565612933065, 0.012560708061135706, 0.003167178738893941, 0.010282713212022482, 0.001753548049602664, 0.023326477252901635, 0.7659159898236297, 0.013241886166250995, 0.010862661776714572, 0.004787078968529601, 0.001050969147469594, 0.0027615650547849024]
            , [0.005975407171423106, 0.0007394966523546175, 0.0003711725387123988, 0.0005468507118039792, 0.033991832070004675, 0.0006073972630803418, 0.0005496681716991043, 0.09414743550515703, 0.000587203205575874, 0.7517763030463597, 0.05392739545495809, 0.0006282936745929159, 0.00042748015552860344, 0.0010998541065582491, 0.0007163782413236586, 0.00235974568546902, 0.004588939487600438, 0.04535724935566472, 0.00037824031969572655, 0.0012236571824377795]
            , [0.029319398921267288, 0.004928413280120735, 0.07463105652667384, 0.019537880085810703, 0.0028103775120192757, 0.028014865171274588, 0.014465959123398422, 0.005313672345614957, 0.018038990751164666, 0.0064657564488810985, 0.0035625433634076777, 0.21667775784658153, 0.0041533906825461835, 0.014967299301036427, 0.008759756208949148, 0.27966602787336636, 0.2559394378487675, 0.008759869886991935, 0.0009181816574001497, 0.0030693651647275464]
            , [0.025035032484850013, 0.003589127852373814, 0.0037037792234190436, 0.002672485185178038, 0.0016753381232788487, 0.008872428076118917, 0.001857917407246805, 0.004205681143745497, 0.002938568843670426, 0.0055589405116417126, 0.0027273263781799027, 0.015679729567147627, 0.0018480984515754312, 0.002617180218008858, 0.0029181254214671686, 0.3248847884702291, 0.5780109926973873, 0.009252317061057811, 0.0005041328322435789, 0.0014480100511800056]
            , [0.5741413613159705, 0.010796248258902465, 0.0012267394470870585, 0.0018084592925721144, 0.001962894472842532, 0.31213586991661035, 0.0011858455450995688, 0.0031741608974269224, 0.001385169781469588, 0.005465789510649939, 0.002524880786878806, 0.0020315953979620164, 0.0018135992390738865, 0.001572097791363455, 0.0018502543603174473, 0.05090925429661683, 0.011754514268247166, 0.012842385546070301, 0.0004228994896837435, 0.0009959803851552072]
            , [0.04109870068387833, 0.001394659372744972, 0.0015084644412930537, 0.001950332450056663, 0.0012799665976658034, 0.005998262624816878, 0.0016946280503679374, 0.0029082066549327226, 0.0019862145900984623, 0.00703538354032097, 0.0014979807930127153, 0.002133424343709259, 0.8800894107128208, 0.002353885884903962, 0.001995590292314391, 0.022058187700661466, 0.012061130258564843, 0.009546590907965108, 0.0003343036890432198, 0.001074676410828169]
            , [0.010413558941372478, 0.0009340876094611996, 0.8066397557399525, 0.0459271271869259, 0.0010406026301397976, 0.01083494849582794, 0.0076074705482479105, 0.0014710525854535425, 0.004989048992820066, 0.0021070742593243845, 0.0011365146371735857, 0.06544844128187184, 0.0015682118378703412, 0.006754440737422481, 0.002593767115298589, 0.016748014780842268, 0.00934556673572578, 0.002503805266421139, 0.0003330955633282361, 0.0016034150545198686]
            , [0.20979246287707934, 0.025850547972587585, 0.0020760691727206514, 0.002534697505069803, 0.0033622726485756553, 0.026749765869982775, 0.001956712024869314, 0.017069607780011757, 0.002306116756415397, 0.014759298209806536, 0.008749171005950383, 0.013634806838655068, 0.0030011165540207285, 0.003189310999040589, 0.0026484144196483464, 0.2517560149045618, 0.3671740064637531, 0.04062012569380434, 0.0007509632280470885, 0.002018519075399839]
            , [0.11218572387449903, 0.011769355887572507, 0.00016113524569954642, 0.00024993335013906724, 0.06003018831392876, 0.028480632684460633, 0.0001724632329176878, 0.2192198262162042, 0.00019207832804080577, 0.2758224400904865, 0.02488738457066744, 0.0003543962658206146, 0.0007635062972158489, 0.0003513317055081553, 0.00019957681543641644, 0.015019756836375324, 0.026519415537802318, 0.22132932482956783, 0.0010065866788361686, 0.0012849432388211239]
            , [0.025839934422737108, 0.000981260835588301, 0.07368386878043424, 0.7347944422169179, 0.0013311575960175803, 0.011151613287209166, 0.003545059589219947, 0.002757688673508405, 0.020671507732634896, 0.004105566160338857, 0.0025146294367471215, 0.010161457615620305, 0.0016431356572495916, 0.05934898915584358, 0.010209660379206807, 0.013861878302023432, 0.012913046598159878, 0.008530977546697719, 0.0004757226249161388, 0.00147840338892912]
            , [0.405194802138033, 0.030285602450612712, 0.0014850467295730353, 0.002101122752862774, 0.004393753849738487, 0.01648511887483691, 0.0015823891218684834, 0.062234324149860756, 0.0020804412989379973, 0.03398769291422642, 0.015491485804068993, 0.00239113710687525, 0.0020898339379937254, 0.0024150680628160746, 0.0022444460239760106, 0.03487174676719975, 0.05648440502011056, 0.32180142645441234, 0.0006023233655026558, 0.0017778331764941454]
            , [0.019461255867121816, 0.0028903931458533834, 0.0014745354010063272, 0.002444056132166575, 0.025918663602928757, 0.0028413890538439364, 0.0018643127235241854, 0.0612776101385894, 0.003013122626202994, 0.2847734836778437, 0.5110782466164396, 0.002811357460399849, 0.0015200292961015727, 0.009575757761538519, 0.0027278469237482094, 0.009822178387603825, 0.0165979954290162, 0.035363493939847494, 0.001069055200904739, 0.0034752166153187826]
            , [0.04354707168597214, 0.0008960472719655519, 0.0011153165431923317, 0.0006602043879843575, 0.0007083567280719837, 0.9138985708407076, 0.0004640069387384134, 0.0009600817035373806, 0.0005318184468876707, 0.0013274422934904475, 0.0007282611298185564, 0.0033626206083733766, 0.0004602234954620976, 0.0007539022702659079, 0.0006524783197625573, 0.02340493240743492, 0.0036218013566074233, 0.00219745489305516, 0.00022409124014618868, 0.00048531743852566053]
            , [0.009705447835527188, 0.0010395933316679016, 0.0015535139251749445, 0.008694064223256862, 0.000960999016280133, 0.0026137237969045047, 0.0068411838778837, 0.002568736441651656, 0.6337045852928872, 0.006666469511453732, 0.003638221704720435, 0.01380173739451672, 0.0009741439727352629, 0.02004538613148411, 0.2598391599859272, 0.011831012002001828, 0.010488279689956262, 0.003455170061115063, 0.00040393233125736986, 0.001174639473597935]
            , [0.017245031635556067, 0.0009473289857234825, 0.08451891687786295, 0.027631324154061287, 0.0011100576125882315, 0.6784723064030284, 0.010834761210971823, 0.0015523332983224483, 0.028752150772028553, 0.0024700974915328007, 0.001320741588392915, 0.08456019947389032, 0.0013743045858497552, 0.01402912143425806, 0.012477216643751553, 0.023629517544474406, 0.005261395948638066, 0.0022502960270477782, 0.00037237091839723035, 0.0011905273936237558]
            , [0.157421788352904, 0.019413920910294487, 0.0019470236873189181, 0.001916773551310334, 0.001614451390044202, 0.03001472246143353, 0.001747706370788002, 0.002469272418578802, 0.001955320958482659, 0.003175993101996764, 0.0020842253818311946, 0.010985532341875442, 0.002567376390348281, 0.0025705513835080295, 0.0021359984290523644, 0.7061420900281276, 0.042257696057973686, 0.007605024513202958, 0.00047814328609945, 0.001496388984829319]
            , [0.017859476697021356, 0.0035332727611086445, 0.0023481710256320126, 0.003541657360489545, 0.21717516073105544, 0.004859232734682061, 0.022438726855418898, 0.018179712557390242, 0.004040791337089143, 0.03587418419517356, 0.00653950129969449, 0.0047102448449761825, 0.0022658699316013197, 0.004614354933716167, 0.0052060430054189635, 0.0136600231794147, 0.00787108098281391, 0.018448867524054273, 0.39955193172573766, 0.2072816963175113]
            , [0.02796950408561157, 0.756970540934211, 0.005056697640680514, 0.005130050028663668, 0.01069933101984409, 0.016110389715194722, 0.00533454870961037, 0.012656142957347257, 0.005311245585888047, 0.018179611147743278, 0.005057977400705703, 0.008715472590650399, 0.003912546171735264, 0.005684581038221089, 0.012353675822806512, 0.04889081351787761, 0.02342647075603214, 0.019079418141204226, 0.0022985024681549623, 0.007162480267817513]
            , [0.020039358355134092, 0.002708807100295541, 0.00590942601321346, 0.04329774351656458, 0.0031917685450755687, 0.007579401050286394, 0.056662072863894075, 0.005222926836994741, 0.027059331382105888, 0.02487786502805743, 0.019875622395727374, 0.017426797121307597, 0.003395793678928574, 0.6840843462482883, 0.027514607830467656, 0.02248961869579675, 0.01619533332850112, 0.00757278067034072, 0.0011771632240645893, 0.003719236114955619]
            , [0.4879250023060389, 0.012670309415266735, 0.0005271312318613411, 0.0007068919587945281, 0.0020639414615763463, 0.2119863396588605, 0.0005640487859016258, 0.005703764335963912, 0.0006063853537544442, 0.005649517855119335, 0.005010180187540464, 0.0020468377532545526, 0.0016814859096443765, 0.0009846881030096608, 0.0006288569627771233, 0.21510160303106576, 0.029819689062066078, 0.014952414095863295, 0.0003927171361466393, 0.0009781953954944838]
            , [0.006191255062597802, 0.0033462682101309, 0.0014061949505189998, 0.0019442199847256952, 0.025653495961420938, 0.003751555425807807, 0.0023903177953549246, 0.003339232611736415, 0.0020737654643680522, 0.014154604813895194, 0.0030083731646451703, 0.0022405637789997897, 0.0012160826490437294, 0.0025372791633895535, 0.004316252529133131, 0.008970839078989807, 0.00427794489738245, 0.004080254854582563, 0.8837900501820823, 0.021311449421194745]
            , [0.01096304339901582, 0.0002804763858971445, 0.0016436160948067845, 0.001199350723437805, 0.00021509128026956525, 0.9748381662736272, 0.0003164748920947511, 0.00032231503742407913, 0.00041916125568659736, 0.0004936732019044511, 0.00027305138344290504, 0.0015408504857264004, 0.00023862131189892463, 0.00039981136659957017, 0.0005754263176950576, 0.0046546366198713645, 0.0009865686444546224, 0.0003974932864412908, 6.0851263339012384e-05, 0.00018132077636686997]
            , [0.0046462257880153625, 0.9573810951779466, 0.0010512108695731987, 0.0012534281709710073, 0.0015798722062239346, 0.0020040490987782186, 0.001170072110643963, 0.0030862998228224896, 0.0013888457051778609, 0.003585580945268174, 0.0010487203470129554, 0.0015317232199730238, 0.0009482308591072538, 0.0011744930680328092, 0.0014549569306515873, 0.006316281070531994, 0.003913819539158852, 0.003980426749204815, 0.00050549774246029, 0.0019791705784454397]
            , [0.010352825385825819, 0.0024556696275437827, 0.020810658530337436, 0.0030662435415275986, 0.0016773182551049445, 0.009398421026328364, 0.01689116872348824, 0.0026968460677603084, 0.006272564065498203, 0.003345787507850812, 0.002139648685400974, 0.8616459232331667, 0.0011015348233847804, 0.006982544652747747, 0.00435256158008884, 0.02717546839509683, 0.013171581953603628, 0.00370203793724754, 0.000491614750465616, 0.0022695812575319525]
            , [0.008585579993904188, 0.0018579489133051027, 0.002648940286534825, 0.003080123847415452, 0.008595868035808344, 0.0025982707984879725, 0.8615998843949402, 0.0035234987842228567, 0.0029477226536504023, 0.008024717875354845, 0.0028052107817321354, 0.023177470563766706, 0.0015711160945447412, 0.02375475213368074, 0.007498936940818721, 0.010055825124772691, 0.008298076668129251, 0.004778325437649747, 0.0009368800485131033, 0.013660850622767676]
            , [0.003347132473352811, 0.0011928943873754521, 0.0008071961916213217, 0.0010485101111877644, 0.11891481930079972, 0.0009093096109537401, 0.013223615096906158, 0.0018048662429931523, 0.000864019192480746, 0.005900202301216017, 0.0014809645916129635, 0.0015293883085280944, 0.0005200361976448504, 0.0011949314285017297, 0.0010481097082921335, 0.002032693001195758, 0.0020769831880271925, 0.0027053898122289155, 0.009908347377869537, 0.8294905914772118]
            , [0.003780050110810239, 0.0011774457781235745, 0.0008747310024176, 0.0012238778706480816, 0.0008719722388017972, 0.0020903227447075946, 0.004791412454204257, 0.0011885077529927399, 0.018024445678434853, 0.003641795038957099, 0.0012295587034403502, 0.0034673263394559284, 0.0006397468208980875, 0.0049943232339166276, 0.939168104349454, 0.005069327351092031, 0.004855332610164911, 0.0017071565709766072, 0.0003736041012473618, 0.0008309592492563426]
            , [0.014313388328673193, 0.005929051588511598, 0.0016511353844579585, 0.0011660269263524773, 0.0010473096222198108, 0.0032391307002441697, 0.0010941171336104607, 0.004517614505464242, 0.0015637837938732972, 0.004286913777437643, 0.00438626690018867, 0.00797209959792543, 0.0012609883352650705, 0.0012608784704972048, 0.001721672216414425, 0.07634969104949768, 0.8593599400910469, 0.007850332846999843, 0.00029024575698745683, 0.0007394129743323637]
            , [0.0031409940987896347, 0.0003782013957025436, 0.9478084840922866, 0.016791206083277548, 0.0003860925322720906, 0.002088511339502426, 0.002209048283262716, 0.0005411599009415751, 0.0008539818486403106, 0.000914575377396965, 0.0005076753213578244, 0.011410237576654741, 0.00038153715265241424, 0.0024350044598506174, 0.0006564093625828899, 0.005201678030923499, 0.0028907743653295414, 0.0008234355910121192, 0.0001323037142604526, 0.0004486894733032377]
            , [0.004889091644699883, 0.0003561184713100915, 0.0110480398087716, 0.9488959519371082, 0.00038858154823416633, 0.0009491456841128865, 0.0008297757087579713, 0.0007011104774702604, 0.0024903226574357223, 0.0011941250926627595, 0.0007891561157042548, 0.0018478985695858032, 0.00046889328989286683, 0.014123572456176058, 0.0033693593836833457, 0.0037193616094821644, 0.0011569444960294075, 0.0020470302882898174, 0.00014583867880856626, 0.0005896820817843004]
            ]
# The number of clusters.
n_clusters <- 192
# The base file name of this file (for reproducibility).
fn_distributions = "udm_0192_lclr_rb"
