# This script is generated automatically.
# Vector of amino acid stationary distributions.
distributions <- [
              [0.08408770807517299, 0.017029639385806598, 0.056316157280312154, 0.06919884460979624, 0.02067718112702174, 0.05269235875735094, 0.045669855517531624, 0.028001546554697415, 0.0737370230963942, 0.04383140064925615, 0.021341891247007964, 0.07660905644438483, 0.02534201323266928, 0.07082289561885849, 0.06741116074706538, 0.10361215669521653, 0.0684960121481283, 0.03964163836573237, 0.00845567691176156, 0.027025789063434433]
            , [0.039494237337083606, 0.010397953677198844, 0.0020513407371073253, 0.004050888158392531, 0.04579834475973684, 0.007035723010535205, 0.0036970357514229044, 0.2748858893836107, 0.005240648793483231, 0.246176586666348, 0.06167231730743199, 0.004326756303570489, 0.00443853923572014, 0.00582260261638947, 0.005581643595309174, 0.013359665916956698, 0.028809312444582128, 0.2240537131663248, 0.0032998901954283018, 0.00980691020374698]
            , [0.027799104728468034, 0.009622624449999976, 0.0024480422569766527, 0.00478846215218319, 0.0735173387661112, 0.006104188006826404, 0.0056159199338486, 0.15837120602489466, 0.006515783742907837, 0.42021956615137407, 0.09522600629190926, 0.004929607501405371, 0.005053547033828536, 0.009195924182844827, 0.007958673802705311, 0.013508459529813444, 0.020741268913019646, 0.10816045633758267, 0.0051789193535032915, 0.015044899239961808]
            , [0.052193898333590914, 0.010035525012176019, 0.026689410478487184, 0.05822295130045857, 0.010476805607564255, 0.026718752193022735, 0.03815415673988759, 0.022275881410625357, 0.19729637902200203, 0.03842414517725566, 0.019464883410109636, 0.048666162685319765, 0.014325768917246386, 0.08449268072149194, 0.1990451106399757, 0.05876548015767506, 0.04743003861029524, 0.028144826125315867, 0.005323847685036314, 0.013853293811923607]
            , [0.1244800185093673, 0.03215505083550363, 0.029135279460548412, 0.028668207754656387, 0.01626472224930753, 0.05643473984778713, 0.01947058516421396, 0.027925795379636034, 0.030899578320119366, 0.0333166176166165, 0.01919985569486824, 0.06543430496421408, 0.02532015276589735, 0.03047504009231604, 0.028554778894922653, 0.2299133489981006, 0.14043637196090117, 0.044120650245994826, 0.0039160438545696365, 0.01387885571007336]
            , [0.338565511724138, 0.038951460782068896, 0.011496327672989616, 0.016871718198680635, 0.01311172515646191, 0.0807933336435383, 0.008344298718500712, 0.027484414915262365, 0.014227947015531907, 0.031017971384887627, 0.01649142600617679, 0.017816424978950536, 0.018208766336012035, 0.014959113580569793, 0.013287114616312129, 0.17742266192263917, 0.08254380880059967, 0.06724506975592197, 0.0028230022535232543, 0.008337908853013432]
            , [0.13648534135621937, 0.030772271257826674, 0.007701378927239037, 0.014981064194433721, 0.027629764016197246, 0.02375725334812033, 0.008555563084068712, 0.13732186971956983, 0.015502908988474451, 0.0901242541738185, 0.03908636987126797, 0.014393953299226471, 0.013335257031911074, 0.014494428048349984, 0.014569320615175983, 0.05818754201196651, 0.10084623445243587, 0.2358567140154719, 0.004046990617919756, 0.01235152143635928]
            , [0.07965428602592073, 0.00509491045695298, 0.12468132606057009, 0.24147554257091788, 0.006603102106063921, 0.03300717027970629, 0.024224530930040327, 0.014766648152020181, 0.0827390400395426, 0.024360744567942808, 0.011605869423196354, 0.05025285160927062, 0.017620031912517334, 0.08968019101963899, 0.0504013884573828, 0.0626195454354295, 0.04372415929775834, 0.026020265248099, 0.0022831630187264496, 0.00918523491132714]
            , [0.0661482158182184, 0.019614657740830314, 0.011022690222316278, 0.021710146989788997, 0.050344738984482065, 0.019759346094719958, 0.020261764261319353, 0.10078527688472386, 0.029546625244121962, 0.2007422840890774, 0.1153721761359671, 0.021060134922141635, 0.014871664516189629, 0.03681607902122803, 0.03299923053392447, 0.048069848470374765, 0.05776878695955933, 0.09490295966277039, 0.011591884441596124, 0.02661148909801152]
            , [0.047009720400554386, 0.011814420002432428, 0.0019380133840193603, 0.003793275775536828, 0.013759428709701881, 0.004383389751974581, 0.0023324440650865502, 0.26539194885031114, 0.003893654165280619, 0.07789134009660431, 0.02274431787103258, 0.0035493562209284457, 0.003826051449660299, 0.003699214873943167, 0.003741256033333508, 0.011539968203395604, 0.03128325619646576, 0.48200047338877555, 0.0012054508908246903, 0.004203011252876074]
            , [0.018459861323651044, 0.0058994628648529005, 0.0013731486044143842, 0.0025137650860206986, 0.01684031735108837, 0.0026207961427801296, 0.0018857703501839462, 0.47226638335377047, 0.003079517520616609, 0.1095336226502146, 0.03222715452728388, 0.002794900598329285, 0.0025932749270461512, 0.002951006852621247, 0.0029877706404122448, 0.006596346862048075, 0.019067257249616783, 0.29077554525291305, 0.001141068423712449, 0.0043930280147149135]
            , [0.012352807636297827, 0.005539218397925778, 0.0015062435161786042, 0.0025578406201355597, 0.05172492468113284, 0.002724211064140246, 0.003421798511280442, 0.09847810995979256, 0.0036695615624253303, 0.6313631365775828, 0.08544429302672508, 0.0027317382060630876, 0.003180774472516943, 0.005868655542879922, 0.004344066221651302, 0.007206945762186043, 0.010064078681212604, 0.0572081434806541, 0.0026386910057598382, 0.007974768691583471]
            , [0.04281842951055752, 0.0055124213319061935, 0.3365642707015679, 0.18441654966478546, 0.005735863745061888, 0.043507192945022935, 0.0238479131607473, 0.008476856931984036, 0.035968819903863, 0.012744407393792054, 0.006360232088741882, 0.09983909296808405, 0.013340676519217727, 0.03933093262946386, 0.021925218714118913, 0.06289788698647462, 0.03210079983944733, 0.014090766950180064, 0.0016933937958159284, 0.0088282645597937]
            , [0.02566747161466454, 0.005185743478305336, 0.011121817774863436, 0.028581365121684847, 0.004415815740639803, 0.013844616662343961, 0.018555066457293296, 0.011951894899473459, 0.4108785279836199, 0.019265691795534043, 0.012100518191205143, 0.03164282799414973, 0.0074937097942667265, 0.053305029236349444, 0.2636977813309277, 0.03274978154933691, 0.02725217851404051, 0.014154063173459575, 0.002405680074327215, 0.005730417823322939]
            , [0.015939837564843573, 0.013232721105078116, 0.005465294392675582, 0.00641625283828131, 0.25268172350781215, 0.00642055875263698, 0.05226051046250016, 0.01643985201826155, 0.007420032959082196, 0.03932246323613284, 0.011090720637402348, 0.013573899037597637, 0.004296995013183542, 0.009933021902343863, 0.010706860531152516, 0.018349600812304495, 0.012230380192285145, 0.018238468232519622, 0.02560165721601565, 0.46037914902343646]
            , [0.03517508568119621, 0.02140453582339721, 0.006772056367963214, 0.008781091451915447, 0.25932527653440257, 0.01260213426573488, 0.026661793505961703, 0.06909725713545732, 0.011027584831704407, 0.1774518026358483, 0.04490171953186091, 0.013689473413995294, 0.00786946911962472, 0.013634296898553507, 0.014656213502736541, 0.02967597272185283, 0.025150651044761527, 0.06310178640441746, 0.03332505964796704, 0.12569673784167282]
            , [0.14239658485719886, 0.015048851090179968, 0.03918664938937792, 0.029323945631455434, 0.008830442247848243, 0.4264759031690144, 0.013849626059956962, 0.010566542681729435, 0.026849001291275362, 0.016050743312499963, 0.008448902526017248, 0.04833421240982001, 0.011749542784233177, 0.019564447588517213, 0.0252580047290688, 0.09864038709311423, 0.02954599842214393, 0.019053824765747226, 0.0035318201639280133, 0.007294571217625067]
            , [0.5863791389585638, 0.022107978355774046, 0.003916869089495283, 0.0062722828339921086, 0.0047304759806361465, 0.08294145211467843, 0.0030323458545199675, 0.011880414913614856, 0.004865368565165208, 0.011826040063308618, 0.0067901401940403325, 0.006331723721681382, 0.008132114857730494, 0.0052271046336912, 0.004907863064512866, 0.1447135268315441, 0.041049772630480555, 0.04055930020517712, 0.001152841020367227, 0.0031832488378650686]
            , [0.04931724506800977, 0.004926808205804193, 0.013478565083646494, 0.008658373429239079, 0.0026096941012664562, 0.8177615857128058, 0.004022908445644242, 0.0030252664995324557, 0.007801552224587331, 0.004695462440764103, 0.0025077804412834102, 0.015435149849755962, 0.003280719926913093, 0.00534123193905078, 0.008427377886927538, 0.03206257631170175, 0.007785986076835172, 0.005644675370885144, 0.0011740517954833968, 0.0020429837301214997]
            , [0.11796321788976548, 0.009887925632181372, 0.02856379973452603, 0.03907160452150247, 0.012182822529058807, 0.030469741340371167, 0.019453391201800195, 0.025023381270919028, 0.03776949283253699, 0.040826937287476245, 0.013101105487831995, 0.026451898095121718, 0.3162897273030335, 0.03813861844404936, 0.03447154670241136, 0.10109722930325594, 0.05523149545393932, 0.03987447016001787, 0.003583083940660063, 0.010548509508056445]
            , [0.040090170270267095, 0.002579438197115787, 0.2011656028006682, 0.47776826358574565, 0.0033292578535631737, 0.019887503072939933, 0.011914776575946563, 0.006735579622271545, 0.03400648347939865, 0.01100185770812899, 0.005699815394654733, 0.028353592199888644, 0.007980534885746175, 0.062396887513362975, 0.017103086102115844, 0.03018398691013345, 0.020218716842984395, 0.01390346489409762, 0.0011145435953897453, 0.004566441639643575]
            , [0.1352962088570301, 0.02907183112679204, 0.015326735622254367, 0.011041071540444522, 0.007708903697224732, 0.04718993673010653, 0.0087113310295936, 0.009763115366039923, 0.011808244247007625, 0.012947304048007716, 0.007555990127844182, 0.038021474911745366, 0.014344749542549043, 0.01148650626265951, 0.011933799445481959, 0.4764898787320784, 0.12541667558595293, 0.017304043310929662, 0.0019699964724187932, 0.006612201440615542]
            , [0.06763416929352514, 0.01728370848115108, 0.013416334958705173, 0.012851374878848812, 0.007990092831223053, 0.017748316008489133, 0.008586878681438856, 0.026673705571798663, 0.017095234179568253, 0.02139534316359719, 0.015304495039424399, 0.034535263556258994, 0.010346673681007192, 0.01307178125064742, 0.014803268101726698, 0.20752692538705045, 0.44404875093525137, 0.041430328105899146, 0.0019298336994244452, 0.006327521633525124]
            , [0.03574237381928258, 0.011818171027635486, 0.10102039066806401, 0.031592291557677385, 0.00959436823505666, 0.0466129078674119, 0.047444532175438675, 0.012613823869119592, 0.040823224619624274, 0.016523165434094336, 0.009108705150908274, 0.37570684086321976, 0.009154945600993596, 0.029356943188945807, 0.028997236811675264, 0.11053501001086784, 0.04961664363763392, 0.015492486662009197, 0.0024579373082751184, 0.01578800301397302]
            , [0.013258300178789179, 0.009833369154387615, 0.0029189698745503492, 0.0035630051044892516, 0.5279927207883615, 0.004828948842640325, 0.015657214922571584, 0.02724478632363512, 0.004367053141248113, 0.08462503366306895, 0.019396375156890362, 0.006231693890661642, 0.0031115897215704368, 0.0049583852562178204, 0.005594164847333043, 0.01326536473533553, 0.009655635258407756, 0.024969129941342122, 0.02041456230045363, 0.19811369445002291]
            , [0.024126905663520076, 0.009582831067726446, 0.008616960437158476, 0.018006538969862443, 0.006408107897002774, 0.014478868188772961, 0.030061837476072203, 0.011688402572777132, 0.17304583902252035, 0.02257092389915534, 0.01057499204951155, 0.022017600466136752, 0.007495562063255488, 0.047463019209140575, 0.5154858246398407, 0.029502514418446743, 0.021635947458188448, 0.013904123051995343, 0.004652947347425082, 0.00868025237837378]
            , [0.07869586452566964, 0.005403512834821418, 0.010811481665550612, 0.015641394401971757, 0.005780718284784249, 0.01510391061011894, 0.009152959784784238, 0.011154019569754647, 0.01515051050632437, 0.020650512019345396, 0.005963882251116045, 0.01014516332384675, 0.658096009858629, 0.015814545530877938, 0.013739872767671128, 0.055141824440104154, 0.02691022535807302, 0.01995839449293159, 0.0018404035934523576, 0.004844797359188965]
            , [0.032845900506726436, 0.014747957760986554, 0.024999784613004564, 0.02411853313340813, 0.042632339171076235, 0.01712110399461888, 0.34675226995515535, 0.016406753936771268, 0.030660365344843035, 0.03433632419103157, 0.013257534124663722, 0.07653002166816147, 0.011113742125336355, 0.06450694758968606, 0.049725069994170396, 0.044626694809417035, 0.026737565484304924, 0.020141153379372168, 0.008844292358744395, 0.09989563886255631]
            , [0.01894454633780819, 0.003405836100073228, 0.6257638630705382, 0.08585660936783007, 0.003064341710763932, 0.02045510737344395, 0.015637568670490595, 0.004367530752501833, 0.013903459678545234, 0.006112653641445032, 0.003263832854039507, 0.10717678942885048, 0.006105222533805268, 0.015308784072736132, 0.00950963031071518, 0.033084974833292695, 0.015309891659018755, 0.007024282730778403, 0.0008900974628996677, 0.0048149810939711706]
            , [0.04136430346382726, 0.008816790044472295, 0.02331044604008769, 0.08537508930472903, 0.011291748536486158, 0.019200435825555827, 0.07255589304228005, 0.017695570610084532, 0.05972289918133415, 0.04734409292796727, 0.02742170888913246, 0.034047392943626686, 0.013111955532101465, 0.36179322330097075, 0.05983866921453179, 0.04166744271218293, 0.03242777190729715, 0.023591970689007175, 0.004429730691825863, 0.014992877232070136]
            , [0.02136432441028227, 0.01607216361391129, 0.006355766705141104, 0.00830966018800406, 0.07771974554032252, 0.014008535225806522, 0.014082377706653222, 0.016874277888608846, 0.010798889340725842, 0.041329281826108774, 0.012893655149697588, 0.009913937370967688, 0.00690568101764109, 0.011115377279233937, 0.01858388728175402, 0.024409268462701784, 0.015729698845766152, 0.01847570499697586, 0.5885901330645157, 0.06646762734375006]
            , [0.04093751384820674, 0.6965416472060039, 0.007781301268557021, 0.006691113904086818, 0.013820696636363646, 0.01678503385988314, 0.007667732254378659, 0.012827690609674688, 0.007297631848206927, 0.018392823588823742, 0.007951193679733123, 0.010671084658048353, 0.00548490726522103, 0.006969850603002564, 0.011678986774812272, 0.06156864277731445, 0.02587171520183485, 0.023618469582151747, 0.004932599692243527, 0.01250935972310254]
            ]
# The number of clusters.
n_clusters <- 32
# The base file name of this file (for reproducibility).
fn_distributions = "udm_0032_none_rb"
