20 A C D E F G H I K L M N P Q R S T V W Y
64
0.0351223407289112 0.0892316738704697 0.0131987182157322 0.0583526172444336 0.0649745499658703 0.0131283227368761 0.0576144722289940 0.0383784855696407 0.0196958296006012 0.0772483784287339 0.0303726725377865 0.0161462229796034 0.0894098014326343 0.0240787368668129 0.0647074710344547 0.0678496244259710 0.1427892496424506 0.0811564802836014 0.0301110382701931 0.0043789127333821 0.0171767440670404
0.03167455655050476 0.0189645302394886 0.0076288868805258 0.0021422988199064 0.0039625302088504 0.0603037584884307 0.0043150133145765 0.0049202284994148 0.1214098639506618 0.0055367146989016 0.5274556669667768 0.1023623868011162 0.0041273202968399 0.0042244310672549 0.0086369798780950 0.0067083114594400 0.0105748488314578 0.0152717943371748 0.0761348828243450 0.0037900751101648 0.0115294795317367
0.029381737295385842 0.0912842591888749 0.0061515638391317 0.0923833136960946 0.1847389155441418 0.0077906232818103 0.0336804451065995 0.0274048526567497 0.0173465008410699 0.1000680611318928 0.0290707301900379 0.0138357484321155 0.0528092084145751 0.0178889195632329 0.0912384921009790 0.0689580357408664 0.0713405700058145 0.0512284519924411 0.0295189952530282 0.0027097551898731 0.0105525641677488
0.029011007813836764 0.0256910525892066 0.0082476853744029 0.0017347563421998 0.0034901961107734 0.0512503629263737 0.0047356176947803 0.0037228421493168 0.2089471755234441 0.0046372143498081 0.4084898802713061 0.0774205033185885 0.0035845020827682 0.0039644365211835 0.0060102316510371 0.0054750778368722 0.0101507835709230 0.0192085559834857 0.1399647602860513 0.0035485072172417 0.0097258562969625
0.028263845320253236 0.0764982889212916 0.0198032349193744 0.0246334857515640 0.0457633579924319 0.0376407731610495 0.0251004420878910 0.0349783743644803 0.0679890303380424 0.0563050876585267 0.1109484421190716 0.0523974598435924 0.0385379325323915 0.0217620538002018 0.0600461539304742 0.0597896030171545 0.0722714932926337 0.0706446024540868 0.0793901868143290 0.0120986627166902 0.0334013367870838
0.02823817943306907 0.0643242171642092 0.0154014036634821 0.0026071957603618 0.0053633960109269 0.0646856675233287 0.0141091940136336 0.0051540998032620 0.1953804778681076 0.0067657003294789 0.2412223071601702 0.0625929032124826 0.0054226260325187 0.0065189334416278 0.0078254008431630 0.0075997481341042 0.0218418667147041 0.0385698544853564 0.2145974122904466 0.0055281532447081 0.0144894366902646
0.027382649860263505 0.0360859043005936 0.0096064225731799 0.0020229972554735 0.0038340491346733 0.0294527585532757 0.0053949877287781 0.0030257129561609 0.3330070562441416 0.0046622452529319 0.1617400468805335 0.0459006340886366 0.0040869759852099 0.0041119653567546 0.0047917423421518 0.0047436445751589 0.0119610243873555 0.0301229858232476 0.2960170918654300 0.0020662408774711 0.0073655083899594
0.026102207266297837 0.0553264686635995 0.0071162159102530 0.0314549175438712 0.0717800656200021 0.0076654551417462 0.0254715249865265 0.0283707343223793 0.0204883966849600 0.2504021002300355 0.0322210489226640 0.0181640991099792 0.0552067909464343 0.0145565619620988 0.0859505688750138 0.1448830512761532 0.0609166382002410 0.0509222312476723 0.0260625112872165 0.0032192430844561 0.0098213759521306
0.02504420236126162 0.1084441973461714 0.0264187590753190 0.0325054127175250 0.0267887187284640 0.0142370486449408 0.0622219214870100 0.0197943599692343 0.0189846280519598 0.0285750239838195 0.0259759330982226 0.0140540467793982 0.0794666219341384 0.0249532450843209 0.0285083164968095 0.0271809587985415 0.2937461991795810 0.1225592370658614 0.0289016508876480 0.0034900136582840 0.0131937140668869
0.024893058803399305 0.2327727474957017 0.0297179521908310 0.0210530212353009 0.0304916430412607 0.0180325459605730 0.0681980684326647 0.0151732890856160 0.0319679803267620 0.0263772540083668 0.0408560598888255 0.0227062298534098 0.0332891413422349 0.0246989136891690 0.0287484682699140 0.0246392052864184 0.1731903700527223 0.0997302885421201 0.0608145691369628 0.0042514011471404 0.0132908513932378
0.02443677636456967 0.0533991500046587 0.0138216848583857 0.0231852366989285 0.0457108092247845 0.0138563953328673 0.0293357114104356 0.0476553071133241 0.0241766701339390 0.1474837032483109 0.0445672594374565 0.0207417034304682 0.0443206283699045 0.0158586106197298 0.0793197533685069 0.2338826006289307 0.0600749668506871 0.0460876189727463 0.0308688831175168 0.0074205553608199 0.0182327485142091
0.023373067929048082 0.0234417077986577 0.0068391658157779 0.0012786772933982 0.0024041009740085 0.0126112470553996 0.0025098081033558 0.0016126237002319 0.3842999758389247 0.0026016238737035 0.0790431443245883 0.0205790021691275 0.0024436616013423 0.0026181167581209 0.0025571642070775 0.0025680360280658 0.0063887544108606 0.0193154881616838 0.4226297576571072 0.0008910359746431 0.0033669040821232
0.022326470084982605 0.0659185664423446 0.0041376332549993 0.1413834624671178 0.3415778141999745 0.0052702159992338 0.0270078401684331 0.0193261883184778 0.0120464683687907 0.0635752318433150 0.0191397803555104 0.0094686967160006 0.0387340119750990 0.0133954717975993 0.0899408684012260 0.0347518732275571 0.0477119005989018 0.0343899690294981 0.0229430148387180 0.0018242877642064 0.0074567095700421
0.022178178292362974 0.0269341870188970 0.0063048543888675 0.0116596292172515 0.0279490230367657 0.0050891618750483 0.0154075479886875 0.0229196521297082 0.0124724866387712 0.3369846838925303 0.0215768036077901 0.0122868192238077 0.0322617909499936 0.0079366925827227 0.0583655762321636 0.3113200728885459 0.0366766592479751 0.0289124098804474 0.0152534992829414 0.0028961439656640 0.0067923055953208
0.022141105344208066 0.0791063154243400 0.0207566131240180 0.0105692834170379 0.0210728738450742 0.0294553181951062 0.0171313045299420 0.0120851691810689 0.1706174637707661 0.0243341059649710 0.1025861198905345 0.0559763600103026 0.0202785417927881 0.0147692983021249 0.0216841757359949 0.0221858924024469 0.0560799522511269 0.1062528188023181 0.1942738677527368 0.0047002491759176 0.0160842700824211
0.02145097815547824 0.0214022069861739 0.0066487898560357 0.0014320977520339 0.0026287876666844 0.0375649154601170 0.0033169465749799 0.0026329892482186 0.3378347593725081 0.0034335646604360 0.2833871518745008 0.0640531544615793 0.0030437842307896 0.0027709140289551 0.0040888690029247 0.0037230827498671 0.0073869939759373 0.0180972343121511 0.1872150054333959 0.0023191935924222 0.0070195634581228
0.021171505161695088 0.0598957606317349 0.0179812563441541 0.0085897656870690 0.0174369605786638 0.0543402911584052 0.0171573706919450 0.0182744911214978 0.0990166610546875 0.0252430032080550 0.2794294175646557 0.0960280076778018 0.0170808535426994 0.0132015004649785 0.0327785850383890 0.0295771614277209 0.0409070817941811 0.0478825076710668 0.0894919166635237 0.0102698266907328 0.0254175871293103
0.020065020247533222 0.0365619589454237 0.0034746984921973 0.0084876774064239 0.0058051934032124 0.0019328426346359 0.8695357286810708 0.0028585544995736 0.0022632112319497 0.0053003543484934 0.0035395436247869 0.0018635111904491 0.0103295022281126 0.0023646448136866 0.0036298913527572 0.0061291243915575 0.0239154943629902 0.0055100291864694 0.0041141058470719 0.0009341734005543 0.0014497518642410
0.020030799064621 0.0961340342043837 0.0239190653346143 0.0040694160066894 0.0083676750573583 0.0205902853025904 0.0106065898656420 0.0047846107728437 0.1827080385624822 0.0082571227678623 0.0908981974081981 0.0333090166652434 0.0075352968118416 0.0082730107719898 0.0076576329251353 0.0077932827651581 0.0282445500370053 0.0641116875092514 0.3826790271847414 0.0022713084929263 0.0077901456636778
0.019822620201904978 0.0582437453086775 0.0068574072888905 0.2436939136566410 0.1567754315743269 0.0078903940987191 0.0532116229135127 0.0297300496002303 0.0114149685315870 0.0490936728804144 0.0176707633719962 0.0085609462216147 0.0995208445531732 0.0197957120811628 0.0493536886282918 0.0315001484132969 0.0812395674312851 0.0429053512548568 0.0186643964780541 0.0023749090934379 0.0115024680000000
0.01911823418696173 0.1176771028315679 0.0106119154715799 0.0337799803658063 0.0465185811294942 0.0140553853413398 0.0342385930896614 0.0223231219054155 0.0279757968081457 0.0444160525834701 0.0440346409980608 0.0148750964315978 0.0314508044260779 0.2427926786513502 0.0437531604042966 0.0398519679078025 0.1093892943831121 0.0622134980292406 0.0435655118170967 0.0040889601048784 0.0123878491194988
0.018664803513374777 0.1049405617160759 0.0253979957085880 0.0161465017327323 0.0230817314434597 0.0154797414550733 0.0236909973095965 0.0144973714440709 0.0540702027964547 0.0296918156931540 0.0432541956891809 0.0301960860058068 0.0407730617305929 0.0159416796714547 0.0247635956664120 0.0254234671537286 0.1355984870446209 0.2764843641503673 0.0855182072478606 0.0034050726077323 0.0116448605705990
0.018510808190269776 0.0095756040534587 0.0045653451822523 0.0011821967437066 0.0020102372635958 0.0437246800956709 0.0020937327367121 0.0027932437719766 0.0818338399793560 0.0029136221605299 0.6931190836542923 0.0743987189154214 0.0021022350417502 0.0027128856981974 0.0046748325219535 0.0034502494304420 0.0058819767804655 0.0078092661019874 0.0470130184224311 0.0021717798867047 0.0059734603182868
0.018191410483089032 0.0370234651080486 0.0025294987974006 0.3178402826495467 0.3636068861572190 0.0030922918778579 0.0243365758495147 0.0133993237751331 0.0058962950657689 0.0290836444752584 0.0096430959852798 0.0048377411420295 0.0418949413205449 0.0098284521545568 0.0459092318728469 0.0151618890075164 0.0365307275086125 0.0212680658706545 0.0122669441118073 0.0009940190166928 0.0048566290609145
0.017817829236297267 0.1035763232538413 0.0107067036690141 0.0306539338524327 0.0205454190907491 0.0057120683112996 0.5996193967669667 0.0090642961630922 0.0067431098921258 0.0178294759084506 0.0103263444383803 0.0054848346181178 0.0346435611109155 0.0076946558791614 0.0125566919985595 0.0176741720464148 0.0688623091581306 0.0188117055611395 0.0124786060814657 0.0023154598301857 0.0047009331062740
0.017735128044259398 0.2360001297797078 0.0381406361532401 0.0055562899255668 0.0093386562704616 0.0257305989030391 0.0399731153209520 0.0055186290302299 0.0916000581572600 0.0085493563888567 0.0821211503682264 0.0324534222833253 0.0098710347467439 0.0125254572194887 0.0091688454478212 0.0085379474167391 0.0730606938446696 0.0871723239009487 0.2121349194886636 0.0036018545328670 0.0089448858054350
0.017264586779216336 0.0434348991144887 0.0135204815853296 0.0992789752405417 0.0380948522101437 0.0114019367882042 0.0524839096662812 0.0506788285078475 0.0149636264870313 0.0494850796254750 0.0201889232877915 0.0109259780274244 0.2881299867834134 0.0110031554245828 0.0364342442656534 0.0362138763637866 0.1247356549017016 0.0592482047100611 0.0186124457541718 0.0030779253503387 0.0180870188969106
0.017238920892032168 0.0841229176397618 0.0152874635224942 0.0623708240188555 0.0475146818087992 0.0113555066283494 0.3140850178630505 0.0227526764856103 0.0128263824856102 0.0457182872451207 0.0207708097634803 0.0109403528992722 0.0781020853724778 0.0156583121748263 0.0322505145117433 0.0415139075358915 0.1096079020559048 0.0380008578236850 0.0211858076604368 0.0051863260345683 0.0107493734718823
0.016041179490104373 0.4010347523995725 0.0396407243489158 0.0099989884052613 0.0172186425488802 0.0122571710446142 0.0569098823357625 0.0076703819614291 0.0339941584472094 0.0134713019123712 0.0343333680785640 0.0180751703592250 0.0132767145529684 0.0200299194904017 0.0131520758204764 0.0122917014687165 0.1050486423480270 0.0851758202061855 0.0959128499626733 0.0025697085033772 0.0079380288259865
0.016018365368162892 0.0124078246378850 0.0043271838115008 0.0011629839324193 0.0020356222058037 0.0141422633790277 0.0019098342508457 0.0016095338999822 0.5514841034359973 0.0027390665675627 0.0986801349902083 0.0316794486373509 0.0024461360259924 0.0019776274320099 0.0025216546617411 0.0025668348985222 0.0050533238000709 0.0144978412337547 0.2441843294570056 0.0009394566865409 0.0036347969040413
0.01573318884389437 0.4903966369403668 0.0275997374475258 0.0053998198435743 0.0077181904164221 0.0059380221892332 0.0803760801765453 0.0038280903623346 0.0110408016840672 0.0062593170783035 0.0121773989372848 0.0074803933603407 0.0094717853543592 0.0098849885693312 0.0070506321149175 0.0062618595053471 0.2183228221678447 0.0533635177614646 0.0321690828203733 0.0012698439131593 0.0039909827743339
0.01508868989904751 0.1097413446947647 0.0080252978873559 0.0197577760136080 0.0278624838348138 0.0085843470489510 0.0237096631638632 0.0147354770914761 0.0178485713025894 0.0269120483369874 0.0327089626195425 0.0094038482262332 0.0182846802101683 0.4619310328860323 0.0277255750028350 0.0246342162198072 0.0848433029767530 0.0422476468569268 0.0310854209261012 0.0026542182126252 0.0073040895188055
0.014817772200992414 0.0302277799903773 0.0051245187093918 0.4522987103541191 0.1178631325173209 0.0048096599347575 0.0336742867463434 0.0225154242057352 0.0068292377494224 0.0247167729988453 0.0094848678539262 0.0049355341068130 0.1393200937047728 0.0092675670494611 0.0255122742886836 0.0158209618392995 0.0530518086393379 0.0249345196439569 0.0107379702809853 0.0013715087525404 0.0075033605007698
0.014429932127987224 0.3078264183148741 0.0346571309147548 0.0093214661900711 0.0104284312743276 0.0077451805777293 0.0654391591475475 0.0065304894038766 0.0115218100775316 0.0091162448453322 0.0141197896791933 0.0089355875723892 0.0194371581097705 0.0135143318937896 0.0109152957272547 0.0091612891176820 0.3473865605221527 0.0777313772428798 0.0288537800858385 0.0017680563871638 0.0055904446746439
0.013999315576341756 0.0419804190364636 0.0103223835823589 0.0015069784660827 0.0027060398775718 0.0088631326015483 0.0031734510645755 0.0016794506757588 0.2262860389305360 0.0027359066673456 0.0550403405569362 0.0156929481283357 0.0026127490301486 0.0026220276591974 0.0025885355398249 0.0026442832711347 0.0082084950994092 0.0252474197036057 0.5824959091464661 0.0008432256044816 0.0027502535699735
0.013702731991102493 0.6631037003121771 0.0177967779579605 0.0030225596395421 0.0046425132318419 0.0034327006630593 0.0692435960318418 0.0024172023829345 0.0097899735444330 0.0037271158878253 0.0095248819207079 0.0053980819075962 0.0046119202657649 0.0065206480372528 0.0041015104426639 0.0039544553132154 0.1161731415837669 0.0327277030505723 0.0364291480031219 0.0009224589723621 0.0024599130228928
0.01348314606741573 0.0454216367068528 0.0250278780511844 0.0084264070607022 0.0113441832889171 0.2133930092216583 0.0164475524098986 0.0285713916702623 0.0772589284094754 0.0141648857220813 0.1426988384708123 0.0448883452051607 0.0170102183288918 0.0106758958976311 0.0170639197603638 0.0182366246969120 0.0396039306450930 0.0331474464170897 0.0762468702770728 0.0333411684500846 0.1270308623752117
0.013266411908971654 0.0281642404660651 0.0102030357547251 0.0103706376866409 0.0219410419508161 0.0072027002102664 0.0170175370126718 0.0341862553661942 0.0132590136902923 0.1929122641516321 0.0256228015141752 0.0122648298399914 0.0262258231108247 0.0088469644443729 0.0562267046907217 0.4446475255584187 0.0349004342375429 0.0251498980562715 0.0158143701192009 0.0051495488152277 0.0098943764422250
0.013237894256544801 0.0133193960639808 0.0119125461828953 0.0040040612841447 0.0048963947912537 0.2975289685480401 0.0053919259446359 0.0411430835717363 0.0162926212699268 0.0059308203498490 0.0399986566932356 0.0106115332464455 0.0105008316510125 0.0035125512091771 0.0076462428672986 0.0084736236613529 0.0152549897630335 0.0103206465816458 0.0173637844465747 0.0238515305374838 0.4520457901766481
0.013223635430331376 0.0152986804571920 0.0120872759299116 0.0038184559553591 0.0046023230847530 0.4157017394867374 0.0056659593804184 0.0269973407977140 0.0246576742618073 0.0056654688949751 0.0667358262712961 0.0169809419629071 0.0087504313642440 0.0038218737151175 0.0070176691442743 0.0075519332415355 0.0161205034479189 0.0111623589872762 0.0244921748490404 0.0259352251958162 0.2969361412551220
0.012927051845092113 0.0261363060864767 0.0127705561623649 0.0025466709417605 0.0038176776415179 0.2234933135671736 0.0074844558775645 0.0076366935574674 0.0950477194043679 0.0046614121839842 0.3618291956761532 0.0726786397176264 0.0050376435534966 0.0048619974685638 0.0071486288660930 0.0063308848140305 0.0152635930880211 0.0178735909508051 0.0704458274873152 0.0119574254204721 0.0429777698155747
0.012188444647236639 0.0404953790383715 0.0167423309033692 0.0324027153500234 0.0321951903673374 0.0402344321310248 0.0227150310442208 0.2490106461628453 0.0192399097905942 0.0417293358423023 0.0403720391623774 0.0161461237515209 0.0875470995250352 0.0142860184777726 0.0753463182030885 0.0627537533785681 0.0566036534861955 0.0335695285774450 0.0242902763102480 0.0095450904398690 0.0847751251076275
0.011663719842582559 0.0534162769770284 0.0105266563954057 0.0325386106583578 0.0945598982697948 0.0136874399960900 0.0243663288462854 0.0644278405366570 0.0224576735674487 0.0795555209093353 0.0538710755498533 0.0295861235136852 0.0436840391964809 0.0162699115596286 0.2320430276148581 0.0779634458389541 0.0538118788660801 0.0428647601515151 0.0306649137609971 0.0053065409291300 0.0183980467482893
0.011640905720641076 0.0705280710436061 0.0159893925438511 0.0166119694174424 0.0119085026553160 0.0069953125188633 0.0252570101178344 0.0086053319436550 0.0139795967827045 0.0157281880455659 0.0146847474872613 0.0098961031489466 0.0429998800754532 0.0127739804936306 0.0127435772611466 0.0137267474220970 0.3464278559529647 0.3319098248407641 0.0212969382631063 0.0019088681560510 0.0060280887229300
0.011563908059088576 0.0373210468039457 0.0231744220300863 0.0149093453307028 0.0173666166182491 0.1512346023329225 0.0157907093674477 0.1013253779191123 0.0269672606091245 0.0209691746855733 0.0560635801997533 0.0190920406239211 0.0335042623935882 0.0092960965630087 0.0262742799689272 0.0290590811450062 0.0436057630801479 0.0277811606189889 0.0327325498618987 0.0306540185363749 0.2828786177558574
0.01116180915986996 0.3439184606741575 0.0215924163845761 0.0075565214989786 0.0089212568273749 0.0093095242898365 0.3334778965781411 0.0050223029581205 0.0130800665812053 0.0075303048245659 0.0174883594879981 0.0094744536659857 0.0116386186001022 0.0104091907178243 0.0078487662941777 0.0081278948112869 0.1169485915347294 0.0320256951506640 0.0284052422369766 0.0022484910826609 0.0049759578094995
0.00994980893172874 0.0220067309979927 0.0039604406068253 0.0092617262285632 0.0258824080326929 0.0035195773550329 0.0116402796578719 0.0136011867152280 0.0109424594958417 0.5141036971608840 0.0158582565357041 0.0113773088821337 0.0299820797568110 0.0065050496260396 0.0445309332228276 0.2065642972928019 0.0271554894952680 0.0243129852193862 0.0123977739460852 0.0019531866626613 0.0044441274542587
0.009715964181828551 0.0656767597182271 0.0044268917660699 0.0078423071852069 0.0110570547029645 0.0049128470234812 0.0119657875380099 0.0076488001356031 0.0092985024854709 0.0109363747980628 0.0167566058837688 0.0050419067238038 0.0076131562979161 0.7264721875550321 0.0119729797105958 0.0104677025635457 0.0446626866979747 0.0215521338641033 0.0160513415068976 0.0015237253479307 0.0041202545165835
0.009593338276393087 0.1040623507850134 0.0288430542027951 0.0138015032280702 0.0089619288873030 0.0068928114501933 0.0423704996904550 0.0076545554677372 0.0079627801674100 0.0098081743562295 0.0114536200567944 0.0061885591489741 0.0329831389690752 0.0125749254109426 0.0092667615090693 0.0100509646238478 0.5571481742491823 0.1088083416384180 0.0135607543826940 0.0017819881299435 0.0058251113568243
0.009142759368048823 0.0226751369806612 0.0137484408524641 0.0033947777476607 0.0041604744142233 0.4101864940736126 0.0075848179775420 0.0112737876827823 0.0603663939550842 0.0055346597211479 0.1961236663443544 0.0433156368247037 0.0069040645433561 0.0044384333777293 0.0065175996400498 0.0070819124968809 0.0172917619120399 0.0162749910449157 0.0507156939176544 0.0204337457096070 0.0919775123998752
0.0085296298408715 0.0316704169809492 0.0022383159435161 0.1347022774732621 0.6066767677139049 0.0029811866554144 0.0145702518282085 0.0088788843572861 0.0059616153923799 0.0283102259542113 0.0094257023181818 0.0051253389799465 0.0180069103258689 0.0054460241340240 0.0604000315407754 0.0133537271577541 0.0208928472703877 0.0152000622627007 0.0115898616631015 0.0009939760082219 0.0035755646126337
0.007078081332344721 0.0456031477800161 0.0125955000060435 0.0096850913283642 0.0081640709210314 0.0053780520008058 0.0113338472687349 0.0057507653340048 0.0187829973892021 0.0111050569496374 0.0149897068388397 0.0108947760116841 0.0258572565479452 0.0068499476063659 0.0079589309746173 0.0100741281458501 0.1810152268331991 0.5797902888799343 0.0285637654375504 0.0013434425737309 0.0042639968098308
0.006966862487879998 0.0336475730495291 0.0097778727724110 0.0043557684306181 0.0081270264388048 0.0377585728379042 0.0087753594666393 0.0073342675923045 0.1088998828923455 0.0130372170810479 0.2447640913917314 0.3420210523945972 0.0090428390286532 0.0051272586844045 0.0196642123626689 0.0125725261232092 0.0207906722472371 0.0318740859476054 0.0659083242120344 0.0047538377014327 0.0117675707732296
0.006849940112929904 0.0095211326082432 0.0100040276640300 0.0036018564392173 0.0041242075657785 0.1792253158451292 0.0037055996565360 0.0464041000815986 0.0087686442431309 0.0043287150874271 0.0215078529425479 0.0061317360095753 0.0095116203942547 0.0028024824467111 0.0058672757585346 0.0066539109696087 0.0107217113613656 0.0072071345532890 0.0101004744325561 0.0185257390595337 0.6312864683597013
0.006750128329435921 0.0099507313320660 0.0074578892378538 0.0021545927380652 0.0027208465327418 0.6449354216307557 0.0034819593329108 0.0092561359797212 0.0223035090599917 0.0032045336966625 0.0718354763785383 0.0162153996653993 0.0041501108926912 0.0024642687215885 0.0034153198267849 0.0036838721411069 0.0096951829966204 0.0071029464609211 0.0196080359581751 0.0146919246492607 0.1416718348331222
0.0060970740888610046 0.0147508193994388 0.0026696134377923 0.7170489550982215 0.0709757119878391 0.0023906179111318 0.0154818556010292 0.0115760411861553 0.0034187555304023 0.0098068639667914 0.0046861044859681 0.0025585938971002 0.0757756125444341 0.0045119900201123 0.0112926426407858 0.0070044903213283 0.0245030679897101 0.0115479321501404 0.0053179512090740 0.0006933597967727 0.0039890167366698
0.00519306450692979 0.1135864523283910 0.3101555645249857 0.0128070207616694 0.0115920682410764 0.0297253977067545 0.0337593576441515 0.0152774429181768 0.0307413323778143 0.0139264807358594 0.0434532163646348 0.0193085591652938 0.0268857845359693 0.0109183119176277 0.0144327141954970 0.0194109156073586 0.1362021448984075 0.0639153512850083 0.0613381129983525 0.0093548909791323 0.0232088927160901
0.004214909028688758 0.0357439861637348 0.0203431674073072 0.0099769674945873 0.0128515227300406 0.1198557102774019 0.0226808435588634 0.0231637616163735 0.0283337899864683 0.0177427636711772 0.0657451127469554 0.0225413002503383 0.0156907696874154 0.0105535921400542 0.0174979184600812 0.0291060538504736 0.0355689200270635 0.0248589102841678 0.0313018736468200 0.3550693437077136 0.1013736617185386
0.004160725489077739 0.0217709057779301 0.0086856121398218 0.0698840575339273 0.0159914905140507 0.0064787541788897 0.0226204450747087 0.0378263678163125 0.0090401894681288 0.0222105559506511 0.0111048169294037 0.0064910837155586 0.5999684468814253 0.0059115472583962 0.0171762173536669 0.0162466540534612 0.0741040756682659 0.0306928862302947 0.0112302354489377 0.0015627490034270 0.0110028955284441
0.004018137226943478 0.0141335621290779 0.0073438856007092 0.0046671306950354 0.0088803055014185 0.0043203375489361 0.0084199583624113 0.0188837487773050 0.0069167361744681 0.0908227189553192 0.0136109133666666 0.0058835939163120 0.0111647315865248 0.0038524941170213 0.0256501912581560 0.7317746659574459 0.0154544310021278 0.0118616963475177 0.0078763480219858 0.0031153359868085 0.0053672060900710
0.003057092340158558 0.0294291687126866 0.0056238461716418 0.0141833847126866 0.0668760291231343 0.0083257080298507 0.0138351789272389 0.0739862920027985 0.0116540340186566 0.0389093292490672 0.0356651221819030 0.0212388576464552 0.0253476640457090 0.0103737400055970 0.5210122919776120 0.0388573620167910 0.0315937863059702 0.0230784090671642 0.0158665504011194 0.0030289039645522 0.0111143556156716
0.003039981748702447 0.0127985792401500 0.0130511738574109 0.0041957358667918 0.0056110808208255 0.0468888668780488 0.0088958772213884 0.0080059240947467 0.0104291090909945 0.0070404313986867 0.0287964633799248 0.0078593521923077 0.0064913184277674 0.0045302745666042 0.0072263370150094 0.0127867206538461 0.0172947250281425 0.0105729071388367 0.0115494385497186 0.7359662589118204 0.0400094285365854
0.0026293275537557746 0.0195699745770065 0.0067787653958785 0.0154334644338395 0.0125097781898048 0.0185093298752711 0.0097838687668113 0.6270425770065076 0.0096909931973969 0.0140457352255965 0.0192733283861172 0.0078091374099783 0.0572260508893709 0.0066689272830802 0.0493410430043384 0.0228429192342733 0.0251242590997831 0.0163059073535792 0.0117391364989154 0.0037239796095445 0.0465808083047723
0.002173045114926139 0.0176746545590550 0.8344526640419941 0.0052095947152232 0.0048018418070865 0.0073631209671916 0.0091898971758530 0.0051711837847769 0.0081692085052496 0.0051318459553807 0.0107330627204726 0.0043885851338583 0.0063709426181102 0.0040762120301838 0.0047669513818897 0.0082287669986876 0.0294572474540681 0.0129058942086614 0.0116794737782152 0.0029868986496063 0.0072419508097112
