# This script is generated automatically.
# Vector of amino acid stationary distributions.
distributions <- [
              [0.0892316738704697, 0.013198718215732153, 0.058352617244433636, 0.06497454996587028, 0.013128322736876148, 0.05761447222899397, 0.03837848556964073, 0.019695829600601227, 0.07724837842873392, 0.030372672537786485, 0.01614622297960342, 0.08940980143263429, 0.02407873686681293, 0.06470747103445473, 0.06784962442597102, 0.14278924964245063, 0.08115648028360142, 0.030111038270193062, 0.004378912733382072, 0.01717674406704042]
            , [0.01896453023948856, 0.007628886880525775, 0.002142298819906352, 0.003962530208850408, 0.06030375848843066, 0.004315013314576455, 0.004920228499414803, 0.1214098639506618, 0.005536714698901574, 0.5274556669667768, 0.10236238680111619, 0.004127320296839897, 0.004224431067254935, 0.008636979878094996, 0.0067083114594400015, 0.010574848831457775, 0.015271794337174752, 0.07613488282434504, 0.0037900751101647675, 0.011529479531736726]
            , [0.09128425918887488, 0.006151563839131688, 0.09238331369609462, 0.18473891554414185, 0.00779062328181028, 0.03368044510659948, 0.027404852656749683, 0.01734650084106991, 0.10006806113189284, 0.02907073019003789, 0.013835748432115491, 0.05280920841457509, 0.017888919563232915, 0.09123849210097904, 0.0689580357408664, 0.07134057000581451, 0.05122845199244114, 0.02951899525302821, 0.0027097551898730646, 0.010552564167748801]
            , [0.02569105258920655, 0.00824768537440286, 0.0017347563421997725, 0.00349019611077344, 0.051250362926373735, 0.0047356176947803, 0.003722842149316813, 0.20894717552344408, 0.004637214349808114, 0.40848988027130606, 0.0774205033185885, 0.0035845020827681776, 0.0039644365211834835, 0.006010231651037069, 0.005475077836872157, 0.010150783570923042, 0.01920855598348574, 0.13996476028605132, 0.003548507217241712, 0.009725856296962505]
            , [0.07649828892129158, 0.019803234919374378, 0.024633485751564023, 0.0457633579924319, 0.03764077316104946, 0.025100442087890966, 0.034978374364480314, 0.0679890303380424, 0.05630508765852672, 0.11094844211907165, 0.05239745984359244, 0.03853793253239152, 0.021762053800201818, 0.06004615393047423, 0.059789603017154455, 0.0722714932926337, 0.07064460245408677, 0.07939018681432897, 0.012098662716690217, 0.033401336787083756]
            , [0.06432421716420918, 0.015401403663482126, 0.0026071957603618287, 0.005363396010926932, 0.06468566752332866, 0.014109194013633614, 0.005154099803261959, 0.19538047786810764, 0.006765700329478916, 0.24122230716017018, 0.06259290321248258, 0.005422626032518703, 0.006518933441627791, 0.007825400843162963, 0.007599748134104155, 0.021841866714704124, 0.03856985448535641, 0.21459741229044657, 0.005528153244708139, 0.01448943669026458]
            , [0.03608590430059364, 0.009606422573179858, 0.0020229972554734743, 0.003834049134673251, 0.029452758553275685, 0.005394987728778111, 0.0030257129561609107, 0.3330070562441416, 0.004662245252931907, 0.1617400468805335, 0.0459006340886366, 0.004086975985209872, 0.004111965356754559, 0.004791742342151767, 0.004743644575158933, 0.011961024387355537, 0.030122985823247593, 0.29601709186542996, 0.002066240877471111, 0.007365508389959374]
            , [0.05532646866359949, 0.007116215910253028, 0.031454917543871155, 0.07178006562000211, 0.007665455141746158, 0.025471524986526488, 0.028370734322379257, 0.02048839668496004, 0.25040210023003545, 0.03222104892266399, 0.018164099109979216, 0.055206790946434305, 0.014556561962098842, 0.08595056887501382, 0.1448830512761532, 0.06091663820024097, 0.05092223124767226, 0.02606251128721654, 0.0032192430844561193, 0.009821375952130566]
            , [0.10844419734617144, 0.026418759075319046, 0.032505412717525044, 0.026788718728464018, 0.014237048644940804, 0.06222192148701002, 0.019794359969234274, 0.018984628051959773, 0.02857502398381949, 0.02597593309822263, 0.014054046779398234, 0.07946662193413845, 0.024953245084320886, 0.028508316496809485, 0.027180958798541488, 0.293746199179581, 0.12255923706586141, 0.028901650887648025, 0.003490013658283958, 0.013193714066886929]
            , [0.2327727474957017, 0.02971795219083096, 0.02105302123530087, 0.030491643041260744, 0.018032545960573024, 0.06819806843266474, 0.015173289085616031, 0.03196798032676204, 0.02637725400836679, 0.0408560598888255, 0.02270622985340975, 0.03328914134223495, 0.02469891368916904, 0.028748468269914042, 0.024639205286418362, 0.17319037005272228, 0.09973028854212009, 0.06081456913696277, 0.004251401147140404, 0.013290851393237817]
            , [0.053399150004658724, 0.013821684858385743, 0.023185236698928465, 0.045710809224784536, 0.013856395332867345, 0.029335711410435596, 0.04765530711332408, 0.024176670133938975, 0.14748370324831095, 0.044567259437456534, 0.020741703430468203, 0.04432062836990448, 0.015858610619729794, 0.07931975336850686, 0.23388260062893068, 0.06007496685068713, 0.046087618972746304, 0.030868883117516788, 0.0074205553608199405, 0.018232748514209147]
            , [0.023441707798657674, 0.006839165815777891, 0.0012786772933981866, 0.002404100974008533, 0.012611247055399587, 0.0025098081033557915, 0.0016126237002319459, 0.3842999758389247, 0.002601623873703454, 0.07904314432458825, 0.020579002169127482, 0.002443661601342309, 0.002618116758120858, 0.0025571642070774704, 0.0025680360280657746, 0.006388754410860634, 0.019315488161683804, 0.4226297576571072, 0.0008910359746430747, 0.0033669040821231663]
            , [0.06591856644234463, 0.0041376332549993376, 0.1413834624671178, 0.3415778141999745, 0.005270215999233843, 0.027007840168433092, 0.01932618831847785, 0.012046468368790711, 0.06357523184331502, 0.019139780355510366, 0.009468696716000598, 0.03873401197509897, 0.013395471797599298, 0.08994086840122603, 0.03475187322755713, 0.04771190059890182, 0.034389969029498146, 0.022943014838717968, 0.0018242877642063622, 0.007456709570042078]
            , [0.026934187018896986, 0.006304854388867461, 0.011659629217251513, 0.027949023036765667, 0.005089161875048286, 0.0154075479886875, 0.022919652129708187, 0.012472486638771235, 0.33698468389253033, 0.0215768036077901, 0.012286819223807654, 0.032261790949993555, 0.007936692582722744, 0.058365576232163555, 0.31132007288854585, 0.03667665924797514, 0.028912409880447385, 0.015253499282941424, 0.002896143965663958, 0.006792305595320763]
            , [0.07910631542434, 0.020756613124018043, 0.010569283417037882, 0.021072873845074152, 0.029455318195106238, 0.01713130452994195, 0.012085169181068863, 0.1706174637707661, 0.02433410596497102, 0.10258611989053446, 0.05597636001030256, 0.020278541792788127, 0.014769298302124879, 0.021684175735994852, 0.02218589240244686, 0.056079952251126886, 0.10625281880231811, 0.19427386775273675, 0.00470024917591758, 0.016084270082421123]
            , [0.021402206986173858, 0.006648789856035687, 0.0014320977520339215, 0.002628787666684368, 0.03756491546011701, 0.003316946574979919, 0.0026329892482185695, 0.33783475937250806, 0.0034335646604359837, 0.28338715187450075, 0.06405315446157935, 0.003043784230789638, 0.0027709140289550876, 0.004088869002924711, 0.0037230827498670738, 0.007386993975937325, 0.018097234312151073, 0.1872150054333959, 0.002319193592422185, 0.007019563458122824]
            , [0.05989576063173492, 0.0179812563441541, 0.00858976568706904, 0.017436960578663778, 0.05434029115840521, 0.017157370691945, 0.018274491121497836, 0.0990166610546875, 0.025243003208054955, 0.2794294175646557, 0.09602800767780183, 0.017080853542699382, 0.013201500464978515, 0.03277858503838901, 0.029577161427720888, 0.04090708179418107, 0.047882507671066804, 0.0894919166635237, 0.010269826690732757, 0.02541758712931034]
            , [0.03656195894542372, 0.00347469849219733, 0.008487677406423859, 0.005805193403212401, 0.0019328426346359034, 0.8695357286810708, 0.00285855449957359, 0.0022632112319497383, 0.005300354348493387, 0.0035395436247869227, 0.0018635111904490957, 0.010329502228112554, 0.002364644813686624, 0.003629891352757226, 0.006129124391557481, 0.023915494362990244, 0.00551002918646943, 0.004114105847071947, 0.0009341734005543015, 0.0014497518642410216]
            , [0.09613403420438371, 0.023919065334614287, 0.004069416006689364, 0.008367675057358283, 0.0205902853025904, 0.010606589865642009, 0.004784610772843707, 0.18270803856248224, 0.008257122767862272, 0.0908981974081981, 0.03330901666524339, 0.007535296811841587, 0.00827301077198981, 0.007657632925135268, 0.007793282765158081, 0.028244550037005316, 0.06411168750925136, 0.3826790271847414, 0.002271308492926282, 0.007790145663677792]
            , [0.058243745308677514, 0.0068574072888904734, 0.243693913656641, 0.15677543157432688, 0.007890394098719125, 0.05321162291351274, 0.029730049600230256, 0.01141496853158705, 0.04909367288041445, 0.01767076337199619, 0.008560946221614674, 0.0995208445531732, 0.01979571208116275, 0.04935368862829183, 0.03150014841329687, 0.08123956743128508, 0.04290535125485684, 0.018664396478054082, 0.0023749090934378934, 0.011502468000000023]
            , [0.11767710283156792, 0.010611915471579903, 0.03377998036580633, 0.046518581129494245, 0.014055385341339766, 0.03423859308966137, 0.022323121905415487, 0.027975796808145742, 0.04441605258347008, 0.04403464099806075, 0.014875096431597835, 0.03145080442607785, 0.24279267865135024, 0.043753160404296554, 0.03985196790780249, 0.1093892943831121, 0.06221349802924062, 0.04356551181709669, 0.004088960104878394, 0.012387849119498757]
            , [0.10494056171607585, 0.025397995708587986, 0.01614650173273228, 0.023081731443459718, 0.01547974145507328, 0.023690997309596507, 0.014497371444070933, 0.05407020279645475, 0.029691815693154038, 0.043254195689180874, 0.030196086005806845, 0.040773061730592905, 0.01594167967145473, 0.024763595666411987, 0.025423467153728552, 0.13559848704462094, 0.27648436415036726, 0.08551820724786063, 0.003405072607732273, 0.01164486057059903]
            , [0.009575604053458711, 0.004565345182252345, 0.0011821967437066344, 0.0020102372635957544, 0.04372468009567093, 0.0020937327367120673, 0.0027932437719766397, 0.08183383997935603, 0.002913622160529948, 0.6931190836542923, 0.07439871891542144, 0.0021022350417501737, 0.0027128856981973974, 0.004674832521953505, 0.003450249430441997, 0.005881976780465481, 0.0078092661019874415, 0.04701301842243112, 0.002171779886704658, 0.005973460318286838]
            , [0.03702346510804859, 0.0025294987974005655, 0.31784028264954667, 0.36360688615721903, 0.0030922918778579223, 0.024336575849514708, 0.013399323775133145, 0.005896295065768928, 0.029083644475258397, 0.00964309598527982, 0.0048377411420294746, 0.04189494132054493, 0.009828452154556837, 0.0459092318728469, 0.015161889007516353, 0.03653072750861254, 0.021268065870654544, 0.012266944111807274, 0.000994019016692797, 0.004856629060914507]
            , [0.10357632325384128, 0.010706703669014064, 0.030653933852432744, 0.020545419090749074, 0.005712068311299619, 0.5996193967669667, 0.009064296163092213, 0.006743109892125787, 0.01782947590845065, 0.010326344438380305, 0.00548483461811777, 0.03464356111091549, 0.007694655879161384, 0.012556691998559529, 0.01767417204641479, 0.0688623091581306, 0.0188117055611395, 0.01247860608146574, 0.0023154598301856656, 0.004700933106273959]
            , [0.23600012977970783, 0.03814063615324011, 0.005556289925566754, 0.009338656270461564, 0.025730598903039054, 0.03997311532095198, 0.00551862903022992, 0.09160005815726004, 0.008549356388856746, 0.08212115036822636, 0.032453422283325296, 0.009871034746743858, 0.012525457219488688, 0.009168845447821171, 0.00853794741673912, 0.07306069384466957, 0.08717232390094871, 0.2121349194886636, 0.0036018545328670073, 0.008944885805435007]
            , [0.0434348991144887, 0.013520481585329591, 0.09927897524054169, 0.038094852210143706, 0.011401936788204205, 0.05248390966628124, 0.05067882850784748, 0.014963626487031256, 0.04948507962547496, 0.020188923287791455, 0.010925978027424437, 0.2881299867834134, 0.011003155424582817, 0.0364342442656534, 0.036213876363786576, 0.12473565490170159, 0.059248204710061134, 0.01861244575417184, 0.0030779253503386865, 0.01808701889691061]
            , [0.08412291763976183, 0.015287463522494207, 0.06237082401885548, 0.04751468180879921, 0.011355506628349415, 0.31408501786305054, 0.022752676485610322, 0.01282638248561016, 0.04571828724512074, 0.020770809763480252, 0.01094035289927223, 0.07810208537247776, 0.015658312174826345, 0.0322505145117433, 0.0415139075358915, 0.10960790205590482, 0.038000857823685036, 0.021185807660436776, 0.005186326034568311, 0.010749373471882255]
            , [0.4010347523995725, 0.039640724348915794, 0.009998988405261346, 0.017218642548880184, 0.012257171044614247, 0.05690988233576252, 0.007670381961429088, 0.03399415844720936, 0.013471301912371163, 0.03433336807856399, 0.01807517035922501, 0.013276714552968388, 0.020029919490401706, 0.013152075820476405, 0.012291701468716547, 0.10504864234802698, 0.0851758202061855, 0.0959128499626733, 0.002569708503377191, 0.00793802882598648]
            , [0.012407824637884951, 0.004327183811500802, 0.00116298393241928, 0.00203562220580375, 0.014142263379027718, 0.0019098342508457183, 0.0016095338999821962, 0.5514841034359973, 0.002739066567562655, 0.0986801349902083, 0.0316794486373509, 0.002446136025992432, 0.0019776274320098958, 0.0025216546617411253, 0.0025668348985222467, 0.005053323800070883, 0.014497841233754673, 0.2441843294570056, 0.0009394566865408641, 0.003634796904041268]
            , [0.4903966369403668, 0.027599737447525786, 0.005399819843574315, 0.00771819041642207, 0.005938022189233207, 0.08037608017654527, 0.003828090362334599, 0.011040801684067195, 0.006259317078303475, 0.012177398937284811, 0.007480393360340742, 0.00947178535435923, 0.009884988569331205, 0.007050632114917462, 0.006261859505347148, 0.21832282216784468, 0.053363517761464564, 0.032169082820373306, 0.0012698439131593265, 0.003990982774333868]
            , [0.10974134469476474, 0.00802529788735591, 0.019757776013608012, 0.027862483834813805, 0.008584347048951016, 0.023709663163863158, 0.01473547709147606, 0.017848571302589364, 0.026912048336987383, 0.03270896261954251, 0.009403848226233236, 0.018284680210168276, 0.46193103288603227, 0.027725575002834995, 0.024634216219807183, 0.08484330297675297, 0.04224764685692682, 0.031085420926101212, 0.0026542182126251786, 0.0073040895188054705]
            , [0.03022777999037731, 0.005124518709391826, 0.45229871035411906, 0.11786313251732086, 0.004809659934757522, 0.033674286746343374, 0.02251542420573518, 0.006829237749422443, 0.024716772998845254, 0.00948486785392623, 0.0049355341068129804, 0.13932009370477283, 0.009267567049461148, 0.02551227428868359, 0.015820961839299492, 0.05305180863933795, 0.02493451964395692, 0.010737970280985346, 0.001371508752540375, 0.007503360500769805]
            , [0.3078264183148741, 0.034657130914754815, 0.009321466190071091, 0.010428431274327618, 0.007745180577729348, 0.06543915914754747, 0.006530489403876606, 0.011521810077531558, 0.009116244845332223, 0.014119789679193279, 0.008935587572389242, 0.01943715810977054, 0.013514331893789616, 0.010915295727254689, 0.009161289117682013, 0.34738656052215267, 0.07773137724287979, 0.02885378008583852, 0.0017680563871637937, 0.005590444674643903]
            , [0.04198041903646363, 0.010322383582358928, 0.0015069784660826577, 0.002706039877571828, 0.00886313260154832, 0.0031734510645754846, 0.0016794506757588368, 0.22628603893053598, 0.0027359066673456472, 0.055040340556936164, 0.01569294812833568, 0.0026127490301485964, 0.0026220276591974213, 0.0025885355398248544, 0.0026442832711346953, 0.008208495099409172, 0.02524741970360568, 0.5824959091464661, 0.0008432256044815858, 0.0027502535699735348]
            , [0.6631037003121771, 0.01779677795796046, 0.003022559639542108, 0.0046425132318419285, 0.0034327006630593057, 0.06924359603184183, 0.0024172023829345003, 0.009789973544433006, 0.0037271158878252678, 0.00952488192070787, 0.005398081907596216, 0.004611920265764881, 0.006520648037252837, 0.004101510442663908, 0.003954455313215449, 0.11617314158376693, 0.032727703050572265, 0.036429148003121865, 0.0009224589723620946, 0.002459913022892765]
            , [0.045421636706852835, 0.02502787805118444, 0.008426407060702183, 0.011344183288917134, 0.21339300922165827, 0.01644755240989857, 0.028571391670262278, 0.07725892840947544, 0.014164885722081286, 0.1426988384708123, 0.04488834520516074, 0.017010218328891793, 0.010675895897631137, 0.017063919760363786, 0.018236624696912028, 0.03960393064509304, 0.03314744641708965, 0.07624687027707279, 0.03334116845008464, 0.12703086237521166]
            , [0.028164240466065138, 0.010203035754725098, 0.01037063768664094, 0.021941041950816108, 0.007202700210266366, 0.017017537012671773, 0.03418625536619416, 0.013259013690292254, 0.1929122641516321, 0.025622801514175203, 0.012264829839991404, 0.026225823110824734, 0.008846964444372905, 0.0562267046907217, 0.4446475255584187, 0.03490043423754294, 0.02514989805627153, 0.015814370119200852, 0.00514954881522767, 0.009894376442225048]
            , [0.013319396063980804, 0.011912546182895303, 0.00400406128414469, 0.0048963947912537276, 0.2975289685480401, 0.005391925944635875, 0.041143083571736336, 0.01629262126992677, 0.005930820349848993, 0.039998656693235574, 0.010611533246445492, 0.010500831651012482, 0.0035125512091770776, 0.00764624286729856, 0.008473623661352916, 0.015254989763033522, 0.010320646581645831, 0.017363784446574687, 0.023851530537483828, 0.45204579017664814]
            , [0.01529868045719203, 0.012087275929911582, 0.0038184559553591305, 0.0046023230847530225, 0.41570173948673744, 0.005665959380418438, 0.02699734079771404, 0.024657674261807268, 0.005665468894975052, 0.06673582627129608, 0.01698094196290706, 0.008750431364244044, 0.0038218737151174687, 0.007017669144274284, 0.007551933241535511, 0.01612050344791887, 0.01116235898727621, 0.024492174849040413, 0.025935225195816224, 0.296936141255122]
            , [0.026136306086476685, 0.01277055616236487, 0.0025466709417604552, 0.003817677641517872, 0.2234933135671736, 0.0074844558775644734, 0.007636693557467416, 0.0950477194043679, 0.00466141218398422, 0.36182919567615324, 0.0726786397176264, 0.005037643553496569, 0.004861997468563847, 0.0071486288660930035, 0.006330884814030456, 0.015263593088021075, 0.01787359095080511, 0.07044582748731525, 0.011957425420472094, 0.04297776981557467]
            , [0.04049537903837155, 0.01674233090336921, 0.0324027153500234, 0.032195190367337354, 0.0402344321310248, 0.02271503104422084, 0.24901064616284527, 0.019239909790594242, 0.041729335842302276, 0.04037203916237739, 0.0161461237515209, 0.08754709952503523, 0.014286018477772604, 0.0753463182030885, 0.06275375337856812, 0.05660365348619553, 0.03356952857744497, 0.02429027631024798, 0.009545090439868977, 0.08477512510762747]
            , [0.053416276977028394, 0.01052665639540568, 0.03253861065835775, 0.09455989826979483, 0.01368743999608998, 0.024366328846285354, 0.06442784053665704, 0.022457673567448697, 0.07955552090933526, 0.05387107554985327, 0.02958612351368524, 0.04368403919648093, 0.016269911559628553, 0.23204302761485807, 0.07796344583895408, 0.05381187886608013, 0.04286476015151513, 0.030664913760997066, 0.005306540929130013, 0.01839804674828934]
            , [0.07052807104360606, 0.015989392543851053, 0.016611969417442442, 0.011908502655315956, 0.006995312518863317, 0.02525701011783444, 0.008605331943655042, 0.01397959678270451, 0.015728188045565895, 0.014684747487261327, 0.009896103148946612, 0.0429998800754532, 0.01277398049363056, 0.012743577261146569, 0.013726747422097021, 0.34642785595296466, 0.3319098248407641, 0.021296938263106288, 0.0019088681560509562, 0.006028088722929953]
            , [0.03732104680394567, 0.023174422030086322, 0.014909345330702824, 0.017366616618249092, 0.1512346023329225, 0.015790709367447725, 0.10132537791911225, 0.026967260609124487, 0.02096917468557333, 0.056063580199753264, 0.01909204062392108, 0.03350426239358817, 0.009296096563008678, 0.02627427996892724, 0.029059081145006195, 0.04360576308014793, 0.02778116061898887, 0.03273254986189873, 0.030654018536374936, 0.28287861775585743]
            , [0.3439184606741575, 0.021592416384576096, 0.007556521498978591, 0.008921256827374935, 0.009309524289836522, 0.3334778965781411, 0.005022302958120527, 0.01308006658120528, 0.007530304824565903, 0.017488359487998054, 0.009474453665985663, 0.011638618600102204, 0.01040919071782432, 0.007848766294177696, 0.008127894811286875, 0.11694859153472936, 0.03202569515066401, 0.02840524223697659, 0.0022484910826608747, 0.004975957809499533]
            , [0.022006730997992677, 0.003960440606825339, 0.009261726228563215, 0.0258824080326929, 0.0035195773550329434, 0.011640279657871913, 0.013601186715228005, 0.010942459495841717, 0.514103697160884, 0.01585825653570408, 0.01137730888213367, 0.029982079756810977, 0.006505049626039587, 0.04453093322282765, 0.2065642972928019, 0.02715548949526802, 0.024312985219386206, 0.012397773946085155, 0.001953186662661325, 0.004444127454258689]
            , [0.06567675971822715, 0.004426891766069866, 0.007842307185206933, 0.011057054702964468, 0.004912847023481187, 0.011965787538009892, 0.007648800135603137, 0.009298502485470886, 0.010936374798062823, 0.016756605883768844, 0.005041906723803842, 0.007613156297916115, 0.7264721875550321, 0.011972979710595813, 0.010467702563545664, 0.044662686697974706, 0.021552133864103283, 0.016051341506897576, 0.0015237253479307216, 0.004120254516583457]
            , [0.10406235078501339, 0.028843054202795104, 0.013801503228070215, 0.008961928887303038, 0.00689281145019327, 0.04237049969045496, 0.007654555467737183, 0.007962780167410047, 0.009808174356229472, 0.011453620056794386, 0.00618855914897409, 0.03298313896907523, 0.012574925410942552, 0.009266761509069316, 0.010050964623847775, 0.5571481742491823, 0.10880834163841804, 0.013560754382694037, 0.001781988129943503, 0.0058251113568243175]
            , [0.02267513698066123, 0.013748440852464124, 0.003394777747660657, 0.0041604744142233335, 0.41018649407361263, 0.007584817977542041, 0.011273787682782296, 0.06036639395508424, 0.005534659721147923, 0.19612366634435438, 0.04331563682470368, 0.00690406454335615, 0.004438433377729308, 0.0065175996400498315, 0.007081912496880879, 0.017291761912039863, 0.016274991044915706, 0.050715693917654396, 0.020433745709607, 0.09197751239987523]
            , [0.03167041698094919, 0.002238315943516072, 0.13470227747326208, 0.6066767677139049, 0.0029811866554143515, 0.014570251828208494, 0.008878884357286104, 0.005961615392379924, 0.02831022595421128, 0.009425702318181808, 0.005125338979946548, 0.018006910325868937, 0.005446024134024036, 0.060400031540775403, 0.01335372715775407, 0.02089284727038774, 0.015200062262700653, 0.011589861663101497, 0.0009939760082219098, 0.0035755646126337075]
            , [0.045603147780016125, 0.012595500006043512, 0.009685091328364162, 0.008164070921031406, 0.005378052000805829, 0.011333847268734945, 0.005750765334004784, 0.01878299738920214, 0.011105056949637399, 0.014989706838839684, 0.010894776011684107, 0.025857256547945223, 0.006849947606365887, 0.007958930974617261, 0.01007412814585009, 0.1810152268331991, 0.5797902888799343, 0.028563765437550383, 0.001343442573730866, 0.0042639968098307605]
            , [0.033647573049529145, 0.009777872772410968, 0.004355768430618079, 0.008127026438804814, 0.03775857283790422, 0.008775359466639328, 0.007334267592304548, 0.10889988289234548, 0.013037217081047908, 0.24476409139173144, 0.34202105239459724, 0.00904283902865324, 0.005127258684404459, 0.019664212362668854, 0.012572526123209235, 0.020790672247237067, 0.03187408594760542, 0.0659083242120344, 0.0047538377014326744, 0.011767570773229628]
            , [0.009521132608243235, 0.010004027664029972, 0.003601856439217309, 0.004124207565778519, 0.17922531584512924, 0.0037055996565359614, 0.04640410008159865, 0.008768644243130855, 0.004328715087427125, 0.021507852942547895, 0.006131736009575294, 0.009511620394254718, 0.002802482446711111, 0.005867275758534553, 0.006653910969608677, 0.010721711361365557, 0.007207134553288981, 0.010100474432556086, 0.018525739059533718, 0.6312864683597013]
            , [0.009950731332066032, 0.0074578892378538274, 0.0021545927380651753, 0.002720846532741801, 0.6449354216307557, 0.0034819593329108098, 0.00925613597972118, 0.022303509059991657, 0.003204533696662494, 0.0718354763785383, 0.01621539966539925, 0.004150110892691183, 0.00246426872158851, 0.003415319826784915, 0.0036838721411069433, 0.00969518299662038, 0.007102946460921085, 0.01960803595817509, 0.014691924649260668, 0.1416718348331222]
            , [0.0147508193994388, 0.0026696134377923314, 0.7170489550982215, 0.07097571198783911, 0.0023906179111317927, 0.015481855601029167, 0.01157604118615531, 0.003418755530402315, 0.009806863966791396, 0.004686104485968137, 0.002558593897100187, 0.07577561254443411, 0.0045119900201122595, 0.011292642640785795, 0.007004490321328306, 0.024503067989710074, 0.011547932150140383, 0.005317951209073982, 0.0006933597967726853, 0.003989016736669796]
            , [0.113586452328391, 0.3101555645249857, 0.012807020761669435, 0.011592068241076385, 0.02972539770675453, 0.03375935764415149, 0.015277442918176828, 0.030741332377814297, 0.013926480735859413, 0.04345321636463479, 0.01930855916529379, 0.026885784535969265, 0.010918311917627668, 0.014432714195496993, 0.019410915607358612, 0.13620214489840748, 0.06391535128500826, 0.06133811299835254, 0.009354890979132344, 0.023208892716090085]
            , [0.03574398616373483, 0.020343167407307176, 0.009976967494587326, 0.012851522730040608, 0.11985571027740194, 0.02268084355886335, 0.023163761616373478, 0.02833378998646828, 0.017742763671177244, 0.06574511274695538, 0.022541300250338313, 0.01569076968741542, 0.010553592140054156, 0.017497918460081172, 0.02910605385047363, 0.03556892002706355, 0.024858910284167795, 0.031301873646819994, 0.3550693437077136, 0.10137366171853858]
            , [0.021770905777930102, 0.008685612139821802, 0.06988405753392732, 0.01599149051405068, 0.006478754178889705, 0.022620445074708735, 0.037826367816312545, 0.009040189468128845, 0.022210555950651117, 0.011104816929403696, 0.006491083715558607, 0.5999684468814253, 0.005911547258396151, 0.017176217353666885, 0.01624665405346125, 0.07410407566826593, 0.030692886230294748, 0.011230235448937698, 0.0015627490034269848, 0.011002895528444127]
            , [0.014133562129077917, 0.007343885600709216, 0.004667130695035396, 0.008880305501418481, 0.004320337548936105, 0.0084199583624113, 0.018883748777304966, 0.006916736174468058, 0.09082271895531917, 0.01361091336666656, 0.005883593916312043, 0.011164731586524788, 0.0038524941170212657, 0.02565019125815602, 0.7317746659574459, 0.015454431002127796, 0.011861696347517749, 0.007876348021985849, 0.003115335986808513, 0.00536720609007095]
            , [0.029429168712686603, 0.005623846171641798, 0.014183384712686577, 0.06687602912313433, 0.008325708029850741, 0.013835178927238852, 0.07398629200279846, 0.01165403401865664, 0.03890932924906717, 0.03566512218190304, 0.02123885764645521, 0.02534766404570896, 0.010373740005596988, 0.521012291977612, 0.03885736201679105, 0.03159378630597018, 0.023078409067164157, 0.01586655040111941, 0.0030289039645522422, 0.011114355615671645]
            , [0.01279857924015003, 0.01305117385741088, 0.0041957358667917555, 0.005611080820825488, 0.046888866878048774, 0.008895877221388425, 0.008005924094746722, 0.010429109090994468, 0.007040431398686715, 0.02879646337992485, 0.007859352192307687, 0.006491318427767363, 0.004530274566604153, 0.007226337015009368, 0.012786720653846104, 0.01729472502814245, 0.010572907138836726, 0.011549438549718558, 0.7359662589118204, 0.04000942853658536]
            , [0.019569974577006502, 0.0067787653958785304, 0.01543346443383949, 0.012509778189804803, 0.018509329875271142, 0.009783868766811303, 0.6270425770065076, 0.009690993197396913, 0.014045735225596538, 0.019273328386117186, 0.007809137409978295, 0.05722605088937094, 0.0066689272830802344, 0.0493410430043384, 0.02284291923427329, 0.025124259099783067, 0.016305907353579202, 0.011739136498915392, 0.00372397960954447, 0.04658080830477228]
            , [0.017674654559054967, 0.8344526640419941, 0.005209594715223177, 0.004801841807086454, 0.0073631209671915845, 0.009189897175853022, 0.005171183784776885, 0.008169208505249603, 0.005131845955380666, 0.0107330627204726, 0.004388585133858303, 0.00637094261811022, 0.0040762120301838164, 0.00476695138188973, 0.008228766998687624, 0.029457247454068136, 0.012905894208661402, 0.011679473778215155, 0.0029868986496062967, 0.0072419508097112326]
            ]
# The number of clusters.
n_clusters <- 64
# The base file name of this file (for reproducibility).
fn_distributions = "udm_0064_none_rb"
