192 20
0     	0.01374550846974277 0.0423715782278291 0.0107499521923575 0.0211367245985183 0.0413768891403184 0.0104121510946124 0.0230082464755968 0.0335117559982218 0.0196443880490247 0.2163677338318742 0.0345095489803992 0.0164604199763129 0.0406089579624045 0.0123519975145086 0.0697159440603187 0.2724057644809667 0.0542324187231137 0.0402468834727317 0.0246817722428436 0.0040659314773884 0.0121409415006587
1     	0.010873780870358752 0.0554854154336644 0.0061176642075772 0.1373885894697718 0.2985569457954041 0.0073463263811408 0.0291498041695868 0.0253561024327656 0.0140361511908571 0.0674647304776758 0.0246170093879577 0.0113452871952496 0.0451158456834667 0.0138998611533330 0.0921513748209866 0.0425249303372185 0.0544884063758802 0.0378822419798723 0.0253708917902372 0.0022304714593162 0.0094719502580386
2     	0.009721667712313923 0.0223889115572494 0.0094442985718755 0.0030310548512725 0.0060560352921382 0.0462131152821055 0.0045433682983568 0.0068883698241073 0.1487285353949239 0.0089631521277910 0.4679876866963260 0.0892054156878845 0.0064104176190486 0.0052772821706866 0.0111750011934001 0.0098930552514285 0.0152642413691126 0.0215212853448560 0.1032275434554905 0.0021308704748662 0.0116503595370804
3     	0.00905435464552558 0.0512536918475244 0.0062272327518030 0.0476953400176282 0.0984246435952495 0.0051720483160656 0.0263048433751525 0.0283272133861862 0.0165785814338237 0.2106426490415352 0.0265715940462243 0.0144568304448635 0.0626344829988885 0.0126256190157542 0.0933341244844803 0.1455685177396330 0.0707344171903325 0.0523871690017947 0.0214905967911352 0.0019853199122280 0.0075850846096976
4     	0.009031540523584099 0.1318089556067261 0.0185940142525483 0.0312481819718652 0.0367752177964277 0.0150148541729096 0.0441513052814266 0.0205225082322131 0.0303584365163026 0.0381693530915444 0.0387237063136840 0.0192583970992522 0.0530393482624522 0.0240083240186871 0.0331197613403209 0.0353783018693403 0.2176225331704447 0.1479840996346989 0.0471960563422506 0.0039060857967507 0.0131205592301547
5     	0.009028688758341414 0.0423593726279211 0.0068336975112242 0.3573622193671902 0.1415832272484389 0.0070873769879472 0.0419602010639083 0.0239097953414660 0.0105900491712522 0.0356456729383443 0.0161100417859317 0.0076056434328605 0.1060263299381467 0.0127998111507968 0.0357340987966441 0.0246933842848549 0.0662371517999178 0.0339279810130454 0.0173778840186573 0.0022588998207877 0.0098971617006650
6     	0.008315747447670108 0.3797936629507772 0.0225573450580617 0.0156137690487307 0.0219209661401980 0.0069723480454460 0.0715988407441528 0.0085658609655235 0.0145646306082073 0.0159817005166827 0.0184697103550145 0.0093274348279773 0.0210510620895732 0.0150303284170884 0.0164494721322811 0.0155590562191397 0.2309927108972616 0.0692084658469189 0.0389837448560657 0.0015503895674759 0.0058085007134237
7     	0.008255860377573717 0.0320786960774079 0.0120974029471076 0.0012743868278549 0.0032062384084526 0.0175405380412283 0.0027002668269887 0.0027248375690571 0.3365080718171694 0.0038350656637071 0.1465585492931024 0.0389297023455230 0.0036470408552122 0.0026148235698864 0.0046777980446162 0.0037150829101404 0.0117120001968025 0.0290603402495669 0.3405529872790799 0.0003648957828864 0.0062012752942102
8     	0.008127530941652883 0.0295167107847197 0.0160327504073601 0.0081695192727395 0.0107590714404151 0.2736975605067717 0.0109691605875228 0.0430780121836237 0.0337673490085467 0.0134589537494167 0.0764790946344964 0.0209617117948567 0.0167232116298580 0.0075483040665298 0.0155122912226370 0.0176278146476662 0.0309520560773728 0.0226643392550203 0.0358658025647736 0.0276098446259960 0.2886064415396770
9     	0.008118975645924828 0.0252070597126073 0.0045710539992485 0.0016837954759132 0.0034694455053390 0.0305707069247023 0.0035773533875988 0.0027065119918701 0.2823287196635912 0.0050103992612297 0.2979588973982765 0.0712815327374632 0.0035712914445232 0.0041022249557251 0.0049823226178753 0.0063669494643019 0.0102004042051777 0.0231129978250118 0.2122244666227559 0.0027303706365745 0.0043434961702150
10    	0.007982090914275937 0.0584461856067143 0.0141093927962523 0.0803618317559764 0.0525244713122194 0.0131140313634312 0.0494786278127501 0.0436827711845537 0.0192811593113557 0.0601270564256013 0.0280385344410489 0.0137934942346348 0.2109616231098973 0.0150841138637733 0.0450561946769946 0.0477117850410285 0.1337632754991120 0.0674456493324671 0.0254761949688016 0.0035540074677987 0.0179895997955888
11    	0.007945017966121029 0.0468705477047100 0.0119274998466737 0.0046840768656998 0.0083777855057834 0.0242288369333719 0.0071174553220521 0.0057254271778371 0.2812957893015358 0.0088225555602462 0.1297697301283190 0.0395810642365665 0.0081805897135888 0.0057694437638509 0.0080118738984085 0.0086301571126651 0.0215689081619542 0.0436352866942220 0.3239771471435742 0.0021537852200223 0.0096720397089185
12    	0.007779615582045286 0.0090075305178027 0.0107196692167020 0.0017824326589021 0.0023976581757217 0.4267144260111270 0.0025170129971964 0.0218260672562123 0.0148163002610935 0.0025261910693624 0.0498548953321938 0.0120784234260190 0.0044303902161554 0.0019267932095755 0.0038079752311296 0.0035202260457792 0.0091754545854314 0.0065825403801177 0.0154885582545825 0.0217295531329591 0.3790979020219368
13    	0.007597102606513432 0.0455896599616856 0.0117420244724740 0.0009332814847253 0.0012952855765199 0.0631378990608251 0.0081549945094576 0.0017762155922109 0.2451143386571193 0.0022012388653797 0.2789744819749864 0.0561982249162873 0.0021121788629743 0.0032764310120353 0.0024310167908828 0.0025371977404482 0.0121659109969589 0.0247970261643437 0.2285115995572995 0.0033588301265552 0.0056921636768306
14    	0.0075714367193292645 0.0149618539029837 0.0079114288666814 0.0011918045795207 0.0020638775816792 0.0459359444433755 0.0027308508459905 0.0019875679529047 0.1228173349377905 0.0026743568859034 0.5606901777822845 0.1218259387196427 0.0022876356339531 0.0016609183557395 0.0051403761297573 0.0032157103036534 0.0077096447746810 0.0130200628958744 0.0730783726081047 0.0033037171020543 0.0057924256974257
15    	0.007562881423601209 0.1343767248325546 0.0114377208603381 0.0164107360642776 0.0149844521676284 0.0057380675724970 0.5812550932482294 0.0077606654112708 0.0077367784903234 0.0127041061302042 0.0115273279469864 0.0057594739693572 0.0221844285044968 0.0092251916005175 0.0111118654090667 0.0139184408134791 0.0886541307702334 0.0239609576805673 0.0150571859381060 0.0015458629662892 0.0046507896235769
16    	0.007497290823019449 0.0512843556951701 0.0013439583663482 0.2357848498650451 0.3390326115060562 0.0040311405409415 0.0242162657865171 0.0166029423632107 0.0087533762089809 0.0440271420553584 0.0141704527838029 0.0066578725753963 0.0468242154328592 0.0144626683356515 0.0679672380506894 0.0233043157056906 0.0493502354066963 0.0296739350046699 0.0164435679220462 0.0005138754303899 0.0055549809644797
17    	0.007414589630981578 0.0083513935014375 0.0037721327859774 0.0010299346557871 0.0014787434327404 0.0598516490028318 0.0017841533210925 0.0031383207919508 0.1004941224546999 0.0019387383633124 0.6542061167589045 0.0671802900740657 0.0017846765921843 0.0043151019543225 0.0034502916704712 0.0033385445736916 0.0061575121750789 0.0065746355701348 0.0632641289583173 0.0033318357726255 0.0045576775903741
18    	0.007326184908458336 0.0301820225827934 0.0043403030202829 0.3516872130002865 0.3636715721148109 0.0036218108771456 0.0194698288573779 0.0134642681853603 0.0065278485245543 0.0201226207609754 0.0105836769956939 0.0049897403706511 0.0391732127966849 0.0062762396697333 0.0406210671497488 0.0117508819694127 0.0354262487244071 0.0191416932825021 0.0127304629769412 0.0006969820601504 0.0055223060804874
19    	0.00725774254263389 0.0822346005334725 0.0104957435091379 0.0493556756619916 0.1001778040422908 0.0151470407916151 0.0328172975858725 0.0393459874711658 0.0262565361349921 0.0935062013562881 0.0490737781808453 0.0213070336816311 0.0481254087347695 0.0206290089591872 0.1115351736056430 0.0877467178979314 0.0850838734647112 0.0634739778445504 0.0404698659641454 0.0054543308076605 0.0177639437720990
20    	0.007100895454286204 0.0238167968682692 0.0056147739842986 0.0089588764016340 0.0201934193248688 0.0029346283177603 0.0126283910711274 0.0191526046858845 0.0084205038357675 0.3723775006441611 0.0150776754073549 0.0082120665089527 0.0312569002855542 0.0107680196829623 0.0543203791193387 0.3244197892402508 0.0376458044192049 0.0272404228831197 0.0123658899696400 0.0005426099408154 0.0040529474090352
21    	0.007089488393315462 0.3640034949427904 0.0258414096819991 0.0093210217717903 0.0148646900652845 0.0117891804377211 0.0408922281983004 0.0077169136338134 0.0417741947615144 0.0132697434775109 0.0340219235277604 0.0159392396708383 0.0149676810420402 0.0113272144174418 0.0125142554840906 0.0129462614109261 0.1464291279052676 0.1021458335796970 0.1104382954249180 0.0020729690137432 0.0077243215525522
22    	0.006992528375064165 0.1082291527067916 0.0153040743471826 0.0154708487790911 0.0259921538876182 0.0222776908077262 0.0216600026039761 0.0126982491395330 0.1343721796735939 0.0267266760016462 0.0979561104436843 0.0436236119022555 0.0242199179846657 0.0148804005475805 0.0245476949016055 0.0233534022967680 0.0773780156373776 0.1086307800283050 0.1865850753217066 0.0033560657647243 0.0127378972241682
23    	0.006981121314093424 0.0144347816482118 0.0074002790133176 0.0010012316396244 0.0017977802739234 0.0430278796834255 0.0020461813422558 0.0020101997374258 0.1871254036463428 0.0023693227447862 0.5125658994090849 0.0794497593141659 0.0020829770453690 0.0044952891801346 0.0039566793233978 0.0029946138348319 0.0063857120590707 0.0114603750987964 0.1084067622768178 0.0004642797371332 0.0065245929918849
24    	0.00693549307021046 0.0433196143282974 0.0109707727886978 0.0100848581524873 0.0173036077664093 0.0465141629963842 0.0123518352283226 0.0159950216193622 0.1210665569777695 0.0244045216744805 0.3083023479700694 0.0963815001968871 0.0169912492346800 0.0143747619195272 0.0296900449657221 0.0273029656070732 0.0378025899435384 0.0435643313991224 0.1018944613913251 0.0052127327760741 0.0164720630637703
25    	0.006892716591570182 0.1054723158902711 0.0155140986917291 0.0494694860756000 0.0472185359941516 0.0126631480583055 0.3119786645755205 0.0215434984349616 0.0163463605866698 0.0351899043437289 0.0257149762184206 0.0124736320244369 0.0558489245875936 0.0165310558867893 0.0311886469436734 0.0355280662192329 0.1188262497268519 0.0455371185200662 0.0269318450816568 0.0041317307490115 0.0118917413913289
26    	0.0068699024696287 0.0459638013472173 0.0040778080938252 0.0586746160936502 0.0321825521378067 0.0038495483714936 0.6251267683417604 0.0096462689880587 0.0047774005772665 0.0224863880943309 0.0079437553004824 0.0042654351703183 0.0605421012529888 0.0054417065562688 0.0157490112538312 0.0160384658729965 0.0543408480985193 0.0160845100762475 0.0080728241983583 0.0011006378706199 0.0036355523039594
27    	0.006801460103804255 0.3001416193478894 0.0102394161455253 0.0044168386576800 0.0046718162981265 0.0031682697015297 0.5334618923498088 0.0027822297893500 0.0046260221993743 0.0035233378842368 0.0065674991586852 0.0038411322565414 0.0055950230132661 0.0034308000070827 0.0038744585833095 0.0046609801021793 0.0760307531665150 0.0143284086988806 0.0115347164295988 0.0008321787013988 0.0022726075090216
28    	0.006764387155649347 0.0714983497241101 0.0045608097506444 0.1473446031170882 0.2458488873942930 0.0024241221492058 0.0293915831366397 0.0206489994692691 0.0100414395326201 0.0876762100251996 0.0177799249394093 0.0089480006576475 0.0655426792490372 0.0072270313019896 0.0930707705361179 0.0453910082422660 0.0714034332698000 0.0474140901604070 0.0192049630416646 0.0003461219422378 0.0042369723603534
29    	0.006750128329435921 0.0538035764341177 0.0156496856656514 0.0330597882072867 0.0394392548886855 0.0381610112136003 0.0295598304569708 0.1894223236864192 0.0249872034677147 0.0490937051867020 0.0517201622046079 0.0191762268943781 0.0712385946776957 0.0204344984718407 0.0722953557493815 0.0630026731796401 0.0747036640772964 0.0455908669787526 0.0330762089781126 0.0078078535997484 0.0677775159813980
30    	0.006727314207494439 0.0941500016974045 0.0130367182954948 0.0254465368574457 0.0350329112614801 0.0167147734192560 0.0268985775976033 0.0312554514781161 0.0234418507075044 0.0399055757920344 0.0475414964766036 0.0144389480425752 0.0333778997155619 0.2777903672609385 0.0437820438700005 0.0430640337133587 0.1134147227036679 0.0614708028839340 0.0366969820849188 0.0049887837016758 0.0175515224404256
31    	0.006641761250213882 0.0117045251010208 0.0015997093550175 0.7277600238700982 0.0646742800507323 0.0020291857837955 0.0124846162016693 0.0094431469486543 0.0029778621995860 0.0076149254277617 0.0041328806400585 0.0019993473510286 0.0933184246031039 0.0029340393207091 0.0084952698119143 0.0052043355314899 0.0247381064694495 0.0103196934309384 0.0048157513083743 0.0005248593249728 0.0032290172696252
32    	0.006584725945360178 0.0099510645860553 0.0180080346176243 0.0025008698292093 0.0034626175154138 0.3020865917329934 0.0035649113984425 0.0517815863882884 0.0120074775014437 0.0049506762619130 0.0359769660936005 0.0062643135864202 0.0102139111692790 0.0018286663504694 0.0070584864051255 0.0078895540810894 0.0163723364216215 0.0078709402310842 0.0138642389714168 0.0149875988194816 0.4693591580390282
33    	0.00654765299720527 0.0424746829526888 0.0102231862337872 0.0043137180019006 0.0044879841250670 0.0035917065468368 0.0103798089756323 0.0036725282411557 0.0080355729433193 0.0052008798707291 0.0083354039217893 0.0058673266656943 0.0155717753923212 0.0036029757293456 0.0049421535459499 0.0051827982379456 0.3323455884987150 0.5139416975927559 0.0138453851636068 0.0009090315344985 0.0030757958262606
34    	0.006504876518564992 0.0405602696580337 0.0020638514979651 0.3597546765323927 0.1635543953041366 0.0026902860320863 0.0454400884633300 0.0251242326397653 0.0035280742661421 0.0373410319071648 0.0071128397395117 0.0031432677453835 0.1222439751012898 0.0158210435819488 0.0383912648060334 0.0201781787301966 0.0705441162265756 0.0297487825604519 0.0074775429309675 0.0006328715641303 0.0046492107124943
35    	0.006496321222836936 0.6079861348903741 0.0187009773675997 0.0020414505760568 0.0032721361057003 0.0023652192038878 0.0755943479959820 0.0019472269753798 0.0053229236470251 0.0028383939591970 0.0055037160401927 0.0030867677917669 0.0040050951168387 0.0089166715530170 0.0034567774309237 0.0032324939577985 0.1970740591770537 0.0319012104855949 0.0205641896696882 0.0005977170043013 0.0015924910516216
36    	0.0064478412137112875 0.0641136302991037 0.0171039932815914 0.0173465400840644 0.0365236283895983 0.0231197659524343 0.0216850842955340 0.0282521016109990 0.0664574982092404 0.1080324365069068 0.1047823377037268 0.0495250723227643 0.0359621500225629 0.0124728827878430 0.0590692729173190 0.1266827428789557 0.0660708358369392 0.0658582603353969 0.0727679136606060 0.0066538868934790 0.0175199660109349
37    	0.00641076826555638 0.0825252746666050 0.0106945181678945 0.0146476179463602 0.0112344552233024 0.0053879690607386 0.0304168291313921 0.0092800189591342 0.0105361249314415 0.0166038517520968 0.0136861958877697 0.0079975503440880 0.0509579643774555 0.0237388623677758 0.0140159852340986 0.0132627233310416 0.4029802272766814 0.2580139488249023 0.0178582285951399 0.0012749142389831 0.0048867396830991
38    	0.006407916500313695 0.0172999626707597 0.0058897233751933 0.0071107670521430 0.0243036648353785 0.0023735576187477 0.0163356443992220 0.0156065994631175 0.0097925297354573 0.3654106765069727 0.0151769656497913 0.0126805878630999 0.0324990415743214 0.0039194587764375 0.0531915855728233 0.3409062049743748 0.0346228515806535 0.0262021322010155 0.0093447985218662 0.0048628593723073 0.0024703882563177
39    	0.006345177664974619 0.1431210409636591 0.0064325384266851 0.0433765551454360 0.0552148668290321 0.0058330480865480 0.0541828817995905 0.0158551492535515 0.0178404891217171 0.0507081679758888 0.0238839206258023 0.0132461507014518 0.0750703152393089 0.0282831332415879 0.0486990382686173 0.0333343932637413 0.2163975440873757 0.1284956040955772 0.0341066539049093 0.0006791345191150 0.0052393744504050
40    	0.006199737637597673 0.0903717334202504 0.0044485271328487 0.0105995446300013 0.0168965931321094 0.0048812708611058 0.0134726494334736 0.0070258063430040 0.0103618629128756 0.0146752516839655 0.0175364677788680 0.0056303831262657 0.0092511866604986 0.6722135571885197 0.0119866318129670 0.0125228738052519 0.0466843994866323 0.0238438512016572 0.0222276908202026 0.0014084803168515 0.0039612382526515
41    	0.00616551645468545 0.0220806813646560 0.0084121083854282 0.0008108416839021 0.0018752380676507 0.0151829892562113 0.0019065751694385 0.0014972481694667 0.3888370094067333 0.0017846940968580 0.1351338046116214 0.0325759249809867 0.0018659803171865 0.0006571575237829 0.0020761165381548 0.0020575328684124 0.0050428372619387 0.0173333391991670 0.3563853633270887 0.0018216239390206 0.0026629338322955
42    	0.006134147037015912 0.0245023307754122 0.0021509001750399 0.0083866858225319 0.0211191832741662 0.0046707762106307 0.0112821856007689 0.0224453899387407 0.0098962708718067 0.3269546031795969 0.0187902794169568 0.0096323729141870 0.0237681078435258 0.0107710006037014 0.0552229770287189 0.3712312145766770 0.0314281449763761 0.0242074516405451 0.0128929151959576 0.0030876868182706 0.0075595231363897
43    	0.006077111732162208 0.0099293744318766 0.0046283085777110 0.0008311129982949 0.0011885651114458 0.0278498580096973 0.0009647028733850 0.0011663126114290 0.2876063173248520 0.0011827539581728 0.4360640285017576 0.0609699492903890 0.0013851958801500 0.0005625056649890 0.0019081872050696 0.0015171183948844 0.0030617017187849 0.0071884267543223 0.1496076380977929 0.0003695425224087 0.0020184000725872
44    	0.006077111732162208 0.0144348915275795 0.0051511163152746 0.0007041631889976 0.0010656142650270 0.0121250183335809 0.0010932532662051 0.0009441012937340 0.4333022783887994 0.0013735217764115 0.1405992979671324 0.0266167197861674 0.0013900015822856 0.0033710906683522 0.0014978661267931 0.0016946300691110 0.0034035672778341 0.0107606247865599 0.3382085618795911 0.0002528332611813 0.0020108482393826
45    	0.00602863172303656 0.0177512687953455 0.0079383046396110 0.0006985860475630 0.0010821617817330 0.0064090177702123 0.0011308174969337 0.0007915928261765 0.3909259738386786 0.0013207635127727 0.0725923618035054 0.0176627105257326 0.0011891727020335 0.0005814681008558 0.0011976998471213 0.0012040590544026 0.0038303464530846 0.0147708315193836 0.4580287860113848 0.0002047724391919 0.0006893048342779
46    	0.006025779957793875 0.0166092565128882 0.0058528113757678 0.0005860325975868 0.0010434479912488 0.0339380309926909 0.0012833287227234 0.0015379426277043 0.3156546156418750 0.0011847241955372 0.3350075906517413 0.0547763147993182 0.0013334563654312 0.0031740328069946 0.0018241117950265 0.0015187865520883 0.0038416113480466 0.0113190449817633 0.2015955198214268 0.0019307889905714 0.0059885512295692
47    	0.0060058176010950775 0.1089355943726956 0.0029510295237174 0.0267103037412167 0.0379775282389990 0.0038714641976123 0.0274113640520022 0.0129743197993513 0.0091952137388450 0.0327534312450164 0.0186026923869119 0.0052312311206431 0.0210932228111566 0.4680734984842779 0.0321775336648149 0.0224235813434553 0.1041545171675495 0.0424065429694939 0.0180516272850227 0.0009198350220470 0.0040854688351711
48    	0.005988707009638967 0.0148634873640821 0.0061878707696763 0.0006131906133579 0.0010492243675797 0.0153280072954498 0.0011879659940124 0.0008197202688206 0.4355717891542361 0.0011119225244364 0.1157365616172830 0.0226027818641839 0.0011808362095704 0.0005254485928376 0.0012684520688054 0.0009912260011844 0.0031899355696984 0.0106147522526347 0.3624266808356468 0.0002188405591685 0.0045113060773357
49    	0.005954485826726744 0.0266328110791905 0.0073901246819095 0.0037814523539640 0.0074304674402976 0.1007877519851253 0.0070648283264850 0.0103076360197369 0.1228602307786700 0.0085113785085837 0.3964655806336131 0.0892358029682425 0.0072948291037337 0.0088484411616258 0.0135604948980641 0.0116036034533406 0.0196113366343835 0.0238635173362302 0.0945871076664062 0.0123074162889839 0.0278551886814138
50    	0.005886043460902299 0.0131069304632089 0.0064473590094092 0.0014118905607634 0.0021650405713474 0.2136765144920111 0.0021733002740424 0.0039414796667551 0.0996965334579321 0.0025490522422297 0.4338364914318579 0.0853948359307287 0.0027485883088827 0.0018964868356381 0.0042848112825386 0.0031657375964812 0.0066931943681969 0.0101294161501265 0.0576147639341413 0.0115866207509268 0.0374809526727819
51    	0.005826156390805909 0.0955052535772859 0.0053919025102010 0.0421995392530982 0.0794192058374556 0.0100522612618671 0.0301064802233513 0.0311709747949712 0.0354225324854550 0.0907582991312047 0.0494889911509687 0.0265432618638520 0.0653021845500442 0.0090035428760770 0.0903445575980014 0.0682263547692801 0.1124784391779354 0.0934048561581876 0.0524129812973645 0.0006955961071180 0.0120727853762811
52    	0.005811897564592483 0.4501438484650560 0.0420172937369140 0.0037443974115822 0.0049353068926609 0.0119495890466731 0.1615096697982379 0.0034816729850588 0.0198998345083219 0.0044384242192879 0.0247609947949994 0.0117243670736730 0.0068803557235974 0.0052563082941711 0.0052519090355161 0.0058222641406543 0.1326465387700406 0.0453110504378164 0.0524834075739609 0.0023720016544520 0.0053707654373261
53    	0.005811897564592483 0.1342037910420593 0.0091025295226658 0.0951805336994945 0.1374748983414988 0.0044112749941324 0.0716103651367503 0.0227539676830164 0.0103953030860496 0.0653884434883111 0.0206832416828010 0.0089900163354544 0.0548561829390173 0.0120933713808118 0.0689467573138280 0.0578045550205696 0.1313831954849370 0.0633466930915608 0.0235052963934039 0.0027489340992299 0.0051206492644081
54    	0.00577197285119489 0.0347682388333357 0.0013960005850854 0.0012291022946662 0.0018718649154995 0.0122198410291945 0.0032684215112203 0.0013093059981985 0.3320384044426128 0.0021049986624124 0.0848592555561802 0.0266563485269119 0.0026889269763062 0.0019743460974183 0.0018967691306259 0.0027637541765855 0.0070224093213554 0.0216434276833199 0.4585113984953772 0.0004056498296342 0.0013715359340600
55    	0.005757714024981464 0.1131162780236246 0.0736408764776728 0.0145491238461557 0.0116440431820561 0.0132154726978749 0.0429691364962166 0.0128086401784638 0.0151243318572010 0.0139744024516871 0.0212070847497716 0.0101677340505045 0.0529815520310916 0.0106181974461205 0.0132103707852498 0.0166929694562709 0.4035292644381273 0.1209918996673301 0.0242328723079392 0.0031306724606923 0.0121950773959495
56    	0.0057463069640107224 0.0908594813933979 0.0076303247209669 0.0118135419280331 0.0162055247820020 0.0097112905586387 0.0174497433600351 0.0109893551388182 0.0498446059759408 0.0294136885109149 0.0335641311366152 0.0239660124373795 0.0432096421833175 0.0094737435519875 0.0180091062797136 0.0250377469173641 0.1835648031399657 0.3430948693117323 0.0661663934895746 0.0020509237494579 0.0079450714341442
57    	0.005677864598186277 0.0305564563801703 0.0113127045758666 0.0019675801880667 0.0036803395203248 0.0706896773257127 0.0034056889731408 0.0068957913220838 0.2709530056196510 0.0048575368780928 0.2361942331762320 0.0558713821017297 0.0039920595762885 0.0019573146019750 0.0053364763730776 0.0056804438983710 0.0105595071576295 0.0228337057534195 0.2199214675862841 0.0045306823182934 0.0288039466735904
58    	0.005672161067700907 0.0195534315758371 0.0043353018953605 0.0009506713896275 0.0016602091622464 0.0129493290996493 0.0018457754988052 0.0012303228412948 0.3915271110010664 0.0018873743357047 0.0926537204472923 0.0179902325686658 0.0017732549183523 0.0039649658373083 0.0019384786635264 0.0018218519064710 0.0049038040815730 0.0150146811126488 0.4190951154049922 0.0019881919968958 0.0029161762626821
59    	0.0056664575372155366 0.0544163031261268 0.0016362950813575 0.2509240908532817 0.3411116185657137 0.0029754959423806 0.0272799847937702 0.0164343945434506 0.0055167845204061 0.0460150577062441 0.0111412392666790 0.0048052080809870 0.0459653196959955 0.0046084636848557 0.0680956902539427 0.0277953382846902 0.0453629251751517 0.0265346510656180 0.0113853284870998 0.0032349472728071 0.0047608635994420
60    	0.005623681058575258 0.3943100373993476 0.0475896171455163 0.0038162420288211 0.0056700253105739 0.0043411563554771 0.0393554511516100 0.0042251759773252 0.0087257552519322 0.0057429945747592 0.0109928689612261 0.0055806119294940 0.0122250681626653 0.0031310552013562 0.0076545901699837 0.0060351071516944 0.3290443841070483 0.0790718836675624 0.0280902287179328 0.0008332594138280 0.0035644873218464
61    	0.00558660811042035 0.4908473819239088 0.0525020670469750 0.0020247721086953 0.0033518369578590 0.0036275270398390 0.0404288092002481 0.0023479269282800 0.0201798971543567 0.0029464581827681 0.0145088262103027 0.0065407809714010 0.0050606039583135 0.0036343140138926 0.0033150785099988 0.0030444699642331 0.1711302557581041 0.0924308954233822 0.0789581707666072 0.0006319926300852 0.0024879352507495
62    	0.005560942223236183 0.0903876781924532 0.0089113978626213 0.0013462226800855 0.0021343784635631 0.0277050120769812 0.0130120423656459 0.0015191234522255 0.2477193019574835 0.0017345886863671 0.1208542855524878 0.0417215199054057 0.0034878163660487 0.0033277024144275 0.0023829899959191 0.0020649271992814 0.0248189197762019 0.0551746882370210 0.3460034386827273 0.0021012025876409 0.0035927635454124
63    	0.00552101750983859 0.0193482906333940 0.0062493857994003 0.0038258755485411 0.0063689793507527 0.3161798617474396 0.0045178780803799 0.0211120242715066 0.0646608953311804 0.0080445626549385 0.2030338251516801 0.0493010146604088 0.0078535296020696 0.0028980255262631 0.0100003188518472 0.0109570289835790 0.0136325497660223 0.0146996654312793 0.0509606172212261 0.0226858898878298 0.1636697815002619
64    	0.005501055153139794 0.0097221448207428 0.0009264430162347 0.0013331860856270 0.0018667096028868 0.0370155030545133 0.0018632430811028 0.0020002194370737 0.1645729883562360 0.0024640164685937 0.5744589480856976 0.0887974792715678 0.0019614213648812 0.0020733938890328 0.0037064352795700 0.0042314440549238 0.0051273283802588 0.0082456216310255 0.0857572163812905 0.0004520515429521 0.0034242061957888
65    	0.005472537500712941 0.1965742650691513 0.0643671551595329 0.0049059704253896 0.0077561179673173 0.0217476623961512 0.0240216543919538 0.0066767438109376 0.1174363746974539 0.0086718239406929 0.0970790440684686 0.0341943468310078 0.0091379521035595 0.0059307180225981 0.0096650614047633 0.0090103951279179 0.0552489044350606 0.0616909613684882 0.2529482533326867 0.0023857733322345 0.0105508221146344
66    	0.005469685735470256 0.0877605131398355 0.0218460898353733 0.0451552341919675 0.0232988315719129 0.0059402139096116 0.0967806454533432 0.0203133942052176 0.0098253963104882 0.0258524486478320 0.0131182717001990 0.0069509284309535 0.1435804358639367 0.0073290613448620 0.0221916678442239 0.0236439972649334 0.3238590663563167 0.0989561184148276 0.0153410719178627 0.0013223805873067 0.0069342330089960
67    	0.005426909256829978 0.1220457690997599 0.0346250958446196 0.0012893880098117 0.0018790056569847 0.0105215599744430 0.0073484182833759 0.0016109350474982 0.1996075355859179 0.0021649242260977 0.0861068461521193 0.0275141641636056 0.0033826016086637 0.0016234001624864 0.0023964071974235 0.0021609521286793 0.0246146528050994 0.0581673454441703 0.4090421304638406 0.0004997054913444 0.0033991626540588
68    	0.005412650430616552 0.0160747228480960 0.0029170867652320 0.0037942476354739 0.0131634676579952 0.0029467292676240 0.0065276186286818 0.0149616878226689 0.0062741935066604 0.4272231457354349 0.0122406612500381 0.0066432762452002 0.0205714249413008 0.0010042285291590 0.0426915247018114 0.3684052418062981 0.0231680463620061 0.0183053942897788 0.0083500974980035 0.0007458980206299 0.0039913064879069
69    	0.005375577482461644 0.0960369841364998 0.0104256713480745 0.0430356991453510 0.0466560396240093 0.0078811081351275 0.0603001257214215 0.0331580898764514 0.0119840568253109 0.0774913859007034 0.0245570796991631 0.0093452093558556 0.0705236396284497 0.1052876256878004 0.0542529909599059 0.0735394809455465 0.1673390852466095 0.0750868508395352 0.0211971034543214 0.0021383677500136 0.0097634057198498
70    	0.005372725717218959 0.0823749025804495 0.0144695345158645 0.0029258023270971 0.0047003434772778 0.0719181959063403 0.0183907576021777 0.0054140334807994 0.1600090636559204 0.0056001859514334 0.2389093943853465 0.0680449665211682 0.0067080344420029 0.0121102714104685 0.0072526088312581 0.0070290282255055 0.0358559016342520 0.0515589991569170 0.1850150871933529 0.0072051398542316 0.0145077488481368
71    	0.005352763360520162 0.0632554637356564 0.0227750788390281 0.0093545332022369 0.0136736727103588 0.1433658127173343 0.0150455906441796 0.0311133680469613 0.0972355486834965 0.0149571278752053 0.1438059765768562 0.0429452323774109 0.0223099175432308 0.0109991234543488 0.0202361795301940 0.0177330050928658 0.0590051668932393 0.0580718169695886 0.1152998561029064 0.0066782376027860 0.0921392914021160
72    	0.00532424570809331 0.0526616704391879 0.0091576787005872 0.0222871169260781 0.0651400144497660 0.0030774839600512 0.0158530539201824 0.0288487580375153 0.0112815240018916 0.2591788941917072 0.0237284611184773 0.0123017716815583 0.0488672416768743 0.0020541161531421 0.1053782182046441 0.2118707710424178 0.0615377047536512 0.0448680814656188 0.0172850341120877 0.0005740551330245 0.0040483500315370
73    	0.0053156904123652544 0.0102069578229601 0.0058673044197626 0.0009668679815540 0.0020647023968036 0.0500905728489417 0.0017163514328143 0.0023526962948191 0.0969774420003055 0.0029328744522945 0.6276736224438390 0.1149790309976958 0.0023339086620104 0.0007524470089918 0.0046085431691866 0.0020414532271951 0.0055859588903934 0.0096198036046950 0.0497281060134089 0.0004210981118684 0.0090802582204600
74    	0.0053128386471225685 0.2429950887548313 0.0118687187837752 0.0142304517711252 0.0165591894539619 0.0065446622431348 0.0722410017860099 0.0097632260381727 0.0114374007250382 0.0141868598932105 0.0173890680353463 0.0082642619927898 0.0208039567421762 0.2407306908404254 0.0164249379004788 0.0138243675214010 0.1918513131875402 0.0577229016659596 0.0253204794205482 0.0018653094228894 0.0059761138211856
75    	0.005298579820909143 0.1197739471144005 0.0424514153374449 0.0071874548909834 0.0088315024041242 0.0127294747689486 0.0168650556391179 0.0094976198664802 0.0697130484211575 0.0107519503242100 0.0477018372783337 0.0289718926582874 0.0335022933842603 0.0073513019701602 0.0134463851297172 0.0103199828141420 0.1676602172699015 0.2728687331728773 0.1098994280225666 0.0018233565013475 0.0086531030315392
76    	0.005244396281298124 0.0258102733454430 0.0022957523734087 0.1062796101686556 0.0477202315812552 0.0024499397388184 0.4519619161856793 0.0215152158538733 0.0027707625854403 0.0591306668158125 0.0052457842368105 0.0029390535683619 0.1467437913756013 0.0028538634746053 0.0302967117892755 0.0298022065272318 0.0448539741156404 0.0094556604742499 0.0041518082822023 0.0007614211440977 0.0029613563635370
77    	0.005218730394113956 0.0102109949829555 0.0014591399011676 0.0021540051126240 0.0027775655254949 0.4416579871074369 0.0031458568898978 0.0145605148252020 0.0137899066726692 0.0033898620228088 0.0436348933457726 0.0114873234173285 0.0045719580616126 0.0017790951423655 0.0041559667794808 0.0042477781703950 0.0087890675202903 0.0076973118037160 0.0144532934941242 0.0266539380059512 0.3793835412187064
78    	0.005201619802657845 0.0235013966440811 0.0008118840672660 0.0036031352887962 0.0018195627815912 0.0008980270725950 0.9348023851062047 0.0014323644014099 0.0012047716199206 0.0018855952968553 0.0019592344809244 0.0010755977718370 0.0041440498915788 0.0005596743323840 0.0017519134651983 0.0019395894542482 0.0127070777624661 0.0029514652037475 0.0018783570699894 0.0002854297190341 0.0007884885698722
79    	0.00519876803741516 0.0691738692572975 0.0196534629195716 0.0037883711447987 0.0087787368574970 0.0077187977222224 0.0056814930357131 0.0051724337934954 0.2256163679938028 0.0101644452187779 0.0688002355107845 0.0309085401186898 0.0108450021579508 0.0029532771081355 0.0109622676227730 0.0091698801516518 0.0378127184988747 0.1241792420754625 0.3428396524437457 0.0010122012299794 0.0047690051387760
80    	0.005167398619745622 0.0169246411541941 0.0055699998396266 0.0015653242700774 0.0031277137556957 0.0156388117554449 0.0025159222634947 0.0022734689298159 0.2042897666256067 0.0034612197277956 0.4218707636905464 0.1706201771682247 0.0033067318039319 0.0012122486244642 0.0067142159110070 0.0040894956766357 0.0077495318384621 0.0181167501310552 0.1082253158943012 0.0005895732512453 0.0021383276883745
81    	0.005155991558774882 0.0977874308406540 0.0006418883669132 0.1808233772257061 0.2976898348973693 0.0011918115185900 0.0265067191295636 0.0121539683167197 0.0037040146842351 0.0827598724657804 0.0073060382277108 0.0022992837052394 0.0494491299391359 0.0070296516769933 0.0824338661064695 0.0398006470262620 0.0603061169339340 0.0354092411004060 0.0103160945452768 0.0003229100803434 0.0020681032126974
82    	0.005153139793532197 0.0388383445101161 0.0011276720793398 0.3335491976045069 0.4123574965543677 0.0015560016374664 0.0189972691324332 0.0052958641434861 0.0029053151920165 0.0231690783125133 0.0048105440757543 0.0025793733881425 0.0355823168771216 0.0112714969514890 0.0388225952775158 0.0071954927518078 0.0339614637425571 0.0188244375291189 0.0072597186259452 0.0003236323372645 0.0015726892770372
83    	0.005136029202076085 0.0075836162622109 0.0009070853673311 0.0009796555881172 0.0016828420221757 0.0051338205006625 0.0010756754419717 0.0010671611807381 0.5346258216822385 0.0018172973861228 0.0856251426196604 0.0152903725014058 0.0014148275867002 0.0007482661160962 0.0018026011732055 0.0018696178978094 0.0026198254282897 0.0074839251650391 0.3264889080345149 0.0003554063234782 0.0014281317222321
84    	0.005110363314891918 0.0711421805831071 0.0235505706089495 0.0020473219804514 0.0038966736007688 0.0348647392403962 0.0092590227635325 0.0044913348004036 0.1692086462406614 0.0043711269220567 0.2323959915043255 0.1076444142500641 0.0108726806638190 0.0021391227187862 0.0102498033587393 0.0046226091871600 0.0402013544159202 0.0710937231574221 0.1844419349162205 0.0021869686883462 0.0113197803988695
85    	0.005104659784406548 0.0412452149843150 0.0061320469687383 0.0095449862735955 0.0072025098859711 0.0013692217330185 0.8561080298954217 0.0026079723016877 0.0018386493237791 0.0052419528442967 0.0030459958071951 0.0017351267645251 0.0112496756579562 0.0015415528506979 0.0033639613519916 0.0068996335791433 0.0299211856083734 0.0055601773145900 0.0037128738687030 0.0003749205808066 0.0013043124051942
86    	0.005104659784406548 0.0377411557150413 0.0226522259548066 0.0032241464097319 0.0042574693476886 0.2801657316800272 0.0096693513080362 0.0119807761545252 0.0857880760726016 0.0055764759816922 0.1976286401726336 0.0460187045901049 0.0072988204058009 0.0050591826482173 0.0072750407993603 0.0076044263577606 0.0272309914000580 0.0259918166370348 0.0883887821142101 0.0189797986246707 0.1074683876259982
87    	0.0050590315405235845 0.1063893305904794 0.0016002691312781 0.0957249862241661 0.2244240223745402 0.0015483152937146 0.0208147640723982 0.0152641949451817 0.0046498132558890 0.1509405464218494 0.0133096649645776 0.0052110552346257 0.0502697606501432 0.0009660070221947 0.1106656172248421 0.0917187040084910 0.0590029060390733 0.0351019277247697 0.0100721918526019 0.0004674295421784 0.0018584934270058
88    	0.005036217418582102 0.0081679568997533 0.0029936110023122 0.0024194998675984 0.0032102375788151 0.2626885450708919 0.0028199364307048 0.0383060341357192 0.0053771794510832 0.0029980837683465 0.0147393280567496 0.0036451210105367 0.0053831015716414 0.0017844473074877 0.0040582617803068 0.0047228870611471 0.0067624724107931 0.0053497141556587 0.0066045017176063 0.0337294568415123 0.5842396238813355
89    	0.0050134032966406205 0.3015253565423025 0.0196966453176522 0.0074031391683243 0.0074707440068845 0.0040794451998012 0.1238307721016171 0.0051627625786300 0.0049803370395440 0.0059275355021013 0.0068150155479436 0.0044798174800085 0.0221919569111837 0.0037319283480172 0.0081772421887290 0.0062772696038757 0.4039799771735658 0.0492890570322253 0.0105158281032224 0.0009417288549208 0.0035234412994509
90    	0.005001996235669879 0.0319070689567392 0.0170337491026222 0.0008622902620480 0.0014960381301403 0.2101384583857473 0.0079388263904326 0.0027533047273699 0.1169546894970024 0.0017484039627059 0.3652484992590470 0.0728965084386729 0.0028841028743731 0.0021992678874766 0.0030796021373326 0.0024961954084796 0.0156946535099703 0.0207155173307477 0.0930716976763847 0.0069458213850252 0.0239353046776826
91    	0.005001996235669879 0.0141689863842821 0.0072970180828613 0.0029167849502196 0.0039068981612675 0.2422364388988433 0.0038576816763167 0.0075877941481845 0.0812285468311834 0.0048217955549448 0.4222536180038336 0.0712028692643883 0.0055335032130389 0.0035561603218944 0.0066725458762796 0.0057039321941302 0.0111855231529861 0.0118614011749700 0.0503754347180021 0.0018807881576096 0.0417522792347643
92    	0.004999144470427194 0.0866955979961769 0.0104606564186269 0.1158342082631261 0.1851399371716892 0.0164131798278682 0.0274192201338171 0.0190178852956896 0.0522080290030045 0.0346568974638946 0.0623066948057415 0.0260057979514363 0.0407290208694022 0.0107623597998124 0.0521308892872088 0.0244009859367136 0.0697731568393542 0.0642059975049410 0.0831712480632470 0.0038054834647210 0.0148627539035292
93    	0.004979182113728398 0.0481264129353099 0.0022812706278259 0.0056501654272344 0.0129163301604537 0.0174115830021636 0.0062255247530261 0.0049132950471778 0.2728001901728446 0.0127318697872956 0.1340528059404603 0.0537357059679592 0.0091011711378597 0.0078961948212446 0.0116415106969240 0.0107247726585771 0.0230067506964650 0.0681192662203793 0.2917202871773532 0.0010789702136538 0.0058659225557921
94    	0.004962071522272286 0.2216520257756289 0.0047629251195362 0.0051310413381674 0.0081909167145308 0.0120361432280177 0.0205433193100632 0.0035554148737743 0.1175570220931002 0.0065983815402844 0.0639300515141492 0.0321951790779204 0.0084109282556662 0.0078514627338001 0.0066809952304850 0.0071284097260203 0.0704660538545293 0.1275584119120110 0.2698571969297040 0.0014726220512529 0.0044214987213585
95    	0.004953516226544231 0.1910419060283199 0.0110998872628323 0.0120196805284051 0.0180875921592237 0.0112263411639717 0.0314231049306651 0.0126778532175473 0.0406181293441903 0.0176519748453408 0.0470745048088198 0.0204023276798670 0.0297884352331611 0.1145140819224493 0.0266680490421491 0.0177077590098760 0.1656616431911384 0.1387633449399557 0.0849614424514546 0.0016211010817444 0.0069908411588886
96    	0.004902184452175897 0.3304339792336227 0.0569089116557864 0.0019984279363252 0.0036511847111469 0.0097398519879683 0.0391058534881777 0.0024946651476361 0.0686130039456338 0.0031835025545240 0.0525744784632416 0.0263799629173078 0.0061322728649506 0.0023229550249246 0.0048621577045933 0.0032734216450580 0.1126952276339697 0.1078312546106704 0.1631610103968077 0.0008711409098931 0.0037667371677618
97    	0.004893629156447841 0.0334302749264550 0.0038654098084098 0.3874144703983234 0.1699947120268047 0.0025725052923138 0.0454674976393946 0.0235550303637052 0.0042890151763490 0.0367980659736858 0.0062442661791066 0.0029180200425267 0.1295388888822260 0.0017495320870026 0.0373560846391340 0.0204153025817733 0.0584929097244265 0.0225664705081126 0.0073642361422840 0.0006515037303752 0.0053158038775912
98    	0.004873666799749044 0.2493855431649852 0.0261821643830880 0.0016832859132523 0.0025592623990593 0.0476863367872388 0.0805407674637278 0.0018678958476679 0.0936154779273251 0.0022838657669371 0.1104858864081170 0.0349335192599960 0.0039366754154347 0.0050178212067205 0.0029937967429258 0.0027826213918147 0.0893712636737620 0.0817497239542883 0.1543965021051007 0.0036629264653974 0.0048646637231608
99    	0.004850852677807563 0.0320942198947902 0.0011390421019167 0.2745147889792975 0.4860720861655933 0.0014165997674056 0.0204258431062169 0.0070570383964681 0.0039127242737310 0.0269978290888517 0.0063591783457098 0.0035759919341335 0.0311569028850450 0.0012973999727764 0.0475733196527948 0.0067729333755737 0.0236111373888186 0.0131382913632763 0.0106938608434281 0.0003081700038656 0.0018826424603074
100   	0.004848000912564878 0.0792697035901745 0.0045594802069609 0.0074393388386181 0.0100414472345864 0.0056878404785543 0.0115540148900018 0.0197988273796627 0.0097387197705419 0.0122467632670952 0.0335305024342476 0.0053079894077108 0.0116971358100540 0.5791466163594512 0.0288869672896496 0.0191246993102445 0.0990026459911093 0.0399780125264780 0.0172574271156860 0.0011038816391554 0.0046279864600178
101   	0.0048365938515941365 0.0125014955599291 0.0008564890928707 0.0012198831044923 0.0022062173720004 0.0540329914809989 0.0017690280427520 0.0024336497617237 0.2259676388770476 0.0038621871644197 0.4426239851299490 0.0829876085864041 0.0022961613616285 0.0012262155470648 0.0039487328694815 0.0040963987011821 0.0051371356106037 0.0124353225631928 0.1248905732669498 0.0047022911884281 0.0108059947188811
102   	0.004833742086351451 0.0890984275830073 0.0024106361065290 0.0666578596868202 0.2371221570264746 0.0040340253230947 0.0114017519776358 0.0126562552416709 0.0283431769169800 0.1151913398548707 0.0351240768625388 0.0152997218308585 0.0290958960518648 0.0033329985167147 0.1122826607700890 0.0621176141262787 0.0533406529185822 0.0676526041189619 0.0497812481621396 0.0010927706589844 0.0039641262659043
103   	0.004799520903439229 0.0587420348845042 0.0147670659721292 0.0015203978106866 0.0023474157691420 0.0055487302634109 0.0031954055781760 0.0016348057842682 0.2681684351681286 0.0023257322540671 0.0701616709647522 0.0197755643106020 0.0025801135437864 0.0083269546935835 0.0028752074551428 0.0025322616137854 0.0109754813529014 0.0322115019398740 0.4899323565435964 0.0004941508889212 0.0018847132085417
104   	0.004776706781497747 0.0150565537402292 0.0005751147744435 0.0006961996505564 0.0011116940384971 0.0196819125271606 0.0013315003635805 0.0009484645661048 0.4217890151308555 0.0011011309511255 0.1798216496727249 0.0436750775834894 0.0013797403465533 0.0008962608396085 0.0015561140879000 0.0012346850675566 0.0039897406131245 0.0135615828375776 0.2887614125517119 0.0003605843811324 0.0024715662760675
105   	0.004768151485769692 0.0226635513236028 0.0048183852435612 0.1338883777057462 0.0286374796354466 0.0070645913490019 0.0328785242336637 0.0660270841316411 0.0086674031168879 0.0440324082283301 0.0108866121906943 0.0053382842944079 0.4020220008333504 0.0053799735356125 0.0277056432124268 0.0292353761515857 0.1080236344774024 0.0348582112953371 0.0100202523811696 0.0012829764818637 0.0165692301782681
106   	0.0047538926595562655 0.0334779014905164 0.0098770484395215 0.0233128641768750 0.0377328661662858 0.0137201280700110 0.0199981034448821 0.1678918877927068 0.0110919966653759 0.1198464235413481 0.0278738878192947 0.0113401358617433 0.1086268576939928 0.0054312889757927 0.1005212641790605 0.1646423718722644 0.0571843049587784 0.0318810893554822 0.0158108191904592 0.0026209264487111 0.0371178338568986
107   	0.0047481891290708945 0.0180810562693514 0.0068749501571386 0.0007010690140973 0.0011531372510869 0.0564055754002747 0.0016764812047142 0.0011440947835409 0.2722336771556665 0.0011012760927106 0.3759283802561996 0.0613989144287722 0.0011483839371009 0.0005697768738030 0.0018716535109023 0.0017924568830503 0.0037526852323254 0.0114046782770710 0.1695296097892186 0.0040705183445322 0.0091616251384432
108   	0.004725375007129413 0.0288878364288650 0.0011742848324453 0.0127223534543705 0.0490337818185113 0.0021056458517403 0.0099885137128534 0.0148724645578699 0.0123176246941966 0.3836738607534749 0.0203679290438326 0.0150891161563273 0.0329720847816091 0.0030423719016747 0.0840727283107231 0.2530446772455126 0.0302253358613662 0.0305723083725192 0.0124535789922009 0.0007076113837685 0.0026758918461387
109   	0.004716819711401358 0.0603549193311538 0.0063340736666526 0.0919892319472440 0.0933678317500426 0.0045319352943248 0.0636676809421498 0.0506990403317928 0.0052720526702336 0.1139472850122964 0.0122831693433774 0.0050920682345886 0.1377322712312864 0.0047656563126399 0.0807482141844429 0.0893034012584613 0.1134585102660597 0.0461316413260379 0.0087739561644152 0.0007948499043391 0.0107522108284608
110   	0.0047082644156733015 0.2754258563840710 0.0344252479254886 0.0049355711108275 0.0046236870176879 0.0054579264977218 0.0370631330150493 0.0043319005618832 0.0095690897194340 0.0045787743328683 0.0110578347736689 0.0071549016052254 0.0159368761886986 0.0251954574385727 0.0060160539987392 0.0046085926410213 0.3869953852987368 0.1296650379455405 0.0275973438045171 0.0010589171227528 0.0043024126174953
111   	0.0047082644156733015 0.0699304275076739 0.0013790276686351 0.0482494556610024 0.1105230728092736 0.0019320911444056 0.0223972338669096 0.0229375544693673 0.0068761007834028 0.2342810217602461 0.0138561882180687 0.0066920129910313 0.0546906240372131 0.0154832490589297 0.1034557711174436 0.1578182162420746 0.0665587553130381 0.0473632904041572 0.0124570529726493 0.0006699513392019 0.0024489026352763
112   	0.0047082644156733015 0.0383265770222272 0.0071427082059599 0.0002703269316576 0.0004054128327606 0.0935290220884679 0.0064352013578845 0.0005595465594338 0.2218321786417632 0.0004501456392508 0.3632553089764763 0.0605344807165224 0.0008517392950947 0.0015372325637235 0.0009577908251664 0.0004402973992705 0.0080573734227774 0.0190108913446028 0.1644108873452429 0.0046050634520718 0.0073878153796456
113   	0.004699709119945246 0.0330643960894089 0.0072660989944371 0.0157013623863110 0.0187219100329034 0.1428454134740330 0.0115492121538990 0.1674366875397012 0.0141547359589454 0.0209598554939753 0.0374333744116716 0.0130482735841195 0.0385642093909336 0.0051904284773491 0.0313224149141171 0.0289240264549741 0.0380444822741272 0.0234856663542397 0.0192667830861083 0.0215499247613857 0.3114707441673595
114   	0.004654080876062282 0.1042627086802226 0.0027107189937983 0.0272894191065114 0.0515765448873374 0.0093754528776453 0.0178424813670818 0.0127765324643457 0.0445013928583868 0.0670309790343284 0.0546128050306339 0.0207491931476138 0.0262514321107775 0.2185476182518294 0.0651188625251536 0.0568704836399489 0.0808432472075156 0.0689990558527229 0.0623839506018122 0.0016215698932810 0.0066355514690532
115   	0.0046255632236354306 0.0276437633694373 0.0020864029365501 0.0904777142755439 0.6746038837861216 0.0030117520939168 0.0084905057632026 0.0070558970907077 0.0056999774182662 0.0167263499478732 0.0100909171248175 0.0058436940546877 0.0110561454746327 0.0033661526436341 0.0755981365245948 0.0112785092714493 0.0181584665561666 0.0135322725241122 0.0109357183339742 0.0010630316504677 0.0032807091598436
116   	0.004605600866936634 0.0816066502111504 0.0011001310200565 0.0901576160409714 0.0905013021522209 0.0081725405566927 0.0686424396967497 0.0354125830535742 0.0114145847175181 0.0917034104081061 0.0221143814161225 0.0101813658948918 0.0969689446396425 0.0185185708785417 0.0689257138494637 0.0841361359480611 0.1243329402276511 0.0586438704952107 0.0212860744233937 0.0036851811229694 0.0124955632470114
117   	0.004597045571208578 0.0147593062576987 0.0110662373517048 0.0037894979681808 0.0080194054873790 0.0045728419962199 0.0084347658766563 0.0184790311505732 0.0085678030750490 0.1592444211408290 0.0156050150705649 0.0073709981399158 0.0120321308881002 0.0042879313883294 0.0283995510596597 0.6451672949186461 0.0184670634660514 0.0145971796672131 0.0102226881396739 0.0012831900228958 0.0056336469346586
118   	0.004591342040723208 0.1062901901741209 0.1761230093024016 0.0198815352289742 0.0239618248363799 0.0299684443729481 0.0369209414265690 0.0248938964838946 0.0439635424358188 0.0287172202132080 0.0677358725248123 0.0281883160063201 0.0399226390524223 0.0147248157566124 0.0296498492910438 0.0349988191900446 0.1242011274492946 0.0680680222371777 0.0696247716039111 0.0069888249821148 0.0251763374319309
119   	0.004522899674898762 0.0149915321436154 0.0063031975259700 0.0012632868045320 0.0016993231656016 0.4911728950928704 0.0040952439783207 0.0062784258558209 0.0418762135950867 0.0020375356127998 0.1261706541044177 0.0288616587939585 0.0036669219003606 0.0018290699786153 0.0029590606045038 0.0025939508946445 0.0086067049325000 0.0088909400444753 0.0353079677833648 0.0292473954437878 0.1821480217447540
120   	0.004511492613928021 0.0665550555378256 0.0053010752303509 0.1420659942196167 0.0571930018295566 0.0043763191570837 0.0886052070087079 0.0183574896623249 0.0061489320820054 0.0294791130863186 0.0100948333611771 0.0047862578295435 0.1593587568694243 0.0224218946422060 0.0274252446804708 0.0189688783082986 0.2305272845147766 0.0916711257668038 0.0108317023403649 0.0010513417433410 0.0047804921298033
121   	0.004508640848685336 0.1946298056182020 0.0191335554089081 0.0130146670584271 0.0162666578099972 0.0229297492597563 0.3323813820033324 0.0122113575245395 0.0248534375302723 0.0162435517016128 0.0426867544105055 0.0204301909676727 0.0225910273700725 0.0119134375306805 0.0163137227250753 0.0203390924392000 0.1046112765892917 0.0438310023764690 0.0446003406734481 0.0071928368690531 0.0138261541334841
122   	0.0044915302572292246 0.1156902938794338 0.0054931721357922 0.0026656721668991 0.0036006512070409 0.0043216568522834 0.0122921599591724 0.0037451301707034 0.0109425883614217 0.0038033587098288 0.0127655355549072 0.0049260044410540 0.0055033738123857 0.6923301980379473 0.0056964397702642 0.0041589842645960 0.0555913089036503 0.0288616085746678 0.0230014641814423 0.0009978276690075 0.0036125713475017
123   	0.004454457309074317 0.0395509383089317 0.0072419544089061 0.0043572215228929 0.0181922510709704 0.0262662476024025 0.0046117596502157 0.0121675401218970 0.2066257059870986 0.0251304133618752 0.2368113799134413 0.0727002043355755 0.0093642114836458 0.0022721124252446 0.0277353539298382 0.0273939441948554 0.0226098840525946 0.0496541396996583 0.1877124129568787 0.0013074685719997 0.0182948564010779
124   	0.004437346717618205 0.1178936793515682 0.0017029436623410 0.1037629089628172 0.1566831891260460 0.0025265207734141 0.0298248265640419 0.0111554474089599 0.0055518859008518 0.0855185882510048 0.0116520421672449 0.0035486980102492 0.0379282393266658 0.1967988977170483 0.0512454767489249 0.0368469327042279 0.0881923636494270 0.0418144110478495 0.0139688598041660 0.0006497430507330 0.0027343457724184
125   	0.00443449495237552 0.0355189127403208 0.0074589997659965 0.0004308426573029 0.0006323179856445 0.0387185930087881 0.0055414112660553 0.0005725753936885 0.3052665398017915 0.0005747365140611 0.2649095766748669 0.0576549421039135 0.0012462664353123 0.0007341182708991 0.0013358584404854 0.0008983514660718 0.0075761969361946 0.0217290251324225 0.2465243233811273 0.0004801927238739 0.0021962193011836
126   	0.004425939656647465 0.0246529270056476 0.0079501388526906 0.3532347248364684 0.0299210400546752 0.0052621379757163 0.0241490702139746 0.0168374545845436 0.0082012915443675 0.0143063765401994 0.0104935472670054 0.0050617835541401 0.3327269044743993 0.0040640300789380 0.0120030511037648 0.0105077720602557 0.0930047058989891 0.0298733012674412 0.0105256497679105 0.0014444869520625 0.0057796059668099
127   	0.00442308789140478 0.0301310515784853 0.0064710913565287 0.0221543430345594 0.0998281155297083 0.0075919496217748 0.0152302324212349 0.0958353212779944 0.0123121182075016 0.0495796086512373 0.0380521184342131 0.0147584480417419 0.0306662837772425 0.0101138891730519 0.4241316801698772 0.0499905463959066 0.0361090907655193 0.0259327121368004 0.0176141382616562 0.0024815290831459 0.0110157320818203
128   	0.004357497290823019 0.0703855505353808 0.0042013330987742 0.0277848704977784 0.0739884658678640 0.0128387572189922 0.0127133480720128 0.0135008182778602 0.1205703692339244 0.0461658141669823 0.1469608595619704 0.0671178645113378 0.0240027755364332 0.0053199593279268 0.0625804160711923 0.0376061126130325 0.0483160383798102 0.0756591866494137 0.1408227262514049 0.0014059455836110 0.0080587885442979
129   	0.004351793760337649 0.0106850771131515 0.0154629543764213 0.0027154618376861 0.0031415353742680 0.5291084181851515 0.0036846943584833 0.0110537621370599 0.0358543391872226 0.0043123958400658 0.1161058765254596 0.0160826553420313 0.0049190886212635 0.0029424093479636 0.0040583537940851 0.0049520083052514 0.0156038539821053 0.0091648399722368 0.0310999074330586 0.0033606228077962 0.1756917454592388
130   	0.004340386699366908 0.0177477087917131 0.0045433598006944 0.0033085670387548 0.0059431109568858 0.0306251945877043 0.0044590474105685 0.0051557155808271 0.0637383444624863 0.0093280910587565 0.4923853506864460 0.2563532005324549 0.0055167711283663 0.0028420552962605 0.0157464807787884 0.0087013372198700 0.0123740899748169 0.0160893332300133 0.0344460624949861 0.0023358625483205 0.0083603164212866
131   	0.004337534934124223 0.0186046404788944 0.0052802278110267 0.0012185223814482 0.0020487043269904 0.0033848923188540 0.0015228269823040 0.0013506167970494 0.3494619398234691 0.0021517985052977 0.0352477997946670 0.0054325894958919 0.0021115863134446 0.0010707624268845 0.0019779741188009 0.0019113754072089 0.0046469003201940 0.0115136631167437 0.5488772081118365 0.0004297301933139 0.0017562412756801
132   	0.004337534934124223 0.0878105104752673 0.0127662746609066 0.0060241584074248 0.0112866897172319 0.0214529705329709 0.0193140676057594 0.0100816832598932 0.0894637877511996 0.0139081107664465 0.2120243095907245 0.1682586170691084 0.0219021395329366 0.0049358134345877 0.0346133072020995 0.0150315634114773 0.0739569174045099 0.0951810816586627 0.0898352313603530 0.0027662183683165 0.0093865477901241
133   	0.004323276107910797 0.0803093598874701 0.0233876695781475 0.0154407218523715 0.0217988676111287 0.0094145219037939 0.0311695180300319 0.0375348267815527 0.0176988401632088 0.0996920212246044 0.0254055282004869 0.0145592093597489 0.0910198559224620 0.0062590906442634 0.0503733686450015 0.1028534491316329 0.2003390861184378 0.1300487663942836 0.0282203113447251 0.0023480515827197 0.0121269356239286
134   	0.0043175725774254265 0.6322971513911614 0.0210420924997385 0.0013834121737879 0.0018234047511004 0.0017372496332544 0.0849701599073510 0.0012190246913925 0.0033721316910931 0.0015338873537925 0.0043655123762447 0.0031422905292649 0.0033613841708400 0.0009356796721029 0.0023350885825672 0.0017292891483685 0.1935811681388140 0.0246366063188865 0.0146716614450242 0.0003859798502209 0.0014768256749946
135   	0.004294758455483945 0.0472704070051424 0.0069468391220685 0.0108582620468538 0.0509160171482310 0.0121181191362115 0.0082719668424223 0.0255508104047940 0.0410372289385280 0.1824192901494224 0.1273552921122002 0.0571320880402783 0.0201024693477633 0.0027932306181176 0.1127155752471007 0.1691819426961017 0.0327633497098009 0.0360679269285159 0.0417655845274211 0.0014929020991646 0.0132406978798617
136   	0.004257685507329037 0.0455616773087377 0.0042757080593772 0.0060951251766019 0.0230314102968567 0.0053950463377935 0.0103086843353595 0.0137205136973353 0.0430462343755736 0.2929298515795939 0.0445570424374162 0.0211637271947149 0.0224359934338097 0.0053330065602523 0.0566093098327314 0.2333201560152295 0.0427734074820298 0.0661391332826160 0.0568473983080278 0.0016343588422151 0.0048222154437279
137   	0.004251981976843666 0.0590390770049060 0.0090505400585932 0.0346082467507725 0.0369327557540102 0.0081302422881457 0.2567230178158107 0.0342455891966700 0.0103999707228498 0.1096260540308251 0.0194633815784983 0.0104452918318561 0.0839207101544732 0.0088917191954412 0.0493231283428693 0.1233270260416465 0.0862019230552695 0.0309217856953223 0.0154288625094503 0.0036754208899341 0.0096452570826560
138   	0.004249130211600981 0.0333649868364983 0.0029460218174257 0.0211548321799584 0.0299464795940913 0.0037844801731693 0.0296970166631343 0.0371961108591227 0.0055718051422799 0.2801589096072734 0.0119032517716044 0.0066243984438087 0.0748681022693749 0.0039500523238320 0.0655624864389706 0.2881166984221827 0.0593482567782593 0.0303447866428646 0.0080025619700675 0.0017484805581613 0.0057102815079206
139   	0.004223464324416814 0.0650430686282105 0.0150987990993084 0.0171820104957352 0.0301806772911204 0.0401185716304952 0.0129058113674012 0.0509168450954710 0.1008931536841876 0.0337236532422649 0.1080736472445523 0.0443473736316283 0.0581740125758347 0.0046859118781906 0.0535660731312888 0.0320557441720343 0.0791946389781013 0.0943141319133264 0.1120145952742269 0.0022711399879121 0.0452401406787101
140   	0.004209205498203388 0.0741286982550966 0.0016925934412237 0.0834174858950281 0.1613909959235538 0.0078209859456405 0.0216011435923702 0.0361757459580452 0.0123194384219511 0.1277660599656182 0.0287101570861517 0.0124736322036659 0.0701927276120327 0.0015057177535618 0.1064801668251190 0.0936265375411133 0.0740328512332279 0.0521346875067821 0.0198089968237536 0.0006026591893387 0.0141187188267256
141   	0.004160725489077739 0.0744916595866768 0.0044742117762618 0.0209144941269141 0.0544444009003810 0.0066776749096003 0.0182822040240875 0.0233901684393069 0.0135405122975481 0.1745365936308458 0.0256270907425503 0.0103558456141576 0.0253116324645525 0.1700111087139176 0.0712827139091250 0.1599227011372524 0.0687655263416138 0.0438745114163188 0.0246355941535247 0.0023785314663700 0.0070828243489950
142   	0.004152170193349684 0.1269977148685457 0.0025769055548025 0.0588743053206524 0.0702868863308621 0.0032005953562641 0.0707680695654735 0.0191254608606279 0.0077012854840048 0.0658081506587821 0.0133652877111567 0.0079358596016986 0.1066825641972202 0.0030085669434855 0.0649803422732329 0.0462934879025636 0.2136735266615722 0.0992652436426607 0.0158979141802586 0.0007565133671522 0.0028013195189835
143   	0.0041407631323789424 0.1964766266527079 0.0127785952233334 0.0149440935100308 0.0311437113850443 0.0060011203148268 0.0526342417018971 0.0131939244538356 0.0264110685770809 0.0230928860262705 0.0356925693391716 0.0271043416390280 0.0604041736025186 0.0031564936074704 0.0559663245295355 0.0181663295016054 0.2297185817820075 0.1369829657769037 0.0502962878879003 0.0010533729761645 0.0047822915126673
144   	0.004109393714709405 0.0699093913342585 0.0179909543071529 0.0246201341579165 0.0372096253525083 0.0485692832697148 0.0380661663071077 0.0441879200710927 0.0344378608068461 0.0495546548119566 0.0759432483488166 0.0298117889249587 0.0385583045854321 0.0170070163030103 0.0492853589258142 0.0768470136166711 0.0782806037974333 0.0528584653105778 0.0453765114995073 0.1160801797691857 0.0554055185000386
145   	0.004109393714709405 0.0503114661723038 0.0042306463983011 0.0196650700949417 0.0139099030408487 0.0030741811322253 0.7587737336856545 0.0054812511206552 0.0045153526145493 0.0115143694875120 0.0067140395197870 0.0031657623618144 0.0169720118621824 0.0039484219730143 0.0074910992566946 0.0183884738825186 0.0444047517846111 0.0105348622908196 0.0087565569860797 0.0054147973726970 0.0027332489627893
146   	0.004089431358010608 0.0286146172575167 0.0047273982041359 0.0046679725896074 0.0128963325513980 0.0111118494693092 0.0111402552104290 0.0227441081884751 0.0205405893991675 0.2249314385235181 0.0416710998466666 0.0179598597024292 0.0173802572357117 0.0038444463214327 0.0494369926421971 0.4182500358874979 0.0312807049279400 0.0281093297241546 0.0232408842881692 0.0150954230853033 0.0123564049449408
147   	0.004063765470826442 0.0402540739859107 0.0131692619733063 0.0252589104085192 0.0121887604298269 0.0086968860661500 0.0241417602318524 0.0477364023252247 0.0139973774461052 0.0137904480764135 0.0179882352303950 0.0102500883641727 0.5037365140887764 0.0064401029965304 0.0210976959232923 0.0134698458422349 0.1355447674731585 0.0586653581020795 0.0188202883520589 0.0025140142810127 0.0122392084029802
148   	0.00404665487937033 0.0293056169321473 0.0025297106367787 0.0003727071143026 0.0004753444187544 0.0227859586343538 0.0031915534236562 0.0003830862179545 0.3841926003029829 0.0005388002568026 0.1646863728208173 0.0372619592704478 0.0008630281908506 0.0023299784128263 0.0008195256565481 0.0005448326718020 0.0049108407970602 0.0188678033271717 0.3235544499246115 0.0010575070625450 0.0013283239275863
149   	0.004038099583642275 0.0948823582202758 0.0160259237943692 0.0004568712972862 0.0006297943959801 0.0674842304605994 0.0211289872546335 0.0008647628632864 0.2146659858732071 0.0007900178209351 0.2274585722751533 0.0417448343287609 0.0014898225428240 0.0053398727478168 0.0012001756716094 0.0010048683016903 0.0258783125507969 0.0417044565266361 0.2319686653360928 0.0017881370408819 0.0034933506971648
150   	0.003995323105001996 0.0485928179984629 0.0079994712235167 0.0051731765079435 0.0160390390020437 0.0093965577463136 0.0082532075576221 0.0082417251402099 0.1657766142907073 0.0900399372953353 0.1916490253009923 0.0683754971348279 0.0120060109743309 0.0042423610323269 0.0387846339608133 0.0826563539221631 0.0276874868769786 0.0557611149120036 0.1514084731298287 0.0019516888419132 0.0059648071516668
151   	0.003995323105001996 0.0365553455519462 0.0118056632663481 0.0095690898782207 0.0240980436069608 0.0585569650415326 0.0120803145068551 0.0900356274497197 0.0309090513995106 0.1257948432673323 0.0731679670482331 0.0228634626326118 0.0304242025702911 0.0052855603519025 0.0597624838182021 0.1955793540319000 0.0405347411488382 0.0375727221741309 0.0374147719670286 0.0070128173395076 0.0909769729489278
152   	0.003992471339759311 0.0977790752459593 0.0042128432436130 0.1617164663819415 0.1737701780514321 0.0071063482473413 0.0301134532259199 0.0170388899640866 0.0135256601283767 0.0382428460609663 0.0215929341719255 0.0091694076004573 0.0426945825561747 0.1457535931757042 0.0433598104287222 0.0200539077166819 0.0901325359978401 0.0479281404585113 0.0255935399655948 0.0021033668979573 0.0081124204807940
153   	0.003983916044031256 0.0277051839358969 0.0038015814079807 0.0314759110023135 0.0112361569161967 0.0035903763198613 0.0136007534363782 0.0061180255707779 0.0079750481805666 0.0135684576590005 0.0092513444035815 0.0049700275827317 0.0713197601974369 0.0038278946938908 0.0087274439988570 0.0111781891607570 0.3306904606715413 0.4259285402481306 0.0107366412310665 0.0010081859054056 0.0032900174776287
154   	0.003978212513545885 0.0411529874348153 0.0093716458846371 0.0123693205406630 0.0213019584156204 0.1190866808520874 0.0119971045259039 0.0576520629514013 0.0447511398627202 0.0302611123055123 0.2278111006136511 0.0832652118267174 0.0286141835243931 0.0068525049546064 0.0544204026163381 0.0346934210835723 0.0384557727585458 0.0297847974285842 0.0429682719100974 0.0081270240509483 0.0970632964591851
155   	0.0039696572178178294 0.2314252959513538 0.0678107588763923 0.0029895003278040 0.0044900516428034 0.0044715356912797 0.0090588118006454 0.0032856334821943 0.0726682595624825 0.0046173137778215 0.0248702871432056 0.0095806415440206 0.0065937835820482 0.0039355726992847 0.0050364574167121 0.0047727452182214 0.0664216551019095 0.1476501893307484 0.3260872490132660 0.0010998859600718 0.0031343718777347
156   	0.003963953687332458 0.0529150253667370 0.0103092788238494 0.1671820320010545 0.1081380990082816 0.0372990376618780 0.0293363118733065 0.0855070770746149 0.0162108469774494 0.0335272697792903 0.0320511504216089 0.0133304126809795 0.1000326525385010 0.0077177270150616 0.0515105189927985 0.0323993596035706 0.0780306796862404 0.0389260183758866 0.0255162643486198 0.0059835219429775 0.0740767158272939
157   	0.003943991330633662 0.0923848576666116 0.0110246971535687 0.0066430089384492 0.0123153752762703 0.0171504961061232 0.0115554260482840 0.0087073040590760 0.1441053817038476 0.0132753311144979 0.1185592394741274 0.0282869628401249 0.0112645342250171 0.1867293806056560 0.0157034127716492 0.0135599537182944 0.0387015443487151 0.0591275658656362 0.1999556438344340 0.0025074464346145 0.0084424378150029
158   	0.0039240289739348655 0.4830784338329190 0.0137549814684531 0.0010741956662418 0.0011897593703035 0.0041200788846972 0.1595730137453858 0.0008039232988701 0.0073718035383963 0.0008601507937564 0.0068783881723938 0.0057012025374479 0.0039550925152976 0.0050587340296435 0.0016028297200558 0.0009221929232454 0.2361414372625633 0.0440671379122338 0.0214390067307101 0.0007119492653552 0.0016956883320306
159   	0.003906918382478754 0.0144726657695096 0.0332087375775490 0.0077851528905635 0.0063714083724350 0.2046635770244589 0.0071131972841339 0.1033769137353065 0.0122536636277165 0.0072607547814819 0.0405494811068758 0.0073304505930961 0.0247467652858996 0.0047556144986237 0.0132973875468543 0.0136908478496200 0.0287577263905701 0.0116634842907805 0.0143489067925212 0.0039205164323919 0.4404327481496120
160   	0.003906918382478754 0.1240574572961374 0.0229990887985503 0.0008221171528802 0.0012020921449064 0.1018316043585009 0.0375305688669196 0.0010520339945388 0.1442829972389002 0.0011844683503093 0.2292778740039546 0.0515570046181408 0.0021985037798627 0.0013999817594322 0.0021074400921782 0.0015219371377949 0.0401687879143886 0.0496760077315287 0.1710478907707136 0.0075933080876830 0.0084888359026795
161   	0.0038698454343238466 0.0508993905680303 0.0039120611680140 0.0473682076143949 0.1420717894656651 0.0056538077267112 0.0176277953046085 0.0401892560862628 0.0099379684338871 0.1784403813080123 0.0272706781965022 0.0136955713628053 0.0468123994059504 0.0017971119453170 0.1396777555621778 0.1566260295840857 0.0486360463296556 0.0352325181958874 0.0161396739585599 0.0072098893205149 0.0108016684629578
162   	0.003841327781896994 0.0762412487347312 0.0710114925172474 0.0149171385144404 0.0171040659376885 0.1075362484510931 0.0321286300202429 0.0747797390948220 0.0233054947706369 0.0198799876822349 0.0462706576345880 0.0165672661412398 0.0562872751428537 0.0082618554624455 0.0268373117834057 0.0311392043989839 0.1365939907661192 0.0504836360548277 0.0333143251382405 0.0091679879754160 0.1481724437787428
163   	0.003812810129470142 0.2132725577699353 0.2637849094338286 0.0057632277489849 0.0069177144853590 0.0113150527240267 0.0245844696478243 0.0063717826011125 0.0197985625794306 0.0073203519025779 0.0261122535457001 0.0129794825702527 0.0136527286355546 0.0053445380605651 0.0083441221285931 0.0076374280679151 0.2113783284883351 0.0898565141192871 0.0554963968541535 0.0024790778295475 0.0075905008070162
164   	0.0037814407118006046 0.1619313818207233 0.0071313235734809 0.0158761893085315 0.0193774571338467 0.0505964125734717 0.0438168819633547 0.0306000979791550 0.0220536786474900 0.0208926546849239 0.0387478293089436 0.0211614035687274 0.0530861557930757 0.0094470414275292 0.0293401959392551 0.0214181807169107 0.2419502993070223 0.1093412263078479 0.0409936881878202 0.0055059358768066 0.0567319658810834
165   	0.0037814407118006046 0.5873497709579310 0.0034005383321744 0.0043325845887972 0.0061907770904827 0.0036609768364572 0.0590981155008569 0.0022616701205980 0.0117473327000373 0.0037392353865640 0.0114081906803896 0.0073270233045850 0.0054339531792206 0.0060289461992996 0.0041949627260963 0.0047601999346337 0.1651074953869434 0.0612063441694313 0.0492799910026755 0.0009950095102093 0.0024768823926172
166   	0.0037643301203444932 0.0476836755968389 0.0075379812573531 0.0046410021923640 0.0184457675727541 0.0498412529013858 0.0081457787602435 0.0202356206698641 0.1196479484323774 0.0474836185943527 0.2412100010408761 0.0760628761186202 0.0117530859198849 0.0029998476561338 0.0361679350831296 0.0649681807244177 0.0288135450076143 0.0444415154198011 0.1087351995465879 0.0223453397309313 0.0388398277744691
167   	0.0036987395197627332 0.0648705814015354 0.0113970923257624 0.0136816125261350 0.0477935349536888 0.0180269199755402 0.0224730756957521 0.0384850825962710 0.0379726353645609 0.0292277737327617 0.1324567110749118 0.1005063040876593 0.0303136195572347 0.0096890150486928 0.2475264813692097 0.0291442279171680 0.0568583226760851 0.0462211661116030 0.0447769547747880 0.0045212780052910 0.0140576108053493
168   	0.0036017795015114355 0.0208401200261624 0.0105733214125349 0.0187968473940236 0.0143810644490276 0.0481863466820252 0.0118601863345585 0.3558466918870228 0.0104751224633379 0.0217374994526574 0.0258932798148381 0.0077139998096481 0.1156809496492287 0.0055921673591771 0.0574334463866295 0.0381514808076729 0.0434237135638801 0.0197099424867264 0.0127452558416518 0.0027640740406382 0.1581944901385585
169   	0.0035475959619004163 0.2269878356810794 0.0027297783920612 0.0321108543748674 0.0273183337545554 0.0056505621737514 0.1396203320835103 0.0063527662658667 0.0077098404953034 0.0148078370491214 0.0125375245953271 0.0064614050079792 0.0402576291698204 0.0091222305180763 0.0187847581631430 0.0134269617679072 0.3204257051643615 0.0898199029502818 0.0195738344917265 0.0015762312398108 0.0047256766614497
170   	0.0035361889009296755 0.0615777017359483 0.0083724375460162 0.0139392159355673 0.0649627582799437 0.0073169401279975 0.0072877442792043 0.0140906162644269 0.1332366485431023 0.0831145431720912 0.0476835418220262 0.0141810340979546 0.0218331913940332 0.0039772855364368 0.0453483585662180 0.0579617224915748 0.0529603320061306 0.1403837248970330 0.2124062726610157 0.0016282304793774 0.0077377001639017
171   	0.00352763360520162 0.0682431321596121 0.0017362906781726 0.0317104660642684 0.0818321812921424 0.0247814923939506 0.0141897744011981 0.0382912830369204 0.0510854441117734 0.0981543422237597 0.0765885798579922 0.0317853854918511 0.0403134786303675 0.0046394699714201 0.0822675534803170 0.1019825341886948 0.0659531557747694 0.0802196847109874 0.0656310639882072 0.0073874273493072 0.0332072601942884
172   	0.003516226544230879 0.0144302579529039 0.0009781141967725 0.0012290970988172 0.0018243195758885 0.0009268041161043 0.9526855517440725 0.0008370545849719 0.0009192463491801 0.0010735087808918 0.0017945854581164 0.0006293400603839 0.0019276431639289 0.0025198771894712 0.0010967518365949 0.0023028547425679 0.0097955597429087 0.0022857211533359 0.0018889603890811 0.0003296183485624 0.0005251335154456
173   	0.003490560657046712 0.0162784554709017 0.0070552353317496 0.0038690255414152 0.0056334655834826 0.1295603374952033 0.0086429936395713 0.0121280483844445 0.0132095685803157 0.0062425917359589 0.0362301331903795 0.0100522105282174 0.0073631112874516 0.0036966349863798 0.0071562648970082 0.0094230413316959 0.0164264791465974 0.0119795981524263 0.0144395815536764 0.5706535621021726 0.1099596610609519
174   	0.0034763018308332856 0.0208389224606381 0.0318189072561305 0.0105461537580856 0.0204742479816029 0.0068312084697656 0.0251771081777564 0.0844552808552034 0.0095506291298883 0.1376523059295625 0.0289447391597116 0.0093208614939160 0.0297558104109630 0.0085886710324338 0.0888004278851359 0.3845933611313722 0.0457084822610504 0.0209013702013442 0.0119648750314787 0.0113920012468254 0.0126846361271351
175   	0.0034477841784064335 0.0237335572604647 0.0013734910353491 0.0004581316980224 0.0009985547392726 0.0633712535451326 0.0035527507152772 0.0006208084736417 0.1681775207729118 0.0007109377344264 0.4997154549623409 0.0990343302410528 0.0013468563810987 0.0010990133376128 0.0026909866276741 0.0008141004901471 0.0061602053027119 0.0146024068441463 0.1030030692178359 0.0020918299862195 0.0064447406346613
176   	0.003430673586950322 0.0794915284003419 0.0045215416079190 0.0291134329635499 0.0512836639551590 0.0467823433484599 0.0188071520011628 0.0238531334474355 0.0711225303936826 0.0297722427913443 0.1457922487636120 0.0356860929201392 0.0289956678713981 0.1106318796988906 0.0513675517729120 0.0392164117463718 0.0707378600080447 0.0543410758900104 0.0759326595576573 0.0036807983328838 0.0288701845290255
177   	0.0032795300290880056 0.1940033383282639 0.0133454772748440 0.0031472881028407 0.0032308142036447 0.0128144369166288 0.0475996173249950 0.0028603283266331 0.0264142791013249 0.0030672608539306 0.0284942846361584 0.0204199084235093 0.0219086808873432 0.0040200034967920 0.0062923112755878 0.0034897057488918 0.2958301643559347 0.2536772128285256 0.0519576880367206 0.0020952072648360 0.0053319926125947
178   	0.0032681229681172648 0.1391516854100647 0.0043676277012718 0.0007942959957019 0.0011781780949561 0.0036840904891287 0.7473875758011385 0.0009235306903530 0.0040638586085029 0.0009998190318423 0.0049011942115125 0.0029885228311710 0.0040577329342026 0.0014795396221141 0.0016251397640447 0.0013553046867172 0.0617588559881013 0.0098690856375621 0.0073771726346850 0.0007262615759727 0.0013105282909567
179   	0.003236753550447727 0.2350443305540883 0.0061450356582066 0.0100869496593616 0.0366735343543708 0.0056740110704039 0.0743781666390454 0.0099652515901424 0.0132893118411400 0.1276268080954525 0.0220686419565522 0.0133665841773844 0.0195843594011284 0.0054910504010850 0.0587927696966393 0.1121318927877768 0.1583982987520746 0.0577423311191729 0.0261053612486924 0.0017807942668756 0.0056545167304070
180   	0.003168311184623282 0.1089384524100152 0.0116843300304071 0.0092456500385858 0.0135075439090759 0.0403902666503591 0.0301764960722602 0.0153156920658402 0.0398077994674184 0.0165713887427484 0.0788144298783759 0.0239203756060088 0.0155449717416255 0.3351409645966658 0.0180967095741779 0.0180382122210936 0.0779840960443082 0.0530026261857939 0.0574424242613620 0.0123436765655887 0.0240338939382894
181   	0.0031654594193805965 0.4290507496406432 0.0297597735996746 0.0006763303039382 0.0009866757455457 0.0093999998897641 0.1045076560479234 0.0007120480646616 0.0297557969239631 0.0007393697348248 0.0249863196538777 0.0192470555942453 0.0032123974776204 0.0035299211424455 0.0016494547954370 0.0007931884943032 0.1704229152031176 0.0971726820906333 0.0708646482850994 0.0007440510491347 0.0017889662631474
182   	0.0031597558888952263 0.0566004625947427 0.0165070966927317 0.0072125253251200 0.0096663589392991 0.1400866631492388 0.0218153504639017 0.0141704313361695 0.0672158347680550 0.0155011183114018 0.1579119473922214 0.0455715086545688 0.0136890969419363 0.0105167714609207 0.0146079487302204 0.0219809648422906 0.0409714192858864 0.0366491648539969 0.0720547189337432 0.1666559009170605 0.0706147164064946
183   	0.003057092340158558 0.1660753739355031 0.0581784752391732 0.0053687302027094 0.0071520256941112 0.1084780719906373 0.0496246262168694 0.0093826482478968 0.0467895143999109 0.0078625575167926 0.0954876164577758 0.0370669413319841 0.0150720862864048 0.0070983530201459 0.0101332602221499 0.0104715637093824 0.1440498231889754 0.0884388238983111 0.0755124494282103 0.0168707901929578 0.0408862688200986
184   	0.003051388809673188 0.0544185684297491 0.0041836345032949 0.0010294326090450 0.0014328979842614 0.2153808335399255 0.0151391815565142 0.0016952916331363 0.1376135727758962 0.0019290799135209 0.2506722095571609 0.0465602646697106 0.0024069563924187 0.0035607156983618 0.0025201492137510 0.0022795866062238 0.0142341728311567 0.0246515031438940 0.1249550969960476 0.0369936298551938 0.0583432220907377
185   	0.003039981748702447 0.2564407878250738 0.0220010198584100 0.0029490836329606 0.0040670997261240 0.0149545825088258 0.0367184477454373 0.0035241703776587 0.0757320746495819 0.0036801000170668 0.0577396142622605 0.0248195129803249 0.0094424563216589 0.0646377435052443 0.0063023275053080 0.0041730265650025 0.1213895748020470 0.1208646081980181 0.1627766174729181 0.0020385202900833 0.0057486317559958
186   	0.0030000570353048536 0.1778584629113456 0.0194593493295827 0.0004428363003831 0.0005943330256108 0.0446403324160403 0.0515278239918241 0.0004831368114990 0.1655599112492204 0.0005048568689152 0.1739531367100162 0.0333181600638809 0.0011262620276848 0.0010058403035225 0.0007589454320590 0.0005389230518223 0.0438754978002033 0.0609077640434325 0.2213910830510395 0.0006633330291713 0.0013900115827464
187   	0.0029972052700621686 0.1026849557390882 0.0106844076575803 0.0001829555985530 0.0002724330264203 0.0692690702896444 0.0262563007566551 0.0001979928851192 0.2112803574860422 0.0002542145508869 0.2837683564954586 0.0319470626610678 0.0004056383358338 0.0012634831363389 0.0004369985993051 0.0002437457590731 0.0164101642569802 0.0297569207687759 0.2100687432417663 0.0025703810577418 0.0020458176976690
188   	0.002923059373752353 0.0107390837081317 0.0027738067556655 0.0028191006658757 0.0033199503521199 0.4517158098745814 0.0046067774786763 0.0200355878168821 0.0106057112337977 0.0037787041869252 0.0333681735176412 0.0073022957375097 0.0070458192789065 0.0023255946578205 0.0049200407095052 0.0044392827273915 0.0114398539984386 0.0082322283384968 0.0132880531963349 0.0018926926831453 0.3953514330821542
189   	0.0025323675355044773 0.0197993790432356 0.0185360065572861 0.0071651959062888 0.0089761568225694 0.0353832303754541 0.0156830425542342 0.0104720880637149 0.0133443094723830 0.0120637425743251 0.0341905886276720 0.0103518215197240 0.0105428227142571 0.0068419573089296 0.0123709237141955 0.0203841505520559 0.0291786000731195 0.0169989171696282 0.0171482364637106 0.6756457859286509 0.0249230445585654
190   	0.002475332230650773 0.0236797534271170 0.0063447236447464 0.0098474573030563 0.0114716243247347 0.0120742237592318 0.0099419996342390 0.6354581953209997 0.0120444871602590 0.0110496022551982 0.0213740809293925 0.0108852310623080 0.0534728238226798 0.0057649300956624 0.0757307301067924 0.0158046740578834 0.0292691310940704 0.0205051156875446 0.0150725199110375 0.0027878243244942 0.0174208720785525
191   	0.0022471910112359553 0.0105703996530752 0.8939077359406001 0.0031458395404310 0.0035613080598583 0.0045075549952492 0.0057163599508259 0.0036722639073622 0.0056135290051958 0.0036716741428342 0.0077691048456189 0.0030871255319985 0.0044143545426837 0.0028197035741422 0.0035738302948092 0.0051094158634281 0.0164809115499710 0.0080415901563346 0.0078996938622330 0.0016542624625622 0.0047833421207867
