20 A C D E F G H I K L M N P Q R S T V W Y
8
0.4346296393920571 0.0974362900356031 0.0097482642141668 0.0486958982119088 0.0597772222522556 0.0154802740523861 0.0566502137621280 0.0396074775203459 0.0486585786087714 0.0580476110483548 0.0637060140020477 0.0161123688180157 0.0606656774198604 0.0599987493838546 0.0569522438979200 0.0538823538811743 0.0923868659077536 0.0763605905018532 0.0657092675539467 0.0043189715194012 0.0158050674082522
0.12919588073098 0.0348487832059853 0.0051423448550894 0.0023369699828271 0.0039433937392708 0.0632714701195592 0.0045596627020269 0.0036403976064882 0.1800898472522592 0.0045718986321669 0.3920650740522676 0.0900428821200003 0.0040669937907572 0.0035320314519806 0.0063662787709742 0.0051554397486003 0.0157598062776523 0.0280845157281544 0.1391024812084209 0.0025655846127989 0.0108541441427206
0.10299891586120273 0.0635476131690635 0.0020682495016507 0.2584518002931609 0.2354677119276634 0.0029013876522746 0.0443820730674491 0.0218208503069743 0.0053632333593003 0.0537138980174299 0.0092617605636877 0.0041371997556247 0.0873327689212616 0.0097659540499714 0.0608555441168563 0.0299210240298580 0.0573820698386488 0.0377242200302995 0.0108154915827324 0.0009791029211443 0.0041080468949484
0.08566644739405581 0.3259088872266578 0.0304455566932245 0.0070484924141374 0.0086653959692922 0.0049310818770830 0.0698706830132265 0.0043619693692979 0.0238376297356113 0.0074712387109188 0.0234683438984637 0.0075735137231788 0.0254569794611994 0.0203395235783271 0.0082337242252334 0.0068493878605771 0.2390161421330862 0.1256147714446104 0.0561048500555351 0.0012114241801869 0.0035904044301525
0.07865392593475455 0.0311434212758171 0.0039914472077601 0.0011261450233792 0.0018551348537826 0.0189486372433262 0.0024627473406490 0.0013827799555923 0.3657217511379305 0.0019635152746740 0.1304390541295445 0.0309134176571379 0.0019994237766459 0.0016985640485701 0.0021946320399177 0.0020265198550141 0.0087809593850999 0.0230228129902647 0.3672122811246890 0.0006949718684120 0.0024217838117933
0.07459470857753196 0.0460171822827820 0.0033910892520445 0.0197398874334058 0.0522564272144873 0.0039550864391436 0.0229220625037032 0.0332649933044761 0.0096431298098982 0.2706662875022559 0.0292542261727475 0.0082550630456677 0.0431977123804648 0.0058621521568641 0.0803055919990973 0.2626391638388366 0.0442215312111042 0.0407483339584924 0.0167831050009803 0.0016465561390016 0.0052304183545468
0.058401388064388216 0.0214292006070974 0.0057678955837557 0.0041552106605073 0.0051608491330774 0.3397186602052863 0.0053170513072737 0.0411547801725778 0.0293835998939253 0.0057707538550074 0.0727474378267679 0.0207608560069321 0.0085476639534686 0.0034918628124606 0.0073146767195221 0.0070303296100100 0.0200506696071594 0.0113261198778685 0.0291850259187076 0.0427667303913127 0.3189206258572819
0.03585909404502958 0.0808684877560714 0.0032270022276017 0.0209830567665290 0.0140422158753669 0.0024558711432182 0.7325233593350906 0.0040341576429293 0.0033145868949877 0.0126211571898169 0.0051707283030493 0.0027035319868292 0.0238975461266994 0.0036487879799447 0.0069434618514675 0.0116437639263284 0.0450902389377854 0.0142606549954294 0.0094158762076444 0.0009386164270921 0.0022168984261187
