# This script is generated automatically.
# Vector of amino acid stationary distributions.
distributions <- [
                    [0.08233831646052098, 0.007209505165893134, 0.1145332052387305, 0.13400925992342025, 0.009583941041712583, 0.05218284094622033, 0.03203940172210938, 0.01615946765939568, 0.07823389010500663, 0.02658194529007378, 0.011142169867088204, 0.07863417128966767, 0.027333846362244008, 0.0742033689186053, 0.053247789738933717, 0.09412665177293043, 0.06502409236700121, 0.02638080552381533, 0.0037748980116899524, 0.013260430422231333]
                  , [0.10107330870600417, 0.015965071385044858, 0.05396668026356107, 0.05528812503443754, 0.013516677075845557, 0.05620357388060732, 0.02936539245100067, 0.01978851092822661, 0.056466603696342314, 0.02973432254313306, 0.014671842444996565, 0.08369472084472043, 0.029027611226293992, 0.0525305477860593, 0.04521388765700482, 0.1897502519737747, 0.10233722790683225, 0.03069069661973784, 0.004743611581166339, 0.015971335560524647]
                  , [0.07688327516375247, 0.004637156340875621, 0.11900909215237301, 0.2565582957951703, 0.006784683476269884, 0.030339652036428213, 0.023119263796558417, 0.01510392881251773, 0.08274892023522068, 0.024102847000832678, 0.010754669209270058, 0.04788814598043293, 0.020522778963363845, 0.0941898409832084, 0.04604621503330558, 0.05570976347973907, 0.04643684448862057, 0.027026116206702686, 0.0026525542869345288, 0.009485958861226683]
                  , [0.0694702370703964, 0.009484794968378882, 0.04572113534125055, 0.06997662750608098, 0.01157432052833007, 0.039480589054228084, 0.03673782610280443, 0.021259201271069263, 0.14562782992559758, 0.03347035606453021, 0.015787551959078487, 0.07065334510659607, 0.022999516972027477, 0.07812753897767932, 0.11318422442194884, 0.09418003499856915, 0.07192870221419367, 0.030333008602089095, 0.0047239279484547125, 0.015279226600014299]
                  , [0.037824329816904735, 0.008740324274994368, 0.0030909347658173783, 0.00562245695344149, 0.030285939394140888, 0.005919738314475627, 0.004231478753904817, 0.27319196584709515, 0.0063399851063671575, 0.21072149517973257, 0.047523432728495546, 0.004805533322845695, 0.005730897715843394, 0.006785559566549672, 0.006598895824191035, 0.011715084073387824, 0.029050438049248985, 0.2910745223824825, 0.0028743644381211617, 0.00787261896771553]
                  , [0.052690692399909256, 0.008290830450642073, 0.028972112030442646, 0.05978305953550387, 0.009647510697612757, 0.028007404693911414, 0.034314596719897276, 0.02014044947522272, 0.22008518779271669, 0.034843210811678495, 0.017013456207282084, 0.05069097387974015, 0.01695389886893791, 0.08084023508913743, 0.18830384186432975, 0.05709170756534214, 0.04883590842952109, 0.026001632881099877, 0.00432845467013897, 0.013164837555824142]
                  , [0.038886995477002376, 0.008666459034651814, 0.0029319878321892034, 0.005414995210123265, 0.01737383553102984, 0.00480626493884969, 0.0032132743889445106, 0.3174731630673638, 0.00552369434795786, 0.11748853177994995, 0.030554270893687955, 0.004533472889671923, 0.005309570220352913, 0.0052766682521786235, 0.005102800909600885, 0.011396530591725657, 0.03208377770720633, 0.37608475782374773, 0.0019612339890884498, 0.0059177163703112955]
                  , [0.0722823969594287, 0.005420200641764161, 0.21115247325634406, 0.1874305902750344, 0.007155246318568641, 0.05595324469047258, 0.02587929647933445, 0.010968559690168425, 0.056419711884212125, 0.01873693026561342, 0.00823202464275958, 0.07765296052575577, 0.02569330690054702, 0.058314808446284644, 0.03535257965202859, 0.06757745925391279, 0.043358608100592604, 0.019442237411715774, 0.0028478928396368257, 0.010129467768120157]
                  , [0.03140658527994406, 0.009793753685025866, 0.005259773189837176, 0.008564387459440805, 0.07304568525677646, 0.007920050997914874, 0.008916781346049832, 0.11874960088964387, 0.01057064989907349, 0.4302050732875136, 0.0883101201529077, 0.007837694472932318, 0.008568303558653116, 0.014923230614564954, 0.012893480080469512, 0.01684088715468387, 0.023063794859062424, 0.0957597520596185, 0.008116204660900454, 0.019254196541122856]
                  , [0.07178432951631045, 0.004006549713811673, 0.07631369535674111, 0.175195573445283, 0.005652038314398221, 0.027870699853848713, 0.025616788194761375, 0.014315209209625847, 0.16440506638277363, 0.023524418102603653, 0.010563114862767082, 0.055871182013498326, 0.01506353441330557, 0.10008947093443632, 0.0887556874779045, 0.05564752528362528, 0.051103451169050323, 0.022869251334645922, 0.0023931000973003254, 0.008959318896593193]
                  , [0.064428085167557, 0.0036138045503804825, 0.23626441047434046, 0.2992811611623764, 0.0043326071536344685, 0.0349837192350656, 0.01848563113590738, 0.007677717853002947, 0.04700007434474666, 0.01353371017808011, 0.0061082320324590406, 0.05310227174607417, 0.01852394471223901, 0.06315546417192815, 0.025047302481058752, 0.04838578639226172, 0.03259873195240412, 0.01566933058410265, 0.0016685898672090414, 0.0061394252816091704]
                  , [0.04580570004563611, 0.011886296425572486, 0.007652348985005088, 0.01315012043913294, 0.06384433796300222, 0.01189516398606464, 0.010990658466873146, 0.14749753834976792, 0.01586752777624477, 0.3093478078396208, 0.08828769592698257, 0.011404422809958452, 0.011386811915736261, 0.018461854398581976, 0.01758562086239103, 0.024994735834895303, 0.03764220594980033, 0.12253414405427437, 0.00804844837730422, 0.02171655754298753]
                  , [0.020429326494128444, 0.00662497679013397, 0.0021639924610238545, 0.004180585958303437, 0.044337192178382404, 0.0034541015561529165, 0.003635824906326541, 0.2361384003473369, 0.0050956315467747745, 0.40296024396295105, 0.07552343539695666, 0.003666734681111436, 0.0037710886205755897, 0.006399768441200708, 0.005651805460155417, 0.007649721738174228, 0.016800278597254435, 0.13954945324346693, 0.003185376467548807, 0.008782058056318272]
                  , [0.09159608923850943, 0.02447299945877042, 0.03454215533793808, 0.05326713147181718, 0.031713766417157035, 0.03634651005286934, 0.03099235786526819, 0.0574173809354481, 0.04842392218555471, 0.08662483208663767, 0.03585632643642876, 0.04501870811801826, 0.029982541887865612, 0.052375475922230776, 0.04885874995105312, 0.08905662426792871, 0.08547077328216951, 0.07736812209090135, 0.013194087464739485, 0.02742144413771637]
                  , [0.024475186349233485, 0.006696624139530705, 0.00243497791460999, 0.004264712058114253, 0.022363205522993892, 0.0038749976259314922, 0.003181131282007414, 0.39981864956752566, 0.005384439678256574, 0.15653421713625068, 0.04182824958405408, 0.0043926124162028055, 0.003537952066986264, 0.004702246388370253, 0.004872845385724051, 0.00896800885501442, 0.02500164692660785, 0.26931160573777546, 0.0019212375247152236, 0.006435440774000177]
                  , [0.19818871102726757, 0.016740867108386202, 0.046050677588664025, 0.05752490826187617, 0.014884472667209672, 0.06635477283399072, 0.023361614026839304, 0.025838474581889877, 0.042149361008660624, 0.03828121453181261, 0.017543192819327796, 0.04541576893157263, 0.03967175429060198, 0.04697321781512609, 0.03937489581032415, 0.1274852302949751, 0.08165637105985239, 0.05164248569885099, 0.005591707161207336, 0.015270306346852988]
                  , [0.036661773920781564, 0.008458177722020621, 0.002888262625623722, 0.005361044540813049, 0.04845657413409527, 0.0064656664377943165, 0.004388921746213498, 0.22407515810068063, 0.006394875852111369, 0.307008257023207, 0.06235634574245325, 0.004620293519455636, 0.005482715911795624, 0.007738726779619679, 0.007100756354571587, 0.011920219593701008, 0.025982325428197617, 0.21002473032629532, 0.003788558591101019, 0.010826616753184408]
                  , [0.017001845753055148, 0.006145408204259512, 0.0026990000934668176, 0.0041748728645758446, 0.05680435528441763, 0.004067359250180022, 0.0050400798130752315, 0.09516981182872038, 0.005759096775701002, 0.5802492420920184, 0.09989194813533456, 0.004146424383177728, 0.00487314591444999, 0.009568936062365172, 0.0066423069071353535, 0.0098165090058413, 0.013396505155463818, 0.060015056141265156, 0.004133465880760261, 0.01040463833662834]
                  , [0.07071586886097758, 0.015599036161984221, 0.008568153180556745, 0.015495218466672712, 0.024121427579940204, 0.012983730968622265, 0.008200905031468225, 0.23034606088691428, 0.016799758262990787, 0.10271129703636528, 0.03948010814800036, 0.013167281501224235, 0.01318341188337711, 0.014467656427949512, 0.014621332622925483, 0.032527670048063714, 0.0688410375696019, 0.2818561222453976, 0.0037588367268976096, 0.012555079998367628]
                  , [0.08862358957163959, 0.014704978810893648, 0.033168452106351595, 0.046000470629708246, 0.0156662018737998, 0.031181427457810173, 0.02231453624122968, 0.04326570579025113, 0.05590853171482644, 0.043292606374630435, 0.02534287120374817, 0.05507218117060564, 0.02341421715011079, 0.04327180530889959, 0.04341291052815731, 0.125401300383124, 0.2047914110044314, 0.06430914426883313, 0.005605196789604862, 0.015252462170882518]
                  , [0.07749561392611201, 0.009294824261678762, 0.05156842202484647, 0.10249937272008194, 0.01422275001191143, 0.0324965777945283, 0.042427364201935644, 0.02574692999134557, 0.07988003210655119, 0.05221512746324224, 0.0231763778673925, 0.05223122310813326, 0.02247862560543456, 0.1521566128978224, 0.0720905147134748, 0.06916204140517401, 0.06091751593802344, 0.037095508713009484, 0.005589447560971525, 0.017255109521030983]
                  , [0.2024117222346581, 0.02641890165463527, 0.025620729958962894, 0.027803141387614253, 0.012758818117048955, 0.06231670723559038, 0.015028623185786212, 0.021485500229994674, 0.025508299924267928, 0.028174172710688464, 0.01481139031906362, 0.0438719093245663, 0.0283827549037493, 0.026913512439097162, 0.022572195484984132, 0.2399451813094573, 0.11720776443573958, 0.04412478120593157, 0.0035898166384629874, 0.0110540732227196]
                  , [0.03768924907038528, 0.008094667304496289, 0.016512850021153727, 0.03758952205226711, 0.007246578100929615, 0.02085607360681089, 0.03151794426522482, 0.015427579988522129, 0.2507189501992032, 0.029039062652816985, 0.014710076987288897, 0.03699146173439577, 0.012015900144280046, 0.07554602906753947, 0.29220586710301616, 0.04255262054069444, 0.03665682479131089, 0.020301300865110943, 0.004479715733342797, 0.009847727328210973]
                  , [0.0700215717342148, 0.014400536123311297, 0.030463361974226225, 0.05098199428609755, 0.01474990875222765, 0.035288649632078194, 0.05179862763821029, 0.02098753889661789, 0.10456064642425983, 0.04503033958608793, 0.01644489044821313, 0.04037325262220944, 0.02236047984439969, 0.07987931076956988, 0.23042821165085722, 0.0593714751499473, 0.051457528856951235, 0.03208135577943829, 0.009527211981795536, 0.019793111152055263]
                  , [0.056716958636721916, 0.010425110414144987, 0.09288997013790373, 0.05923659011426318, 0.013894658424054348, 0.056379401710992906, 0.05160763857269492, 0.017731545878841806, 0.07626507829393213, 0.026358738049645142, 0.012712289783983484, 0.1975235644208039, 0.016869982882092235, 0.05558506801910958, 0.0510289550137904, 0.09370611251576041, 0.06014577792947203, 0.02331461087105991, 0.005028020054659173, 0.0225799282047872]
                  , [0.0642005245526155, 0.006502471795172693, 0.2140209028479099, 0.09650892014532418, 0.008486602445364602, 0.06534674483740657, 0.0314236147052111, 0.01132663008109476, 0.051184356036154316, 0.016672106824076063, 0.007591339496970238, 0.1428884592587359, 0.021184480635932125, 0.04160457041284589, 0.030588069054433436, 0.09991329832458096, 0.05548106290850334, 0.01787297546657217, 0.003613293434437481, 0.013589571144617216]
                  , [0.01632268510029819, 0.005535077921746722, 0.001900306468192385, 0.0034110168826971612, 0.041949119636868634, 0.0029780270274661763, 0.0031273175038472115, 0.17662122734595254, 0.004109453059623451, 0.5209872217878813, 0.07325355391070877, 0.0034070715064295, 0.0033387696219525607, 0.006097075542639684, 0.005193400274395563, 0.006913069712066372, 0.012959637944552932, 0.10179313680074072, 0.0027573227383294163, 0.00734551167935394]
                  , [0.10536879415078532, 0.014769797085026178, 0.07380008962094238, 0.0674261547172775, 0.0147264209468063, 0.1640239709319374, 0.028458753016649206, 0.018773200318115163, 0.05485106016125655, 0.03024548023455499, 0.013592769148376942, 0.07005371722408386, 0.032193656709842935, 0.04639687369947644, 0.05020560818513089, 0.10345676741570682, 0.05754165401570681, 0.030553242558743574, 0.007163004382094251, 0.016398988243978972]
                  , [0.1036583807388225, 0.009825718892823175, 0.0576113332596977, 0.08010874463375955, 0.015529821619067768, 0.040779956746644065, 0.027887881949476792, 0.02558153038463172, 0.06332057720431247, 0.04289116294683434, 0.015219100752668864, 0.04092187195962372, 0.1633930637564745, 0.056603515957086986, 0.05141438657964275, 0.08386072572032557, 0.05894510474685551, 0.04101870446464424, 0.005809733786555329, 0.015618678583025035]
                  , [0.07080252705438701, 0.01759418019253239, 0.015679386468345047, 0.026514588084661183, 0.050080067526025104, 0.022064122570639444, 0.01992584606915232, 0.1186870423496919, 0.030131454944550665, 0.19042938034841722, 0.06002730572551509, 0.022540534733588302, 0.022320339950074333, 0.03228761015476947, 0.031327058312406966, 0.047829809479498574, 0.06032887254727001, 0.1207873128967494, 0.011393023700021243, 0.029249531713724235]
                  , [0.01797487983582914, 0.005250671948716626, 0.001527797743251423, 0.002709041220320764, 0.010914770468021383, 0.0023248816113368917, 0.0017918870081069897, 0.4443198049197866, 0.00304314501155082, 0.07253357031048127, 0.01842641551294112, 0.0028119441512299767, 0.0024974732945669993, 0.002649682414331389, 0.00264453575379682, 0.005434355765026766, 0.017274062348021445, 0.38182349679144345, 0.0009087858575721874, 0.0031388023874867263]
                  , [0.20108064472772022, 0.032293411386000254, 0.011829057345779062, 0.01894331188851616, 0.028053238910320938, 0.04182780422956506, 0.010920171846136646, 0.08313793217712177, 0.016988594432326982, 0.09157445358939953, 0.0393576780945991, 0.01819239875947663, 0.02047971791076821, 0.019075882989936278, 0.017269074341608022, 0.08606892767639496, 0.09216400416750525, 0.15177007187073682, 0.005700262578653696, 0.013273369987364413]
                  , [0.035396689592437434, 0.01635055823604664, 0.014517989463262916, 0.016457065352541704, 0.21012012194045077, 0.015780417574097018, 0.055389846449564066, 0.03308449490207167, 0.01867531758417309, 0.07520392318464857, 0.02162620529604892, 0.024344365161440035, 0.012111291211366414, 0.021406655514208107, 0.02249236944390353, 0.033140797340654525, 0.026593876748556483, 0.03721257830182276, 0.04609480055937967, 0.26400063975999133]
                  , [0.08815459083987709, 0.017946830764128827, 0.0062272915010696955, 0.011331353583816893, 0.042448319845225894, 0.01785400726277446, 0.007705196935529731, 0.16143711142710815, 0.011309664562091593, 0.19809302500284498, 0.05101556394104921, 0.008934919349493538, 0.012274953668715092, 0.013358527828951933, 0.01318317472937295, 0.02961221674519183, 0.05128831195060885, 0.23856489837259587, 0.005633104576522125, 0.013626940025378498]
                  , [0.09950512459699458, 0.008444005153574664, 0.03921159638570124, 0.053244118362591075, 0.013631257441256948, 0.032814994320582894, 0.02123432369376138, 0.02627815577163, 0.048057559020264116, 0.04545510496926238, 0.014132752283469942, 0.029111119881375255, 0.2949853612249536, 0.04386136191598362, 0.039649172272540986, 0.07777622565118394, 0.05373104320810566, 0.04183009835724034, 0.004964182103870685, 0.012082440139002722]
                  , [0.058653065242640294, 0.015747840564052436, 0.04472467402023919, 0.047618519713661434, 0.037673663045538174, 0.033574849474471036, 0.1543974474126027, 0.02417790440029883, 0.05570899151908927, 0.0483697444089237, 0.018497627456301735, 0.07770989392364303, 0.021689164560947563, 0.06695809726885925, 0.07012704857865684, 0.06677959790363386, 0.04792184143744253, 0.033608929477920865, 0.012360858285878544, 0.06370024641329361]
                  , [0.3518260723934888, 0.033752876592194975, 0.013623667676019136, 0.016987781129315455, 0.008620390386906748, 0.07356569082172962, 0.008106860323288289, 0.015861528169726427, 0.013995275104491472, 0.018917051305507637, 0.010955560737212783, 0.021515632262325456, 0.018742823068352395, 0.015196358664011075, 0.012583992926913687, 0.2312475083708574, 0.08201000380210138, 0.04340507268560191, 0.0022439610747373223, 0.006841888924719989]
                  , [0.07232354342518317, 0.01721735388245552, 0.02077028687675854, 0.04262204290187187, 0.024280205800837125, 0.019349922346122463, 0.019716591126031878, 0.1430588590512733, 0.04338601112335773, 0.08896314799209395, 0.04029631751191716, 0.02953548684804096, 0.022431369595279606, 0.03748242720602256, 0.03774816442995003, 0.05231693746076033, 0.08435663012207882, 0.1778547534240205, 0.006188388681199874, 0.020101565090919638]
                  , [0.05082835790844328, 0.004879940562688308, 0.34660646058624245, 0.14965477411421257, 0.005937975643816457, 0.048100814902487465, 0.024042449629335515, 0.008091268689244202, 0.037775089063412336, 0.013190934867102738, 0.006241394923508142, 0.1084612306528086, 0.016664788319747815, 0.03781974908209739, 0.022267147601307984, 0.05883196637977341, 0.035049511087235696, 0.014379708206703423, 0.002339806101775083, 0.008836633981782145]
                  , [0.028275072727592353, 0.006434366959742236, 0.0016253291163444705, 0.003005371327240984, 0.009190126253778519, 0.002722944016520401, 0.0017926836326890155, 0.3203931675454007, 0.002892783570943157, 0.06586425025190391, 0.016728136277445762, 0.002855087163679021, 0.002663866153321672, 0.0028067044997071855, 0.002922285831400258, 0.006266164178441697, 0.019950846119273717, 0.4996735090802584, 0.0008706552524194184, 0.003066647635500984]
                  , [0.06261432531286759, 0.024000848526464336, 0.02879918939226065, 0.033555099929310744, 0.11047651371912495, 0.030614158876734843, 0.05716795705504589, 0.03881800123147487, 0.037420871074688306, 0.07497868554575392, 0.02711242776993648, 0.04167423102799341, 0.02103378130581038, 0.039176107579393084, 0.04244924638626205, 0.0644794463185133, 0.04808212703599149, 0.04907651479298982, 0.03254398426911315, 0.13592648723359213]
                  , [0.10056774880926918, 0.01936574292370767, 0.028602293654188943, 0.026585701109209752, 0.01017780073024356, 0.03744430817278669, 0.015168591174331562, 0.02087451141271538, 0.030321708799168116, 0.022292000766488115, 0.014124470317409364, 0.059267633590730825, 0.020973826622935204, 0.025326117159001734, 0.02404687270564477, 0.2557028713012479, 0.24145012228164012, 0.03438407629946529, 0.0035878896638146, 0.009735716665359453]
                  , [0.11907737544240808, 0.006673110862531886, 0.026484314390338666, 0.035443235577497255, 0.00846647222344949, 0.02769985884621934, 0.014673022377837129, 0.017062981165675443, 0.0312725110637213, 0.030341963818424522, 0.00922940584779705, 0.020445175867823837, 0.42556232030586333, 0.030518734747542166, 0.02739072028061661, 0.082169082698143, 0.044892258674596446, 0.03169030000121361, 0.003148116383286809, 0.007759040029493756]
                  , [0.1031747800356047, 0.008606179931062025, 0.02981011975224053, 0.01960620098121551, 0.0052259221257212815, 0.6171303556783323, 0.00893553353738493, 0.006286016345119549, 0.01697985769502762, 0.00993276882246745, 0.005009518908532823, 0.03270620567992635, 0.008868872406629813, 0.013010321725475782, 0.016468076054880293, 0.05978074823818292, 0.0189214021664825, 0.012345128406506672, 0.002331149618367113, 0.004870839496623775]
                  , [0.014647489235257508, 0.009395515470391073, 0.005327716417008181, 0.005939801296834288, 0.3593100381129729, 0.005614970620732365, 0.03551806131806328, 0.017692005871260172, 0.006869293518187686, 0.05032791318684047, 0.013244974989199236, 0.01110890486728739, 0.004476318790564968, 0.008195667414897589, 0.008700302822097966, 0.015056244924643199, 0.011369141344506527, 0.01850709447212931, 0.03152557656387343, 0.36717296325263793]
                  , [0.018808015175914086, 0.00527172903167453, 0.001886010101940755, 0.0032130249274446646, 0.032442880377208244, 0.002899291746827369, 0.0026399739195570003, 0.3584697063946252, 0.004088308447088858, 0.28602421249066873, 0.053254231649664176, 0.003129458534834477, 0.002928987539823357, 0.0042284250852201236, 0.003936963981562798, 0.006228653155884764, 0.015775370922120023, 0.1855509088734762, 0.0022636654946877263, 0.0069601965149289485]
                  , [0.19290261906556178, 0.004216069050640576, 0.10696161996357711, 0.18959233678723972, 0.005237012489952113, 0.04232393501255967, 0.018139576805450905, 0.011531632300427148, 0.059217308178598355, 0.020732391341371642, 0.00805950549698576, 0.03440405053943733, 0.031027224165661896, 0.0730698145754836, 0.04716710092941472, 0.06930626160763627, 0.050006275025119305, 0.027640376752574955, 0.0022940450246043643, 0.006170841313865909]
                  , [0.06150269535614704, 0.0050696232030798625, 0.021795308322255978, 0.012766889614448718, 0.0030719952040558773, 0.7578001243346029, 0.005440688143092544, 0.003878552721799697, 0.011610035255259894, 0.005877089558175161, 0.003062125387579318, 0.023502855335868232, 0.005220928610519586, 0.00812579979721162, 0.010670107674271116, 0.03695131525982256, 0.011252650019645129, 0.00800067190126763, 0.001570180416996192, 0.002830359472496897]
                  , [0.3267347020460357, 0.022403218509974423, 0.02991360686419438, 0.044337062786061386, 0.013093148679156105, 0.06857904060626599, 0.01594398527647056, 0.024276400040153412, 0.033956491469309444, 0.03517958826598481, 0.01720563572237857, 0.026394691734654807, 0.02772250361112532, 0.03254687712301792, 0.030133848139897675, 0.11071680670716122, 0.06551579574808183, 0.058930058060102285, 0.00437048450863171, 0.012046049537595992]
                  , [0.02537587748519131, 0.014422581931475494, 0.008672349496769045, 0.01024180071526655, 0.3392802988691424, 0.01022712132108232, 0.03331809754052234, 0.03542679820274634, 0.011399118988960684, 0.09694743477113624, 0.025608305893914923, 0.015487962697496003, 0.008265359902531043, 0.01404039913408723, 0.01391625026050071, 0.024064529297253633, 0.019037765169628552, 0.03554674099219175, 0.03798083950955845, 0.22074036457996715]
                  , [0.036644843626104776, 0.009884310407763438, 0.006310028541672355, 0.011533244640924464, 0.039086290892046224, 0.008518669499252111, 0.008253394548606408, 0.2618475037389536, 0.015403779623657327, 0.19850258316655373, 0.10567364547110812, 0.010327538470836131, 0.008174384143168022, 0.014036436053840928, 0.01287221016696126, 0.0207901461346024, 0.04427185906050306, 0.1676486716764103, 0.0047169447281033205, 0.015503508155268544]
                  , [0.05557892202258009, 0.012119113452980865, 0.019302574342420494, 0.04898405087126532, 0.023336275002891364, 0.01772376297273849, 0.03080391895332507, 0.06767977898664464, 0.123950463782184, 0.1119528246936528, 0.04349512668594242, 0.029444265755610648, 0.01503573759038964, 0.0717273207889303, 0.12110017802698626, 0.04305009226765803, 0.05825059302354399, 0.07470324753269998, 0.008888470640823352, 0.022873285517417005]
                  , [0.020821114922469644, 0.004860310048914579, 0.007818395980405908, 0.019604805864533344, 0.0037783392847476477, 0.013082402249929619, 0.018591196545249482, 0.009322734340992303, 0.3961105083168854, 0.016375098057090323, 0.009609546556103757, 0.02654902682830567, 0.007413497839159754, 0.04674533074541866, 0.3316621991824079, 0.026332843008175927, 0.022445015522977257, 0.011515726764730658, 0.00216679132534539, 0.005195121034959085]
                  , [0.08563338991812536, 0.019197199084853178, 0.00443081696033306, 0.008921263417984202, 0.01582683468238284, 0.009645659280208767, 0.004730519283455643, 0.18223938952428, 0.008088784725719958, 0.08486880906549973, 0.02778907726552795, 0.006738428805759478, 0.008034867817758397, 0.00778811355731222, 0.008038022200592937, 0.021509463341332746, 0.0567398386744777, 0.4314811891586676, 0.002115083782890985, 0.00618323940669108]
                  , [0.0630279110905495, 0.004376718589136909, 0.037631181014832614, 0.09089401448509668, 0.006727311788670642, 0.026196093647972714, 0.022990232497386635, 0.018772888950416705, 0.2861604826952968, 0.02597480241559559, 0.014155345413335182, 0.06447221643593738, 0.014893894601214805, 0.08717163491736137, 0.08562078769317695, 0.05397248912982069, 0.058791692919903944, 0.025690994198898365, 0.0025897514847436093, 0.009889565254131972]
                  , [0.0925768913074406, 0.013712395209844925, 0.05722820791677339, 0.050540819002845364, 0.013094520928154794, 0.30434342082799865, 0.023918454769241714, 0.014444439547446342, 0.048512550792431344, 0.024960908638497883, 0.011226489550433962, 0.06395738056380709, 0.02336892662327499, 0.03690165865130175, 0.0473902085218381, 0.08658070845924029, 0.0416613739664248, 0.024915369486413805, 0.006892179027457665, 0.013773094445582626]
                  , [0.17852042589056713, 0.00777706085628384, 0.050640047516386434, 0.08824986688372768, 0.008109983617839843, 0.0454309162011969, 0.029542177037902535, 0.015125010538472629, 0.09018205060558576, 0.03463510696067254, 0.012825556582359685, 0.03405344118267313, 0.020282770372613276, 0.08686806199772001, 0.11801308557993746, 0.0731550928184668, 0.05847011749643773, 0.03363794611570249, 0.004488632213023664, 0.009992655801937887]
                  , [0.03900714074492411, 0.00561061833600229, 0.017989469075779377, 0.04551984779368027, 0.005651861050614833, 0.018704254332999742, 0.022674040396053766, 0.015120881719902987, 0.3665223274235067, 0.02501510583357157, 0.014059339452959665, 0.042201019259365175, 0.011600878785101555, 0.07394641039462402, 0.18995648828996273, 0.04036210192450674, 0.036319256559908475, 0.019386145813411637, 0.0027283565377466306, 0.007624443827995448]
                  , [0.0680041211385854, 0.0032144832559660996, 0.12210439824381855, 0.4012716129959752, 0.004276478525445569, 0.024790806451264955, 0.016177214334387555, 0.0099136853619895, 0.06173966744781483, 0.015735342361702057, 0.007671989703996556, 0.030906249314261024, 0.012152047939764272, 0.09745266943645779, 0.028988820240799348, 0.036746519935307725, 0.02995491519407709, 0.021193297736774037, 0.0017013266606526736, 0.006004355622915479]
                  , [0.4875811271393644, 0.032600567786566934, 0.010838860393499114, 0.016091865484539093, 0.007467207720120883, 0.05626802176600029, 0.006378917485258127, 0.02196382369178762, 0.011349848801236871, 0.022059403746296447, 0.010958089594563462, 0.011356582714799331, 0.015409011580756509, 0.010880175542212059, 0.010629086976557019, 0.10899997030778072, 0.07513959620883068, 0.07638572508845105, 0.0020053763612541365, 0.0056367469188839635]
                  , [0.041717680685524575, 0.019054724360513788, 0.011377909200606114, 0.014890044287775774, 0.22236769467455608, 0.01639658028561128, 0.03297622073098572, 0.06303726960744696, 0.01689764942314917, 0.15159430820464725, 0.042531505589551155, 0.01870563711689994, 0.012759111859719934, 0.020099273319093676, 0.020285969414634224, 0.035204329057584034, 0.0303026434637033, 0.06063908960311729, 0.031576633914850626, 0.13758571690142907]
                  , [0.06047898314215533, 0.015486397208610229, 0.01863995409679278, 0.03379158004868528, 0.04371562690075123, 0.02151541289656162, 0.03181072413290957, 0.05532681883415201, 0.041449816348309715, 0.2542334685062128, 0.06216713712929787, 0.027569874829529058, 0.025342246647500715, 0.06142673264099971, 0.05285190998309738, 0.048193554400462385, 0.04615509081768276, 0.055773204920543204, 0.013768376910863918, 0.030303091230569214]
                  , [0.028483146446242426, 0.0024511991392943792, 0.006385632035736576, 0.004507350033903415, 0.0013271367854761074, 0.8998911982284709, 0.002277406212583627, 0.0017712530238232077, 0.004079692980452063, 0.002745079093923672, 0.001488042614997534, 0.007660683137599988, 0.0022025192660511395, 0.00302285964172299, 0.0045742126936468355, 0.017435634694258684, 0.004580992901037827, 0.0032095489056192666, 0.0007209377374617128, 0.0011854659530845454]
                  , [0.11061043306715347, 0.032183043200349266, 0.030690591989045803, 0.023386043358310918, 0.013765377176218369, 0.05646375803778378, 0.01739254089061753, 0.015138315400222202, 0.02565083973027465, 0.02333174222575013, 0.011737997575964436, 0.06695011098618825, 0.024104782509445928, 0.023074222453246564, 0.024134357571836698, 0.35587143149706335, 0.10453003614541995, 0.024211806483568785, 0.004017738033656131, 0.012754832064613461]
                  , [0.038480590965973095, 0.002056985116400567, 0.27713467698758243, 0.4370174421867438, 0.002810266444766993, 0.02055534993468818, 0.010319753685373368, 0.005076218217868175, 0.028036773152717395, 0.008939528972262661, 0.004212926325915196, 0.03155087791017577, 0.009343225121109421, 0.048480824165618455, 0.011643921940009572, 0.028265920809546922, 0.019617641925495845, 0.011598085533946464, 0.0008824633789066092, 0.003976529937913271]
                  , [0.1950310327521591, 0.031737543775623225, 0.007455764773016085, 0.012567538946879356, 0.015643443904187725, 0.020738077562000863, 0.006734080998370511, 0.11216269453478897, 0.011111932179240724, 0.0633700258285808, 0.025415598043506595, 0.009822578842105328, 0.015490958082287759, 0.010996141173863445, 0.011161464718103295, 0.04706088818966921, 0.07776665278800717, 0.3144680172722826, 0.0029040347435228975, 0.008361538487534577]
                  , [0.008401048354241838, 0.003764591221847394, 0.0013228456075989395, 0.0020638611185717776, 0.04094426593383557, 0.001960204845561961, 0.0026817810489682195, 0.07434560560694399, 0.0028627822127417074, 0.7167476161152961, 0.06847652599492302, 0.0021031945581395095, 0.0030300712923354255, 0.004619805852276546, 0.003516262304127188, 0.005718603434982095, 0.007182208690632068, 0.04264403969374379, 0.0022126716234359836, 0.005402014906812944]
                  , [0.04776648340211469, 0.007767622752762582, 0.02821042033032068, 0.0790044555201227, 0.007704404060879945, 0.02134960765995912, 0.04762138142377226, 0.016020373774044985, 0.1618322582366984, 0.038447806881650684, 0.015222574225613916, 0.041751353016712144, 0.013937647073499294, 0.18622162450545682, 0.1657766277285127, 0.04416376074863586, 0.03895377646145969, 0.022016580463335565, 0.004764901192530691, 0.01146635091780357]
                  , [0.031944325084659, 0.013889167069659652, 0.005437060350436049, 0.0074207159914486814, 0.20336226023601867, 0.010111819153412076, 0.014357522930562671, 0.09099225704463826, 0.009239412856678828, 0.2980436015050451, 0.07549522255173594, 0.009096452671113371, 0.007897184851034772, 0.01192454329656233, 0.01108032677458523, 0.019647883716435964, 0.022079801433213725, 0.07146440600820933, 0.019037814292115565, 0.06747822612348203]
                  , [0.023564756974571777, 0.013293301725307037, 0.011361721697976071, 0.011798414434526935, 0.18740857760422064, 0.011431654113475041, 0.076075356724788, 0.019498145995502612, 0.012943904465144415, 0.04412306288704365, 0.012553700442138086, 0.022112768573430256, 0.008264960258778813, 0.016114346477599052, 0.016378428035979768, 0.024955373696592377, 0.018488161122643038, 0.023203362878394765, 0.039948070854869365, 0.40648192682926765]
                  , [0.2567905596872283, 0.028933674320938324, 0.01269309235638566, 0.016927035169765466, 0.010929299593397186, 0.03675573866550822, 0.008028928208861811, 0.03310696486359689, 0.015465672082363137, 0.030624449866203482, 0.01948609376768029, 0.021420440216159766, 0.0191370819292789, 0.014910973066203304, 0.013702895897480624, 0.14831308135708082, 0.21468651152041718, 0.08777021366290182, 0.0027847234396176966, 0.007532570549261541]
                  , [0.09687854519297633, 0.005348247473226667, 0.016250446543636984, 0.022557603141515982, 0.006741339200799813, 0.0188082326896732, 0.01050314195149511, 0.012398204196453239, 0.019823642246870665, 0.02415326934457579, 0.006811097559979155, 0.012913435847531261, 0.5814479229833123, 0.020694432312413028, 0.017991110370827564, 0.06328923030076498, 0.03123238189325455, 0.02366768069714892, 0.002501969820236442, 0.005988067512343428]
                  , [0.2538112178907064, 0.022333930493386694, 0.026200723265924146, 0.02763341593578145, 0.01386346099321267, 0.23340569439610145, 0.012546993533066477, 0.01799216146362665, 0.02176748092151068, 0.027438766295335995, 0.012822409952662712, 0.028809290612774107, 0.023905668282283323, 0.021444732368778283, 0.02218071924208145, 0.1275664247389488, 0.05244691955795335, 0.03940284978941882, 0.004912652928646011, 0.009514485420988535]
                  , [0.0624446626471613, 0.015049400832828288, 0.06359625716840825, 0.029288648977708047, 0.009416244547196154, 0.05357375349355625, 0.030018474423719937, 0.013988509090734798, 0.03697369824956461, 0.017161440041797302, 0.00947627108080806, 0.21978595733194004, 0.013836281277951962, 0.031200375222918818, 0.02680094688331594, 0.22793264427028853, 0.10475497558167891, 0.01905750198362939, 0.0028543258347265895, 0.012789630180424914]
                  , [0.0345493021223211, 0.002580355473462262, 0.3947292568391698, 0.30455420108032744, 0.003077948382993606, 0.025971170420282276, 0.012830774806063776, 0.0052836519266424575, 0.024742117974037192, 0.008422195136783495, 0.004247000345356369, 0.05077872402892485, 0.011221223401463719, 0.0355544429060812, 0.011682076368356865, 0.03338228624586153, 0.020691490380379894, 0.00981207234343942, 0.0012139542142533613, 0.004675759667189416]
                  , [0.5089657367503486, 0.021963559429062036, 0.006055224839086541, 0.0077514889435146075, 0.004182154174163219, 0.06061084934309623, 0.0037722071453975582, 0.007861412525104472, 0.006098636660564871, 0.008940980060146653, 0.005652834402022286, 0.009417839126743419, 0.00877749985163876, 0.007239333592921955, 0.006156751729079327, 0.24972247716178556, 0.04658916108612272, 0.025549814653068346, 0.0011305225111227397, 0.003561514825313892]
                  , [0.13596788767462262, 0.013263856644963136, 0.03522799469059321, 0.02835220637083185, 0.008426944860477459, 0.439179339066339, 0.013222527242892232, 0.01034919846437353, 0.0238599717904527, 0.016478082532467603, 0.0082900168199368, 0.037677742506318, 0.01873670584871881, 0.02035525866479465, 0.024112599483327463, 0.10012711158301162, 0.03371595924710428, 0.020672245100035215, 0.0041545332379782285, 0.007829816618813646]
                  , [0.010993786340421807, 0.008477508749016495, 0.003828479280701784, 0.004668777392167131, 0.29351267924862845, 0.004212874083466496, 0.03529702096030483, 0.011182359821017188, 0.005421516539429322, 0.029471080138224234, 0.00789036249636716, 0.009252195298245725, 0.0029575427703349665, 0.006824034672337491, 0.006618726608009939, 0.011602495359028374, 0.0085049339525076, 0.012924622306928674, 0.022842570846358427, 0.5035164407230202]
                  , [0.3425478177638832, 0.038084642423869025, 0.0072942333126333955, 0.011913297095071648, 0.011606800082199293, 0.036248666281537265, 0.005895331925891811, 0.060583848431408585, 0.010055760496873914, 0.04555890840014701, 0.01945621854266276, 0.009758080357668272, 0.014017680781169575, 0.010249617191982266, 0.009965315019492403, 0.06933837792019125, 0.08328072693821265, 0.20508892026480338, 0.002400436325119537, 0.006655313906951055]
                  , [0.6733214285978526, 0.017567540456492794, 0.0032421312663707333, 0.004675279455235028, 0.0030450924532002474, 0.0646471763327784, 0.0023220684424714554, 0.008039073681834999, 0.003745317751387256, 0.008104772994635565, 0.0047447188375878795, 0.0045915463599702985, 0.006802895874583839, 0.004202835050314546, 0.004127387939881676, 0.11844008404180545, 0.03239183423936362, 0.03270765028579352, 0.0009130807093784589, 0.0023680886674065232]
                  , [0.08970253746114959, 0.020709770593596716, 0.010899715098670701, 0.019710330119078613, 0.014826199669537528, 0.015349490404418631, 0.01025361105111402, 0.11704660066279719, 0.021627987626848963, 0.05898571633963674, 0.032110224699681694, 0.02300962475772331, 0.013623297035012184, 0.0201490771037258, 0.019540804556450117, 0.07045253045497098, 0.2200383242838414, 0.2085120064781877, 0.003115248560943639, 0.010336906454596537]
                  , [0.013140865567621007, 0.008518550573346455, 0.0038604295930897356, 0.004872664102467929, 0.49643496841066115, 0.005149949927542016, 0.01878633875755182, 0.019144582903257573, 0.005105740524777705, 0.06278240337413621, 0.015808886878578513, 0.007336428053306997, 0.003529760010661402, 0.006473263345311016, 0.006222684325370133, 0.012436861076011906, 0.009730535848765993, 0.019966499475024865, 0.023671957719842047, 0.2570266306021716]
                  , [0.02713132638446286, 0.003957307452734871, 0.5185445033690066, 0.0947423360198176, 0.003660732792310731, 0.03143504009552115, 0.01932533271581449, 0.005635781507332557, 0.02074137067736813, 0.008190312632580452, 0.004015449653190572, 0.13945490428458163, 0.008309553040626253, 0.020828568934007117, 0.013046533208085735, 0.042836836385255594, 0.02152689013872374, 0.009017435384264708, 0.0013729530817875573, 0.006226831835711488]
                  , [0.011304457204585991, 0.0035601257585244264, 0.0015017493238286828, 0.002374852753140734, 0.012579713466600254, 0.0019796792520438006, 0.00174422002408774, 0.5800863696909263, 0.0033107344368892705, 0.09684233359720838, 0.030440485910468593, 0.0027850174813558795, 0.00184946528007977, 0.0026938351072780947, 0.0026952387692921465, 0.004721128319242346, 0.014453932445662995, 0.22076086085543364, 0.0009123444678365063, 0.003403454237288203]
                  , [0.03099570214736217, 0.004948529342429725, 0.3027917141702046, 0.056344747985445726, 0.005650117580553844, 0.05106405807600567, 0.02951139113765919, 0.008106377435011136, 0.03621623186254297, 0.010113661627652745, 0.004903579968263613, 0.28366762644026583, 0.008782537812613699, 0.02330785144087326, 0.01806553309359205, 0.06762425653082675, 0.03361228567434808, 0.010839609795633795, 0.0019608361000606573, 0.011493328165757013]
                  , [0.026017818374485593, 0.00829634558991769, 0.004232441980658495, 0.007596243793209827, 0.04736711766069959, 0.006459047649794179, 0.006753732351234592, 0.09240313305967077, 0.010003235498559755, 0.4113268942386828, 0.22888607942386902, 0.007311485432921747, 0.004996055299794227, 0.01723493806604939, 0.01102154781543218, 0.014554303086419848, 0.02189673907818933, 0.05572883834876548, 0.004712564201275738, 0.013201438487448605]
                  , [0.043909193084092836, 0.012862466542460637, 0.016507002460024796, 0.03035695883388562, 0.010417078506835188, 0.023365854600248592, 0.04590601904473906, 0.01705947932352945, 0.12587827274855026, 0.03712217664043064, 0.013929641068144129, 0.03089563594780445, 0.013550698940140896, 0.07041691097763056, 0.3887551828914666, 0.04218043892502066, 0.03371322396230324, 0.02216330414457316, 0.006809478940347976, 0.014200987090306483]
                  , [0.051964868774233994, 0.006725948405670194, 0.0748654718720033, 0.042360085680633736, 0.006143600739420496, 0.48489216635397087, 0.018202240469043156, 0.006762219011257148, 0.0399272820721284, 0.010816639763185254, 0.005684611556806378, 0.08564645662622475, 0.01154298920179279, 0.026291956210131334, 0.030712547775693197, 0.055003327227433806, 0.021517704894725896, 0.011227065894309274, 0.003153740401417541, 0.006559075177194125]
                  , [0.03884988088413992, 0.010888041936936939, 0.08870597114183948, 0.03075467761554574, 0.011113355293107023, 0.04247933368950338, 0.06386191734464709, 0.013208694862560051, 0.045339852248062015, 0.01762138146260203, 0.009831767453593182, 0.36859265346742076, 0.00976727529478312, 0.03253242626859418, 0.030455774931280058, 0.09698673513094494, 0.05057821714225853, 0.016596947107269874, 0.002846030176639422, 0.018989069069976966]
                  , [0.11978593536805851, 0.012889453413043482, 0.03078915412871283, 0.03307759331876882, 0.012612913411967425, 0.04244238939302622, 0.019235199915411103, 0.019834539511407658, 0.03146858899332752, 0.036094495787774405, 0.011992281134093789, 0.03817289371717607, 0.1963487757210508, 0.03433002178863539, 0.029234136951356, 0.18592250759793366, 0.09620049446190272, 0.03407209976969425, 0.004385908367843307, 0.011110608092122241]
                  , [0.3073520783500656, 0.02640350476549544, 0.009084697803361012, 0.009885148091881235, 0.006360913209297207, 0.052131375332387625, 0.0060743841833260925, 0.008002893667612365, 0.008772375247272028, 0.01094966513443929, 0.006648874590571823, 0.01788948569227413, 0.012395225077913574, 0.010339085548232194, 0.008772379857267538, 0.4017136460061108, 0.06818897561108689, 0.022482789315582695, 0.0016015747445220722, 0.0049509314332169055]
                  , [0.08460903276868642, 0.018987828518023005, 0.019718709899823047, 0.023206573806059214, 0.01123299069725784, 0.02015522597678017, 0.01328309236466169, 0.04378848135780619, 0.03264817824082271, 0.03307398625829259, 0.02336828265435646, 0.04225034442459089, 0.01568320581269352, 0.0218207343239717, 0.02356889360437872, 0.1226551191242812, 0.3703960977443609, 0.06691970556390979, 0.0031932368978328154, 0.00944028502653687]
                  , [0.055668293230217505, 0.01127762166263169, 0.016698644853396, 0.011849611690876553, 0.005502498158036259, 0.019269974373683066, 0.007410950278861215, 0.011193569554359989, 0.014854511769782502, 0.01197635247074623, 0.008215158861465989, 0.03669087772158708, 0.010013122342524057, 0.011258775191212662, 0.012194003426810103, 0.303116074422774, 0.42673730307106017, 0.01934536562429949, 0.0016735108565344254, 0.005053783731450462]
                  , [0.022480172393884, 0.006280059332496611, 0.007917122362619801, 0.017864454240757624, 0.004581687824281158, 0.013053993494066642, 0.024299812535371976, 0.00998626681811958, 0.2553559977179368, 0.01882895919671411, 0.009291031962574216, 0.02228435017092647, 0.0069645604329073504, 0.04704711884527614, 0.4642184319945236, 0.026931265237334516, 0.020442698224555092, 0.011649943309676142, 0.0035236336471474276, 0.006998436309447683]
                  , [0.022146433582272293, 0.012106228294588642, 0.004380464035504385, 0.005560586978942322, 0.4148294431929474, 0.008016754998530766, 0.011691151749510272, 0.058566179471106795, 0.006662622647649434, 0.19894853298237036, 0.041962882808521076, 0.007587767020568063, 0.005216699841576883, 0.007636641356758053, 0.007284567292360419, 0.018044802174338896, 0.01642220115572971, 0.04701702298726737, 0.02075735972722823, 0.0851616575572968]
                  , [0.041680714555389985, 0.014829418740685546, 0.005892709387978028, 0.008702123582215483, 0.16504922630402405, 0.011521240317188354, 0.013889271389220048, 0.17183100145802327, 0.010198486548435144, 0.18019548403378038, 0.04859048073273718, 0.009749423365871833, 0.007835598229011392, 0.010870176999751558, 0.010908024293343255, 0.02128995337555884, 0.030411027367113822, 0.14891323777943383, 0.017786939068057617, 0.06985546894013908]
                  , [0.46602476799999976, 0.01993752945000001, 0.00826447095524998, 0.009895130424350043, 0.006501153269499932, 0.23473719175000038, 0.004881101838999986, 0.009903564600249909, 0.0074315736237500415, 0.013678600321499937, 0.008080438386500029, 0.009686213341250062, 0.010308904075500027, 0.007567772917000042, 0.007886506814250085, 0.108726851485, 0.031663182932499985, 0.02883142600000002, 0.0018716499524249986, 0.00412197049975007]
                  , [0.0693056334886076, 0.015352110256962027, 0.018626062172658227, 0.012529582629113918, 0.006644983419240538, 0.027546956137468367, 0.008528146428101287, 0.010336387810886097, 0.01384245873468365, 0.012305110724050716, 0.007471402300253095, 0.03980735787443038, 0.01557143226430377, 0.011743523217215206, 0.013496143412911374, 0.4308109020253162, 0.2611839807594933, 0.016981570020253245, 0.0020382609425316396, 0.005877983710379717]
                  , [0.047009733577508435, 0.005818607900438488, 0.15829496532112436, 0.06834739151405725, 0.00557184382176943, 0.2594936218725818, 0.026879837976528247, 0.006609781829765363, 0.04963585946608202, 0.011515020629352474, 0.005987768119164294, 0.15550180053907645, 0.011480029935001315, 0.03636147177456796, 0.030885426399277813, 0.07019768276244519, 0.027969321826670206, 0.010896930549394002, 0.0028424146708795487, 0.008700502375032265]
                  , [0.04874396233264136, 0.010924548154411004, 0.0016881867848988902, 0.0031572221725479285, 0.006487899739750891, 0.0033147117182147287, 0.0017830796983134278, 0.19189090585365848, 0.002911977314219022, 0.0450377312174364, 0.013842464313440593, 0.002589826507005677, 0.0027662041395952047, 0.002818468799948126, 0.0030246631863000348, 0.007932554134146175, 0.025397555429423985, 0.6222797522055002, 0.0008505357508562465, 0.0025577561520498254]
                  , [0.2558609545454543, 0.010355636053646927, 0.02679999222595132, 0.03822210968076108, 0.008736570365750589, 0.0452468144291755, 0.01263898064508454, 0.01871132130206138, 0.02620310146696615, 0.026309944278541247, 0.010367124145877347, 0.019659812869450306, 0.24343537473572874, 0.02654843311839326, 0.024446729062367868, 0.09364351030919657, 0.053989174809725156, 0.04748242598308667, 0.003732152009011637, 0.007609831513213549]
                  , [0.06757072387333513, 0.016915114903778197, 0.014009505884479502, 0.0235496389241643, 0.038384148823049746, 0.02139033918184293, 0.018316000382440883, 0.0776810881571079, 0.03373408797363418, 0.16347892048110893, 0.2000244101658053, 0.026659463958412566, 0.012629720970915938, 0.04778356621962489, 0.02947927021772218, 0.04635960858385432, 0.0623980151780375, 0.06886149534112526, 0.009942809965207938, 0.02083205520086976]
                  , [0.12675779554849884, 0.2262675016743654, 0.016072812970554337, 0.017190373505773612, 0.0278903463290993, 0.04054350705831407, 0.01804692835046189, 0.03476761394053118, 0.019786481174364906, 0.04872218297344098, 0.022143547993648958, 0.0325171783836605, 0.016423302056293318, 0.020550198069284067, 0.02480392568591225, 0.13227320401270198, 0.0721896916281755, 0.06938929673787524, 0.010221617132505773, 0.02344249814665126]
                  , [0.13431609108342982, 0.020653236254345314, 0.03409349883342995, 0.027270528312572456, 0.0093203907957706, 0.23290752578215543, 0.015038686490730004, 0.01119472686008105, 0.024306244170046398, 0.017375352913093736, 0.009818183439165712, 0.0571864774869641, 0.017536762884414796, 0.022996613069235224, 0.024358422010428666, 0.24312712485515647, 0.06591882772595599, 0.02004183032155267, 0.003821632219032434, 0.008717845837485472]
                  , [0.3084880803598204, 0.014217888057871067, 0.009527917256371851, 0.009588274400000048, 0.005326927211094436, 0.4478660743628188, 0.0050843977127436255, 0.007323012511244398, 0.007957798990104875, 0.010486561453973087, 0.006292667971514246, 0.01192414280239882, 0.00928323525757118, 0.007751983178110967, 0.008287445413493244, 0.08468021635382308, 0.022159053163418277, 0.01819292592503742, 0.0016572511220390058, 0.0039041512572713863]
                  , [0.04488711023437517, 0.018394866571814904, 0.01725672542187494, 0.020767964518930274, 0.11532747461237983, 0.027028536772836592, 0.031659368280048096, 0.031171638569711523, 0.025196190965144194, 0.07223492241887022, 0.02561544302584133, 0.02254698747235575, 0.01749201240114181, 0.025722172576923052, 0.037137647259915835, 0.04193703405348564, 0.033535816222956635, 0.037778585096153776, 0.24349197806490436, 0.11081751666466357]
                  , [0.035495552785888076, 0.012078227438260342, 0.03182665712621654, 0.026161140768248218, 0.031090825295012177, 0.018919105207725002, 0.3416108375912398, 0.015522177980535228, 0.03433429293795619, 0.030933748567518363, 0.01201371456843069, 0.10345510069038921, 0.013507870989659377, 0.06435039248175181, 0.05111071021289538, 0.045076165346715345, 0.029371312147201924, 0.01990944960462286, 0.007226946734489056, 0.07600575557785894]
                  , [0.03474596928440919, 0.01715423151461632, 0.020020714127892855, 0.021655041661693145, 0.09270062973812432, 0.01625911523903789, 0.20404892923264312, 0.01893228645858709, 0.02662838938185146, 0.04383922914433624, 0.014257665012180306, 0.05115570340133983, 0.00986617442965895, 0.04037386172046285, 0.03897643662697929, 0.040319526084043794, 0.02646230828258216, 0.024148679707673523, 0.019749836713763673, 0.2387052754872104]
                  , [0.01736528348716393, 0.008406509057151589, 0.003084322997249464, 0.003904654147004992, 0.23463798685819082, 0.005200768393031872, 0.006932668224633242, 0.06879232520476772, 0.004711917987163798, 0.44181786063569595, 0.07181622696515896, 0.004765464317848488, 0.004244019531784847, 0.006988068530256707, 0.0060463163291565175, 0.010930331937652728, 0.012205321992665032, 0.04461243150672371, 0.008994645435819069, 0.034542860967603915]
                  , [0.053273065082518334, 0.007307471012530547, 0.03414656078667482, 0.13050797516198065, 0.009634317507335045, 0.022096694945599078, 0.04321681511522006, 0.01786786736185808, 0.07397852357396092, 0.04352720215770173, 0.02493760421668704, 0.03401790504034228, 0.017188226245721288, 0.3108015669315406, 0.054220457135696815, 0.04320758257640585, 0.038441932050733485, 0.02546458332212711, 0.003840029238386295, 0.012323633499694373]
                  , [0.06003307808032882, 0.003441612416192265, 0.0072253418270082845, 0.00954778880645163, 0.003858830449082848, 0.010085035081910082, 0.00620028993168879, 0.007232487710942384, 0.00909015966445291, 0.013174373425363595, 0.004183750017394058, 0.006344685074320039, 0.7695503425047445, 0.009801267448766679, 0.008394142241619246, 0.03549126302024035, 0.0187328327846299, 0.012996465782416339, 0.0013224998929158918, 0.00329375512292851]
                  , [0.01884546358619381, 0.0031869025673331008, 0.008773417824971666, 0.02658829099094678, 0.003028292985288533, 0.009440927678989013, 0.011298034086382518, 0.009045211451527896, 0.572288970577141, 0.012332792095058456, 0.00910243931874765, 0.028615145320256496, 0.005655279088645826, 0.03887575700754432, 0.18134408861109022, 0.020678512869860326, 0.025499705118823074, 0.010230316575631865, 0.0016296808596755977, 0.0035407591901169023]
                  , [0.009860548583460693, 0.008286100069359752, 0.004142103703887186, 0.004309457908917735, 0.15226658236661578, 0.004933816024009087, 0.04641956947217985, 0.008754447072789606, 0.005599344600609749, 0.019117933082317143, 0.0053772965289634635, 0.009717604634527442, 0.0028176756318597992, 0.00609399890053354, 0.006743990305640164, 0.011089365298018378, 0.008180217121951307, 0.010041388211509045, 0.016645713305259137, 0.6596028551829272]
                  , [0.09962369550000001, 0.027425603471031734, 0.011468514164682558, 0.007948737603174723, 0.006688697657936574, 0.03876225847857146, 0.006601376651190444, 0.006716523470635005, 0.008933427972619028, 0.01088150879682527, 0.005186467128968197, 0.02926767651468254, 0.01049127450555555, 0.007830320027380957, 0.009001104515476116, 0.6014525718253969, 0.09300918649206343, 0.011311826401984207, 0.0020789545646825395, 0.005320283036507958]
                  , [0.02896408424095888, 0.0019363457676147798, 0.11925579053392932, 0.643994582283625, 0.00266942037383177, 0.01635850551279961, 0.007313007108898793, 0.005509419588378389, 0.027801725946769586, 0.008328280747257472, 0.004715967067045867, 0.015230436247460389, 0.004928799912637116, 0.05400866299593664, 0.011482161127184039, 0.01811300933075989, 0.013904561820398141, 0.011340468846403912, 0.0010770051099553025, 0.0030677649288906837]
                  , [0.010460799647904584, 0.007744135304437137, 0.002631291357025327, 0.0035186695813475485, 0.6549231544782262, 0.0040723847514380004, 0.008476776122021381, 0.023494806945357515, 0.00406554608422352, 0.08247595345439607, 0.016852498749383753, 0.004696721572719859, 0.0030240355603942982, 0.004161868700082158, 0.004176281013558013, 0.01233820491906331, 0.008302057043138814, 0.01980841631142158, 0.01381138401881677, 0.110965008829088]
                  , [0.017223417274473976, 0.007353380720494046, 0.005825467226441047, 0.010718739119853542, 0.004719833301006442, 0.011083477864135417, 0.020458867795974375, 0.0077936164117108075, 0.10009580242772187, 0.015458106663769441, 0.0063581584208600335, 0.012936182331656006, 0.005008916992223229, 0.027191203894785014, 0.6982406935041161, 0.017699212069076015, 0.01356785188014635, 0.009456114186184791, 0.0030048748849039325, 0.005806073454254362]
                  , [0.03922039865225381, 0.011900645523459059, 0.024853141240110385, 0.04480679844250228, 0.01894448794020239, 0.021113628219871207, 0.19699002207911653, 0.017136055032198914, 0.0469332340478381, 0.045721701895124, 0.020346093647654093, 0.05683794251609937, 0.017264620727230937, 0.226498420423183, 0.0697075947884085, 0.04528790637994478, 0.03235235403403863, 0.02346044048298066, 0.006521590423183071, 0.03410294129300828]
                  , [0.03973971021616538, 0.010076477195723691, 0.009441312688909693, 0.0073286812175750796, 0.004189967194548859, 0.009465725039943688, 0.004849703561090223, 0.01528995720676702, 0.013940362009398473, 0.011885516048402503, 0.008735910640507553, 0.022777328460996237, 0.006839982628289484, 0.006886074002819584, 0.008438201660714226, 0.1695001021428572, 0.6234261066729324, 0.022287894099154083, 0.0013027924022556408, 0.0035981859515977523]
                  , [0.013317429529280458, 0.002585198078639146, 0.7445351042944776, 0.06283370312325712, 0.0021932673865031893, 0.013869695340211846, 0.010089746546569994, 0.003044900762409236, 0.008518501400446181, 0.004211259716676158, 0.002370489312325714, 0.06995919171221417, 0.00415457644952592, 0.009877331882877934, 0.006445732539877298, 0.02191203334746237, 0.01098968659620747, 0.0048413237975459406, 0.0006034726416620419, 0.003647345002788599]
                  , [0.02659223346880364, 0.013131344423010876, 0.009325086985689748, 0.011363116993703584, 0.09475933179736684, 0.017848454464796867, 0.016386760046365186, 0.01838137500286207, 0.014185424674871251, 0.04734000512879234, 0.014382454556382391, 0.013800341574127104, 0.01117446669547795, 0.01345500819977102, 0.021727592965083017, 0.026203557200915863, 0.019660830686891798, 0.02242568298225526, 0.5036591408128216, 0.08419777836863185]
                  , [0.019105318841807856, 0.007448329437853114, 0.06841153958050845, 0.013505369406779585, 0.005092060141949108, 0.019155684374293776, 0.03473070866313558, 0.007344655377118564, 0.023192591975988754, 0.008595547132768208, 0.005091369001412462, 0.6405264159604523, 0.0049504313707627035, 0.014746028990112993, 0.012714741384887006, 0.06477731581214688, 0.030265062648305068, 0.009367007761299465, 0.0014192492500000094, 0.00956056433615821]
                  , [0.027644239402756537, 0.007385592585758042, 0.0045528435689127095, 0.007664181495405792, 0.028577476061255717, 0.007525831911179122, 0.00647392044180705, 0.10431927750842263, 0.011630844376722876, 0.19596283349157728, 0.4445535834609498, 0.008523400929555933, 0.004430926032924998, 0.018661714376722822, 0.009496158806278687, 0.01587070440275648, 0.02836023856814699, 0.054525799272588035, 0.003738956754287901, 0.010101492070444102]
                  , [0.011613156204488731, 0.873257851205319, 0.003840156325851919, 0.004466586481296823, 0.0052943620897754895, 0.007452341062344256, 0.004723048928512073, 0.006223841855361678, 0.004949149333333298, 0.008109798938486887, 0.003959033408977519, 0.005465480426433911, 0.004622829463009209, 0.0046171969501246635, 0.006915210024106569, 0.017963086433915226, 0.009656168434746502, 0.008050003806317499, 0.003079091197838741, 0.005741599632585324]
                  , [0.009997359916036855, 0.008170513036943751, 0.004449178024349194, 0.0058686090780856875, 0.034305904015113346, 0.00986106644248528, 0.00591089335264483, 0.006936542402183041, 0.006038849290512231, 0.020753325895046235, 0.006696549554995792, 0.005709966575146941, 0.004299365851385396, 0.007062799656591061, 0.009593516240974036, 0.012651556200671606, 0.009650782586062154, 0.009419672207388888, 0.7943047111670846, 0.028318841158690176]
                  , [0.06135843488955822, 0.5095617068273093, 0.014809690461847387, 0.0135190615461847, 0.022209826847389546, 0.029540392851405584, 0.01307662875502007, 0.020672921757028083, 0.014629267168674694, 0.029204734196787152, 0.013066695261044162, 0.020059040060240948, 0.011376059474899575, 0.013487135793172681, 0.020773222399598352, 0.08715890337349397, 0.04038355078313257, 0.03858547933734937, 0.008834045797188755, 0.017693196737951798]
                  , [0.017920216026570054, 0.005146219707729462, 0.013700248051932401, 0.012365373161835752, 0.014385682663043457, 0.008781446187198054, 0.6782408719806765, 0.008764849333333366, 0.012924444876811561, 0.017193499000000056, 0.007599858834541076, 0.04451472856280193, 0.0056629676485507666, 0.04628363603864734, 0.02010547103985506, 0.020788172427536146, 0.015068836582125614, 0.010974772454106302, 0.0031521297608695627, 0.03642656566062802]
                  , [0.023174091968215127, 0.004689606482885078, 0.01029762297555012, 0.052352336466992666, 0.006806731454767727, 0.011186697034229809, 0.06569246506112472, 0.009283996515892373, 0.03486717344132028, 0.033946012492665024, 0.022579473299511005, 0.02078699157701709, 0.009019774382640601, 0.5897171039119803, 0.03718879930562346, 0.02468312929095353, 0.018934942518337418, 0.012613511136919317, 0.0033949760586797096, 0.008784572036674765]
                  ]
distribution_weights <- [ 0.019751725339280435, 0.016605889188637857, 0.016517645333046064, 0.01601912485015735, 0.015334948463296286, 0.015171067017197238, 0.015122934005056259, 0.015083969185704036, 0.014839866052703356, 0.01426570797930739, 0.014157981714039482, 0.014064007737954713, 0.01385772340020766, 0.013441716652417767, 0.013382123399290841, 0.01336493303781192, 0.013134582193994375, 0.012752956169162326, 0.012638353759302851, 0.01241373303597828, 0.012315174963499133, 0.012287670385132858, 0.012081386047385805, 0.011961053517033356, 0.011634436648933854, 0.011347930624285168, 0.011140500262439519, 0.010944530141579817, 0.01084138797270629, 0.010785232791875148, 0.010715325321860867, 0.010248893513732807, 0.01012397688698598, 0.010068967730253432, 0.010066675682056242, 0.009966971585478499, 0.009925714717929088, 0.009854661223816214, 0.009813404356266804, 0.00978131568150615, 0.00974235086215393, 0.00964379278967478, 0.009442092548322106, 0.0093343662830542, 0.009231224114180673, 0.009211741704504563, 0.009124643873011361, 0.00904213013791254, 0.008961908451010909, 0.008512667004361768, 0.008430153269262946, 0.008323573028093634, 0.008129894955431123, 0.008118434714445176, 0.008112704593952202, 0.008055403389022464, 0.008040505075740733, 0.008015292545571649, 0.007971743629825048, 0.007968305557529264, 0.00794080097916299, 0.007932778810472827, 0.007504165797598392, 0.0072176597729497055, 0.0071064954353860154, 0.0070331498930759516, 0.006997623146019515, 0.006720285314159586, 0.006700802904483476, 0.006625165313976222, 0.0065953686874127586, 0.006591930615116975, 0.006585054470525406, 0.006580470374131027, 0.006577032301835243, 0.006573594229539459, 0.006530045313792859, 0.006467013988370148, 0.0062320790481582245, 0.006195406277003193, 0.006124352782890319, 0.005804612059382385, 0.005782837601509085, 0.005747310854452648, 0.005669381215748205, 0.005569677119170462, 0.00553300434801543, 0.005497477600958993, 0.005469973022592719, 0.005324427962071186, 0.005251082419761122, 0.005182320973845438, 0.005112413503831159, 0.005021877600042174, 0.00468036241866094, 0.004615039045041039, 0.004584096394378981, 0.004526795189449244, 0.004443135430251827, 0.004416776875984148, 0.004336555189082516, 0.004216222658730067, 0.0039709735016307925, 0.00395607518834906, 0.0038219903688134754, 0.003813968200123312, 0.0037681272361795226, 0.0037635431397851434, 0.0037497908506020066, 0.0037497908506020066, 0.0036237281997565846, 0.0030381098853746696, 0.0030071672347126116, 0.0028879807284587582, 0.0028203653066416682, 0.0027894226559796098, 0.002505208679528113, 0.0024914563903449764, 0.002438739281809618, 0.002054821208780378, 0.00200210410024502, 0.0016227701236101594, 0.0014967074727647372, 0.0013786669906094785, 0.0013649147014263415, 0.0011414400022003663, 0.000948907953636449, 0.0009374477126505017 ]
# The number of clusters.
n_clusters <- 128
# The base file name of this file (for reproducability).
fn_distributions = "dists_all_poisson_allsites_kmean_128clusters_rb"
