# This script is generated automatically.
# Vector of amino acid stationary distributions.
distributions <- [
                    [0.20805114230956862, 0.032443162785368476, 0.028202342532524922, 0.03144285529444957, 0.014013484182948253, 0.06857006873038475, 0.016216637478013447, 0.028159477642756406, 0.02715842338309832, 0.034065099979012164, 0.017196619585189882, 0.04448362452040808, 0.028054113664118814, 0.02750245018678269, 0.024326518027476665, 0.17566175491462793, 0.12089162952752786, 0.056782750244075406, 0.004559581426494444, 0.012218264273259862]
                  , [0.05809425686615066, 0.010502677807082753, 0.035093582611962784, 0.06336872107367458, 0.015796611337443204, 0.031764601646772, 0.051015369925019316, 0.02436695696818577, 0.15590390415303948, 0.043381383250799696, 0.019268882098449343, 0.05539733008091055, 0.020483638892532574, 0.08612307136119127, 0.15248729010373632, 0.058503462433312815, 0.050935533580755026, 0.032285447646094485, 0.014095874514431566, 0.021131403645291216]
                  , [0.06444188241938345, 0.004973341558732589, 0.21717460388638485, 0.20784018812067448, 0.006364102135276904, 0.04733637423683271, 0.024296028376550628, 0.010472395562601863, 0.05299271382120224, 0.016842366398436323, 0.007641907666013702, 0.097883123564103, 0.019304443468829677, 0.05895892072220704, 0.030681939915717306, 0.06238974785929413, 0.040105297215933616, 0.01839227197606684, 0.0024484802162560897, 0.009459870025584061]
                  , [0.05050482535934441, 0.011351098719527712, 0.004574131353804273, 0.008377511711820787, 0.024321344521712758, 0.00794793458220664, 0.00519249328696594, 0.2884274529163073, 0.00903681035484872, 0.13480238647228687, 0.03932925482601064, 0.007218527468803908, 0.007283575013643018, 0.008596994726352988, 0.008526820743841666, 0.017957769682778173, 0.04137396550765229, 0.31328003922124514, 0.0029305281811498407, 0.008966533536275814]
                  , [0.03116200265985402, 0.009370880513117673, 0.0050239641968473706, 0.008478083999195828, 0.0690143595949178, 0.00796215906458611, 0.008395079953639108, 0.14290180266883504, 0.010446611471557392, 0.4041770319707665, 0.09156010205706118, 0.00783566850644802, 0.0077376031111825345, 0.014043771004858825, 0.012024881620907736, 0.016779269824363847, 0.02432851341728684, 0.10285106423053311, 0.007043801813723622, 0.018863348693536543]
                  , [0.025329865354458914, 0.013391351656574974, 0.00936532202117156, 0.010813588551369914, 0.2861476928850622, 0.011010123491303793, 0.04577115753631185, 0.030999419425125074, 0.012131494564755173, 0.07851194403586756, 0.02120976845260572, 0.017253797860595197, 0.007985185601978764, 0.01470031598497246, 0.014891750168782414, 0.024251993575973324, 0.019148418916730726, 0.03185467438769192, 0.04722168490150408, 0.2780104504499575]
                  , [0.09383542737294495, 0.007805502755570319, 0.03207960121759486, 0.02090084537662184, 0.004960813210026831, 0.6216353625372221, 0.0095202177284397, 0.006030217247741873, 0.018728307002226212, 0.00950199681907997, 0.004886002580737372, 0.03585860396277035, 0.009347212137349053, 0.014012496116323738, 0.017099528816259056, 0.05648836335399371, 0.018410156205748034, 0.01173508247588334, 0.002420373497015087, 0.004743886868681095]
                  , [0.10956460256434132, 0.006961689163443461, 0.027290258503823828, 0.037024492541231455, 0.009471772029294452, 0.027352236922457786, 0.015280012428842138, 0.018126384861841115, 0.03172904159164054, 0.03187682983676922, 0.009954979096628229, 0.021039706349438074, 0.4314219569395481, 0.030890212707288672, 0.02714049532958681, 0.07645615808605441, 0.04424477226325075, 0.03211368223329114, 0.003590529645384705, 0.008470185517945789]
                  ]
distribution_weights <- [ 0.23002766502174007, 0.2099561989589517, 0.14490787112271397, 0.1390551260511906, 0.12121955300476059, 0.07609943821898688, 0.04426861888051782, 0.03446552874113837 ]
# The number of clusters.
n_clusters <- 8
# The base file name of this file (for reproducability).
fn_distributions = "dists_all_poisson_allsites_kmean_008clusters_rb"
