# This script is generated automatically.
# Vector of amino acid stationary distributions.
distributions <- [
                    [0.10554845382193716, 0.02107076427262044, 0.05018364147830715, 0.05517729428424082, 0.018805438335838472, 0.05290029639595041, 0.03222881052315127, 0.02939496466318934, 0.05491904880283282, 0.04099651005544704, 0.01926310091162569, 0.07038973622496979, 0.03456565976035373, 0.05241901481762759, 0.04853432611092133, 0.13624142640681608, 0.10282921126044525, 0.04538172370801985, 0.00813510656794292, 0.02101547211289221]
                  , [0.0635197425337161, 0.009441158252412787, 0.03452644953015451, 0.0678254442343152, 0.011717744306304293, 0.03060579847128044, 0.038760416121816195, 0.023222174973230432, 0.16999102144248568, 0.04098551193803649, 0.01786159934986907, 0.05171800896798043, 0.01885687356384499, 0.0885465559571614, 0.16435351588150876, 0.060736367924550665, 0.054171237636762605, 0.0314620406009619, 0.0060232796404254135, 0.015675061960115005]
                  , [0.09586107294663938, 0.005261434716553406, 0.10646089711061012, 0.18709455145343035, 0.007553483805327513, 0.03930343343027604, 0.02658726710679212, 0.01532576859797511, 0.09261580441015704, 0.025683806502707615, 0.010876294548486147, 0.05599075959952065, 0.025059964829388257, 0.08829630167912594, 0.057701005918849246, 0.0672104101305159, 0.052679912573381865, 0.027022085144028915, 0.0030436781750847698, 0.010372067184924148]
                  , [0.029167894714209823, 0.009037724240289036, 0.004221036451990991, 0.00724717979582537, 0.07799454748860252, 0.00682298837781322, 0.0072734354368873474, 0.15426188916692446, 0.00891578664907633, 0.39214767887607715, 0.09559024913607125, 0.006712390023041706, 0.006662503727158962, 0.012052581896302192, 0.01048932867276936, 0.014503048027604708, 0.022429402255308165, 0.10852713168060284, 0.006780466302394626, 0.019162736252512757]
                  , [0.03819778850516552, 0.009178161226836637, 0.0038863056408730695, 0.007050067772946839, 0.04007841527132978, 0.007079945872926013, 0.005228487133677098, 0.2660536855167303, 0.00843756141908257, 0.2360920816541125, 0.05999307752928363, 0.0060814167139563585, 0.006423265023535768, 0.008636889578281237, 0.0082413203399141, 0.014264790413096883, 0.031373038364407066, 0.22839179744838822, 0.003817398216024636, 0.01149450439327888]
                  , [0.29449621769263057, 0.03171148755555142, 0.021374750159800917, 0.029001064959863848, 0.012600020588789566, 0.06968704660839127, 0.012069528767512973, 0.0277817092443882, 0.023051918524011696, 0.03354787498212534, 0.01681761152209827, 0.02523965927035994, 0.026925591550660405, 0.023629814678583085, 0.021645098436551994, 0.15308786422107656, 0.09233283667708969, 0.07157325090236608, 0.0036305661424651603, 0.009796085847832266]
                  , [0.06615674851258346, 0.01831606750725846, 0.016352883058264628, 0.0284015531591183, 0.05561500297273157, 0.021293135679924413, 0.023208270491330847, 0.09612976151121727, 0.03501492740414824, 0.19038729055062245, 0.08361446167025668, 0.024219910854568334, 0.019749162517916252, 0.03963874177265802, 0.03812776400036775, 0.046026781036357683, 0.05586756260600011, 0.0954079973362055, 0.014291831294231087, 0.032180145090526975]
                  , [0.12982715317361265, 0.025996046237465112, 0.01096083149157493, 0.02033556848203784, 0.022713398136376805, 0.021048334782708372, 0.010413312174512386, 0.13629186669607607, 0.020232968250116466, 0.08587092940852105, 0.03516749348270258, 0.016651003982818633, 0.016825357192593406, 0.01872982143983622, 0.0188267510047798, 0.05301581965724417, 0.09923892952751338, 0.24093167916182906, 0.004312597736127238, 0.012610140118440857]
                  , [0.06151857753764245, 0.005589233309335336, 0.2542702806692013, 0.15084849561840277, 0.007069598801581763, 0.06022100889904183, 0.027114879932410657, 0.009882231239817268, 0.0478939686745551, 0.015804194781931263, 0.007103975264760247, 0.11200562702165809, 0.020928354971893444, 0.04552208309408365, 0.028472143363072033, 0.07257936498190114, 0.04275152555711026, 0.016714255476045173, 0.0028855409111056742, 0.010824658869384121]
                  , [0.04827597641169482, 0.010417346779623657, 0.002749793592678372, 0.0053090217959160385, 0.013124657229955285, 0.0051744030733820445, 0.0029476974377968916, 0.2709311377873237, 0.005147822483634205, 0.08438589360375724, 0.02317142026999649, 0.004383489714968464, 0.004950020596884205, 0.00491098232414338, 0.004990151040008946, 0.01190107267377305, 0.033198344983970715, 0.45771328727599325, 0.0015198928943897117, 0.004797587258231109]
                  , [0.040581318146791535, 0.018749035400601258, 0.015210365778050558, 0.017961253461107635, 0.2029626927879321, 0.017868937258129387, 0.04870586350540824, 0.04567240133695007, 0.020471855386813502, 0.10390146908980964, 0.03008351209336882, 0.024615106382770577, 0.013069650880161751, 0.023238855731469568, 0.02467440328069394, 0.03730487721068462, 0.030137325103493477, 0.04768169295760038, 0.04870943564086538, 0.18839995191955602]
                  , [0.05339937980137939, 0.00281186009006729, 0.2195370284009524, 0.3930214512989277, 0.003638356208283254, 0.025758413000455338, 0.014407253109446074, 0.0072221328818711655, 0.04253096765961768, 0.012077413068097911, 0.005757461942791062, 0.03752266395525524, 0.012794540924444979, 0.06505899722463393, 0.02052631464960436, 0.036309528507737596, 0.0260183185334712, 0.015154285762621733, 0.0013821656291821763, 0.005071466504236271]
                  , [0.021039650126332757, 0.0058712916561141325, 0.0021548071309329883, 0.0036939292976123778, 0.0163105355294872, 0.0031433911264744097, 0.00258164518143026, 0.4424060712306348, 0.004483227438716632, 0.11627791825824214, 0.03198828519123914, 0.0037842798328834304, 0.003179079615535818, 0.0038237377729146566, 0.003936679596230452, 0.0075580812518822316, 0.021972714544301317, 0.29956584450405016, 0.001439257177518834, 0.004789569506394573]
                  , [0.014847240390876815, 0.005534931013642372, 0.002233308914599018, 0.00356400869864662, 0.053291340772419676, 0.0034063528609313554, 0.004206240630586326, 0.1053570784442718, 0.004780638059520066, 0.5967407694252176, 0.0892812128856261, 0.003581450241658707, 0.004138122601967855, 0.007857397105895642, 0.005677673850859266, 0.008311760307031374, 0.011758661545228415, 0.06272179752391686, 0.003475271394773289, 0.009234749019133348]
                  , [0.12460219894585067, 0.008973197922176393, 0.03730262285649633, 0.050130382638497256, 0.012070297680110555, 0.03536374780647224, 0.01997618274082825, 0.02253283268651874, 0.042591358321411414, 0.03853190999839759, 0.012713115220041649, 0.028583756771387244, 0.28448537399871693, 0.04050924520466198, 0.03659028607317363, 0.09303841505687294, 0.05713798716637296, 0.039235176727010504, 0.0046139156184315765, 0.011017993499078792]
                  , [0.03145904724214645, 0.005481272108861464, 0.014211786489006728, 0.03683987780303713, 0.005075915511285646, 0.01665318409549845, 0.021716321922191157, 0.012652073101214106, 0.3768031941674634, 0.021385978361676064, 0.012199749581667953, 0.03595138473211234, 0.009653024896533097, 0.06322866909320358, 0.24517617595135335, 0.03452076466093707, 0.031652778775084475, 0.01597161831699262, 0.0026026400466602137, 0.006764538023572065]
                  , [0.13978631365205682, 0.02850571556311316, 0.022645308262178337, 0.018027945069007532, 0.009599082707928114, 0.05193287338777319, 0.012264209259736456, 0.013048598534504054, 0.019029022393036055, 0.017650031956843434, 0.009665875763841633, 0.0515512657996716, 0.019966432895372824, 0.017914258087533188, 0.017676953116753102, 0.3814705030946065, 0.13421411373921116, 0.023620404677571864, 0.0028509932333501903, 0.008580099389836036]
                  , [0.1261406209914369, 0.01530666854714058, 0.06161321259490509, 0.047184580043289306, 0.011884228480011905, 0.2715242785403838, 0.021529889076208095, 0.013979763313309662, 0.040586823958431995, 0.02277726026619059, 0.01081977083682609, 0.06727034198481, 0.022446040470372998, 0.033120365736434454, 0.03704152113025521, 0.10873298306725762, 0.0450005899669521, 0.025330470450965772, 0.005737481338616122, 0.011973110686862562]
                  , [0.5335651582838278, 0.023338451200391703, 0.007159559058525458, 0.010056776516629687, 0.005136234820902093, 0.08791873039137525, 0.004353482529240931, 0.012297937782618312, 0.007447846328404895, 0.01313015709064888, 0.007266151915071635, 0.008951307041187927, 0.011123370072475134, 0.007712527371441118, 0.0073236384056323545, 0.15561618201760147, 0.048236315936545655, 0.04401403444774479, 0.001427843458011016, 0.003924296808228828]
                  , [0.015813387982900273, 0.010174313473731413, 0.006639195571560966, 0.007179344238940247, 0.2631017678587361, 0.006917453623651849, 0.049865315873931476, 0.015506519870446184, 0.008252619684247578, 0.03910754252314114, 0.010647962066031524, 0.013840483990194982, 0.0049983768599906955, 0.010093590658039144, 0.01038489114972116, 0.016638797817426026, 0.012516973122304952, 0.017569902433457033, 0.030283565864219195, 0.4504679952602214]
                  , [0.12659805057942702, 0.00971023175724281, 0.03877325034315312, 0.025452105796115544, 0.0060760489284938865, 0.5257013889431417, 0.011441841103624145, 0.007359500002875635, 0.022511655247558632, 0.011539836106337409, 0.0060290157913411024, 0.04297628525987413, 0.011681008075846482, 0.016883073562825392, 0.020494021611599477, 0.07069495558810765, 0.022996504563042842, 0.014459456733668996, 0.00284642853142359, 0.0057753416156141775]
                  , [0.07840559000054524, 0.01619550479619432, 0.019706643233302575, 0.01968002286838246, 0.008346608796303417, 0.021721139948039876, 0.010841042074477955, 0.027033680035221504, 0.025742503713810514, 0.022447695481871546, 0.015609678674881344, 0.041114183070279704, 0.013964118057303215, 0.017951156964287677, 0.018814555157188616, 0.20856172509568813, 0.38010709247042146, 0.043699008961506886, 0.0026019273661741357, 0.007456123158279222]
                  , [0.04280777806332766, 0.00982735160125055, 0.11354933226513267, 0.0391246571416744, 0.010059199806361573, 0.05189826575439696, 0.046885859361523494, 0.012935783369232574, 0.05088687442924854, 0.017062785205916045, 0.009135177529865146, 0.31725220888533634, 0.011148994757594649, 0.034926766147441744, 0.03117792544478079, 0.1081799614789858, 0.05587280070237551, 0.016697840598047187, 0.0030762200525696684, 0.01749421297219047]
                  , [0.016771220352973376, 0.010285654864316752, 0.004607400115184887, 0.005757943456519081, 0.4664371590881674, 0.006471401922686824, 0.01866417302599207, 0.03159871909600773, 0.006347602031118192, 0.10426564064274514, 0.023721781269328196, 0.008596113028042328, 0.004775720752683586, 0.007853289968881905, 0.007591034883246826, 0.016077929200518586, 0.012518101500241116, 0.02874307770612701, 0.025440812853503827, 0.19347522234857165]
                  , [0.04954215269629696, 0.004111033762602415, 0.015557548854080457, 0.009514555703640293, 0.002399744579150466, 0.8122108297584427, 0.004228746481739383, 0.003063404844958137, 0.008635592871626525, 0.0046863834931416964, 0.0024606519028663246, 0.017200026193043415, 0.00406714551253403, 0.006188787651658492, 0.00831109953140094, 0.02959402412225518, 0.008708495308920844, 0.0061116043507895845, 0.001219422989049838, 0.002188742695703981]
                  , [0.031104346562555132, 0.009035828093759265, 0.01148818796021895, 0.022980792043995835, 0.006995120320541302, 0.01752467479074246, 0.031928154612688574, 0.012752675309154242, 0.18185247891060347, 0.026029980951123563, 0.011021998599748648, 0.02539776340106481, 0.009704627421842742, 0.05565702052972498, 0.4568014414374447, 0.03299681659072745, 0.02613694023809524, 0.01607967665513131, 0.00484012949757467, 0.009671345501922456]
                  , [0.04233553992343029, 0.014308903142016603, 0.03288274400370757, 0.03255199869710647, 0.03997961492657371, 0.02312833055662123, 0.2692687959780787, 0.018704375842105207, 0.03946410515096313, 0.03938585132280156, 0.01488003547497381, 0.07932662285484018, 0.015287942434674, 0.06914936621745782, 0.057367741896832414, 0.04938028010074945, 0.034186628105101945, 0.02507517525848315, 0.011542955856129593, 0.0917929889067462]
                  , [0.09180758056025728, 0.005018259833403862, 0.015737706934918654, 0.021521951129908602, 0.006265709657159758, 0.018063022128808233, 0.009898958310426463, 0.01187596720726139, 0.019167572109258492, 0.02209065823045027, 0.006476227197190303, 0.012469855598764432, 0.6053050313134742, 0.01936477958691595, 0.016722380249068986, 0.05818930208869329, 0.029818065977911434, 0.0224355787156396, 0.0022390047994499014, 0.005532387049060474]
                  , [0.056669169223779306, 0.008627978216662405, 0.03251090496033972, 0.09226976301571135, 0.01233610395549891, 0.024033305119065942, 0.05988661669605086, 0.020104079395838685, 0.07934509918607235, 0.05008937058845021, 0.025714710777494695, 0.041523305141571126, 0.01826240545418261, 0.2639273487048833, 0.07373204801724008, 0.04866287768747335, 0.0430686285477707, 0.028087746662420532, 0.005156606981571141, 0.01599193654199576]
                  , [0.027601354887326734, 0.0036614406068595628, 0.5214221783847138, 0.11850612587596923, 0.0036668663168380466, 0.029138197040922978, 0.017914668242743827, 0.005354383068235019, 0.020071086713989536, 0.007977569192446493, 0.004025950585000892, 0.12113402759780068, 0.008360550692987134, 0.021908687873895882, 0.012279406309897378, 0.0399262695186588, 0.02086382892806922, 0.008912676266090006, 0.0013037400107445158, 0.00597098937777182]
                  , [0.023479210606488193, 0.012062114394640337, 0.00864325742172077, 0.0106851070098729, 0.07488830082425944, 0.016719237634132654, 0.014573222678138207, 0.015907157579971867, 0.012736026581664395, 0.04125789361946391, 0.01312483595204513, 0.011996985517912524, 0.009611201489139617, 0.013016853493935117, 0.01963920287531735, 0.024019114678420307, 0.017919073991537374, 0.019874890168970427, 0.5728943703808197, 0.06695193310296185]
                  , [0.03355930316518472, 0.7183973111839049, 0.008254629185774374, 0.008217729808610214, 0.011748369519887534, 0.01618385625081891, 0.00830399653907343, 0.01216741816190918, 0.00902486030697227, 0.016565739678521, 0.007740427127281166, 0.011448223918109558, 0.0073920976747776125, 0.008297839925596573, 0.012949871747777418, 0.04893814605053816, 0.023228112385119293, 0.02115359913851189, 0.005505911119794099, 0.010922551908750692]
                  ]
distribution_weights <- [ 0.0872147259512573, 0.06788932157665412, 0.06455782952203919, 0.05575980251712733, 0.05569218709531024, 0.04910713262478483, 0.04363142948169914, 0.03947938417249038, 0.03767668826540085, 0.03574792970746589, 0.03316708343743052, 0.0327361783763589, 0.03225828632724489, 0.029471155719462468, 0.028612783669615005, 0.027470197643316045, 0.027212342221132228, 0.02663360005134188, 0.026043397640565586, 0.02466243860175892, 0.021123516185298345, 0.021018081968227628, 0.020070320038689773, 0.01899993353060228, 0.01779202413068342, 0.015498829909395336, 0.014222159063560788, 0.01354142074899551, 0.013484119544065773, 0.012713991349810104, 0.004062655429518372, 0.0024490534986969705 ]
# The number of clusters.
n_clusters <- 32
# The base file name of this file (for reproducability).
fn_distributions = "dists_all_poisson_allsites_kmean_032clusters_rb"
