# This script is generated automatically.
# Vector of amino acid stationary distributions.
distributions <- [
                    [0.08026468946469394, 0.008649520999092917, 0.05962450918023691, 0.10084372962252537, 0.0118287697596349, 0.03877508699300229, 0.039617874660918484, 0.022362563170185763, 0.11363488691077127, 0.04064665275334768, 0.01776719945391609, 0.055763592305098295, 0.027674916626420756, 0.10315310369815221, 0.09422743722397789, 0.07272381392938794, 0.05977047669369329, 0.032402385018657824, 0.005032231352307425, 0.015236561490218178]
                  , [0.15623521150414532, 0.04396811666350897, 0.02936178482081845, 0.03820555870607452, 0.01992280115879345, 0.04892636865004377, 0.01925178360166227, 0.05091571847563592, 0.03315575749140344, 0.05635086516364159, 0.026623900103679057, 0.03620627109583619, 0.042507296500264934, 0.03391550872342077, 0.031931043505051944, 0.1126103409993069, 0.10423236330610762, 0.0937970401041883, 0.005936888151547199, 0.015945381926225823]
                  , [0.04561381450966632, 0.01179058473426117, 0.006775571972511822, 0.011962243852919455, 0.061030261909024386, 0.0111413525788302, 0.009739852562378408, 0.18855357104001913, 0.014796507905100897, 0.2609607639992598, 0.07895742498001837, 0.010476878610545384, 0.010122549499006438, 0.016582895490032445, 0.0157953609963781, 0.02290417251116056, 0.03734324290784309, 0.1574413547659005, 0.007086148463856565, 0.02092544513413476]
                  , [0.04440362593008641, 0.009900653443973558, 0.0033738999537203523, 0.0062340657456233725, 0.017778557310577727, 0.005860946777250499, 0.0037157760638664855, 0.3208197396654707, 0.0066323308619534935, 0.11302854118231521, 0.03126170697161921, 0.0054247482552836485, 0.0055225114490649145, 0.006089181862941835, 0.006122302218292824, 0.013600763903925388, 0.03516385198263492, 0.3569704235724229, 0.0019614219173448395, 0.00613494878068729]
                  , [0.06848917074375625, 0.0037750173464952026, 0.19279396668100657, 0.3122775237243373, 0.004969848603945996, 0.03388955330195578, 0.018503868825454118, 0.009495152347909583, 0.05533826234561812, 0.015792233383392557, 0.007214272319497006, 0.04842069263812563, 0.018591437477265528, 0.07031719089846801, 0.029260158401733183, 0.04870886941524502, 0.03475460375542756, 0.018516786497829105, 0.0019359464985150773, 0.006955444088922989]
                  , [0.03671382158004502, 0.007509499464223907, 0.016162176587647445, 0.036794208752818025, 0.007006526906979858, 0.019580069770865106, 0.029156173481943576, 0.014900533887446, 0.2762005637947082, 0.02731512174726669, 0.01338051602890529, 0.035753854822804326, 0.011422999288638994, 0.06738659494503092, 0.29466150859783, 0.039313709440015845, 0.034300092379796386, 0.01903853122832591, 0.003913338748442813, 0.009490157806752123]
                  , [0.020071671355997064, 0.006978911989732585, 0.00313791391455074, 0.005144857972235656, 0.0670852213471031, 0.004735465569972848, 0.005642177096044341, 0.12216177176200822, 0.0066006506281265295, 0.5126842568087423, 0.09460079176798777, 0.004963094116081611, 0.005170867410067455, 0.01007965538003288, 0.007953138614964494, 0.010759793552812695, 0.015620164327029527, 0.07791291334733172, 0.005014713919372982, 0.013681972606692582]
                  , [0.019471894655544497, 0.011357769512901385, 0.006928889620266228, 0.007978866901346367, 0.33143827078729377, 0.007995251158941306, 0.03754596769638159, 0.026494885275234234, 0.009071148040939309, 0.07377722271644974, 0.01866374628455873, 0.01327271249652131, 0.006094202536452278, 0.01088737934536066, 0.011023015631936674, 0.01896330531767622, 0.014870190030442196, 0.02650012431708025, 0.03048290274402687, 0.3171822536391842]
                  , [0.1098597603178747, 0.021696797433269892, 0.024178634853983114, 0.021515609720266095, 0.009363569703901689, 0.04053555092055263, 0.013048681194789061, 0.017766758062740445, 0.024909198825660957, 0.020041713045370627, 0.011976606887888305, 0.05135427815998553, 0.019884817787584507, 0.020750986995186887, 0.020437254166295805, 0.29815701955313667, 0.23272088492684226, 0.030199526617737366, 0.002955604821386985, 0.008646746310323625]
                  , [0.445593590167319, 0.026487259758525623, 0.011735696544127733, 0.01636335211757007, 0.007207242045950052, 0.08186229910987176, 0.006651260168445361, 0.016980645530744888, 0.012257365623906676, 0.018722538908168038, 0.009926571700360473, 0.014296308976496842, 0.016735328671739012, 0.012591661154811744, 0.01155783867851038, 0.16705080112671894, 0.062250937869310824, 0.054172572795313075, 0.00198887773023253, 0.005567852401110903]
                  , [0.056301765244995534, 0.009557366006566075, 0.12767838467851284, 0.061535706251764764, 0.010370398389517404, 0.06624276365525578, 0.04584653872195614, 0.013492508195218036, 0.05371412046308385, 0.01922036790813382, 0.009559658954622276, 0.2212260472321354, 0.01695643510712195, 0.041837640175708346, 0.0348374029613191, 0.11216179234745204, 0.0601317467512813, 0.018730545954743785, 0.003620508757813513, 0.016978298274248217]
                  , [0.04496222060823235, 0.01943609533813826, 0.021783093750649032, 0.025154722082837224, 0.1059307981771152, 0.022859873469548153, 0.11161987069975163, 0.0350961213754596, 0.029493099742373383, 0.07884170919334146, 0.026707316030830822, 0.03902352125938447, 0.016395807599118316, 0.03976161085412158, 0.03972598173361101, 0.04597954167500534, 0.03538513296435519, 0.0408191894802303, 0.0954802395776713, 0.1255440532466201]
                  , [0.13638754729056846, 0.013302696272700152, 0.05136946953548818, 0.037560613604442246, 0.009422726787733947, 0.36906815541189886, 0.016817596170230393, 0.011076781005801534, 0.03238329186530752, 0.017892197947985633, 0.00883499571148658, 0.05524642628354051, 0.018183305081319476, 0.025673505922526027, 0.029610308883507293, 0.09684118641107238, 0.03573765013233872, 0.02094859129040256, 0.004447507530150811, 0.009195448000629856]
                  , [0.10861869500914798, 0.006628486627027204, 0.0263260354832405, 0.03532679657896643, 0.008748614945038105, 0.02630064241203145, 0.014605469563451351, 0.016769640506074622, 0.03077465319258633, 0.030034423739424637, 0.009247488878988502, 0.020004352863473403, 0.4516428654859467, 0.029606111816049455, 0.026311559126426996, 0.07545832827649296, 0.042357894022797195, 0.030010891646076926, 0.003322984463872197, 0.007904065432658949]
                  , [0.038867720468155904, 0.00437375981181881, 0.42621601751432864, 0.13379823844691127, 0.004789575396688249, 0.040533556930670595, 0.021150333735055968, 0.00670176846442512, 0.02890246356596327, 0.010449169804203323, 0.005052375396506367, 0.12079529212674, 0.012551506448730858, 0.029110905177963803, 0.01709839066881969, 0.0505208159318989, 0.028162835295742296, 0.011465547654854122, 0.0018447315664543587, 0.007614993169638984]
                  , [0.06371695176839058, 0.005315993598404482, 0.02098498598631212, 0.012901493852330213, 0.0031308923713390044, 0.7553091472591703, 0.0057852401600603336, 0.003916000411602463, 0.011479053299639094, 0.006083445277375338, 0.0031397486601284497, 0.02302996592744469, 0.005286299238700838, 0.00833975180994859, 0.010806774894710533, 0.03722975384254614, 0.01136921640684864, 0.007709946607507734, 0.0015212787120743396, 0.0029440555556064715]
                  ]
distribution_weights <- [ 0.14037534581277175, 0.11248455732527143, 0.09892021609430403, 0.09604254958273263, 0.06597775338019808, 0.06090315867162055, 0.06016168107982975, 0.055691041071211644, 0.05358808685029029, 0.04993685407216743, 0.04739611864558288, 0.04236851092504773, 0.034575547054603466, 0.031319692590495794, 0.02519190173530969, 0.025066985108562864 ]
# The number of clusters.
n_clusters <- 16
# The base file name of this file (for reproducability).
fn_distributions = "dists_all_poisson_allsites_kmean_016clusters_rb"
