32 20
0 0.07676096503735813 0.1027455973699851 0.0243235095782615 0.0451464644156761 0.0467400380078752 0.0185482528218054 0.0614147396752229 0.0327478083539004 0.0261118575158988 0.0504049089808321 0.0361038560650075 0.0192596635213223 0.0800680323978452 0.0268896535440565 0.0489992908086925 0.0458253688982541 0.1680232872425705 0.1009106826359578 0.0388575779257059 0.0060993635782392 0.0207800498137445
1 0.06185763987908515 0.0565796591756948 0.0106858388647872 0.0297310311377991 0.0602897915657647 0.0120027557961827 0.0299933402938084 0.0409384145333088 0.0235955437243095 0.1765796718030520 0.0407544387757593 0.0202086833315661 0.0526463584147342 0.0159275943531879 0.0857644961118437 0.1775472174016873 0.0636807810940021 0.0507432859960352 0.0304700886212709 0.0059009373372321 0.0159600704384308
2 0.05272628757200707 0.0280363175855913 0.0100412232758830 0.0027592542164855 0.0053201522766026 0.0784724235769377 0.0064910734292283 0.0064876595221862 0.1382605320130887 0.0073380375509599 0.4262067255665521 0.1053035153101841 0.0055089886503326 0.0054552322698362 0.0106604876783493 0.0089643925916977 0.0146937339751202 0.0212656633180270 0.0964096903115366 0.0057059297693061 0.0166189673631890
3 0.05120344493241316 0.0830538020854453 0.0061025774808946 0.1113983019748234 0.2034459898568493 0.0081820489985515 0.0367281756044672 0.0279418176314822 0.0168410393978166 0.0851404773841698 0.0278463007665011 0.0132475940877290 0.0554686689821757 0.0197151742392357 0.0895254899431848 0.0554106499203476 0.0690994288759539 0.0480671201899404 0.0286144573530333 0.0027970930441988 0.0113737948824152
4 0.049826042320196204 0.0333486746657508 0.0092910685725218 0.0017896317484088 0.0035608307657796 0.0496099451765110 0.0062094960037775 0.0035580329109890 0.2685902606169879 0.0046618828233228 0.2947607725847069 0.0681499968841578 0.0038454445982715 0.0039750062565075 0.0055276592226992 0.0051439062228423 0.0116458092753552 0.0242436547789605 0.1887171493057467 0.0034736410324805 0.0098971387819940
5 0.04905891746991388 0.0674241728646983 0.0202682783169824 0.0140053751249737 0.0266547125893292 0.0477698938622574 0.0208498261570965 0.0234747199938394 0.0995177549776822 0.0339353164292107 0.1716978215099389 0.0959536705678250 0.0250334046586655 0.0169901536994072 0.0410939618480181 0.0370575327926886 0.0526457226543068 0.0640679173788213 0.0991036221992329 0.0130324208694641 0.0294237213572010
6 0.04533451206296698 0.0680772761849639 0.0166335468868638 0.0040248494801509 0.0084620100014220 0.0331601344156024 0.0110015279451399 0.0053829204913181 0.2346169265794274 0.0094070100553509 0.1389335232356089 0.0467872247894307 0.0077175065806857 0.0075555955266437 0.0087829676954388 0.0091844454580748 0.0255292948700847 0.0556393228958792 0.2955337605850891 0.0031210589228248 0.0104490961364581
7 0.04392859179832316 0.3375603521812526 0.0374543792851856 0.0120389570609581 0.0170208794047001 0.0115176185716697 0.0847954086205534 0.0084617824013243 0.0215871134324203 0.0142818490321993 0.0255561819078808 0.0143720614840300 0.0195002356266554 0.0184793341860556 0.0153355243952220 0.0134582291751494 0.2045048220131133 0.0823459312321474 0.0512633853551026 0.0026038826691314 0.0078620824492987
8 0.037306792904808074 0.0173126334396791 0.0056108308061774 0.0013142237057264 0.0023347708945108 0.0168139711224771 0.0024603394304277 0.0017828910006651 0.4741911165902134 0.0028634107609327 0.1129672890489297 0.0323585690022936 0.0026414799577217 0.0024135950769955 0.0027831881017583 0.0028334557534172 0.0060609483486238 0.0177324395788226 0.2902082992324160 0.0011049937273623 0.0042115519803516
9 0.03638567273142075 0.1991066347386161 0.0409729253135043 0.0079123143031116 0.0137171220359748 0.0242223026770123 0.0345997558528098 0.0080161714893017 0.0914690496786582 0.0133430878437417 0.0724703769307943 0.0330414299804060 0.0147231180254722 0.0148860581493847 0.0135481621123912 0.0126947341178541 0.0811037907923818 0.1145989870060350 0.1947915590171643 0.0038620378123599 0.0109203826488752
10 0.03405007699766155 0.0119626964612615 0.0053741342535388 0.0014397723294412 0.0024491301320879 0.0499294695755088 0.0026139469742859 0.0032166038745206 0.0999027209193400 0.0035278790902087 0.6370854052265699 0.0826700513233941 0.0026000116719157 0.0031161894327833 0.0055873438684145 0.0041896562693859 0.0069665408275401 0.0097699371093892 0.0574701266705755 0.0025277006326744 0.0076006891636654
11 0.03332287686077682 0.0272847819409501 0.0054673266751989 0.0119289398230211 0.0303934649713308 0.0046608511234062 0.0145421890877191 0.0197003545362430 0.0125027246179717 0.3956498284124947 0.0201993912096705 0.0124678985008986 0.0329299499446298 0.0079440137050919 0.0557578895513906 0.2619125622627307 0.0346223404955071 0.0285487590098417 0.0148845742333758 0.0025311828849294 0.0060709748789047
12 0.03268693321165802 0.0448503326589898 0.0115432843250196 0.0017170634597748 0.0032427155396493 0.0113718628010118 0.0037535685343280 0.0020128501858414 0.2649355578653055 0.0033017766583791 0.0676440440359419 0.0194181828771700 0.0031257154156852 0.0034134044434790 0.0031991372873593 0.0031602559022072 0.0101167304210944 0.0288356503624705 0.5098335798656569 0.0010421957824304 0.0034820805485477
13 0.029943535048194834 0.0434668070047618 0.0055429110076191 0.3317471047619039 0.1889103144319052 0.0057702145272379 0.0434003411129524 0.0239389141927619 0.0085658644754281 0.0365283229538095 0.0129083410744765 0.0064148986846667 0.0972956273974287 0.0134797098543810 0.0404847859488571 0.0222890570603810 0.0623445841066666 0.0319870627666666 0.0143366363756193 0.0017106710446476 0.0088778236985714
14 0.029484400844122512 0.0430914158366697 0.0027043327766270 0.1949749622367278 0.4605279510685621 0.0034797202744416 0.0209124937631758 0.0128256916744029 0.0073585260687549 0.0379626069086162 0.0117944021255200 0.0060249712023015 0.0297616080954453 0.0085593729678948 0.0654329340818102 0.0192796204369016 0.0323130771175903 0.0220986800657578 0.0148649966946140 0.0011819938369210 0.0048506435075911
15 0.029167854902184452 0.1416670855973798 0.0149923002547908 0.0394294640388150 0.0294897248197105 0.0088523539654869 0.4265264494524836 0.0139898082945834 0.0105418006679705 0.0272868410149588 0.0160660553575480 0.0084438057398319 0.0486596989568831 0.0117732103623386 0.0197567603613610 0.0256302184983379 0.0976616179507235 0.0293605392430583 0.0189384915130038 0.0035592823796441 0.0073744925664841
16 0.02904808076199167 0.0353432096770711 0.0215933378965450 0.0070105518934041 0.0091145079904789 0.2589603213584608 0.0128333014347272 0.0273347814283471 0.0679994420946211 0.0113020269428737 0.1717363440076560 0.0443189801766784 0.0141895551738319 0.0079135666865921 0.0140037079054770 0.0149442576682372 0.0301033914418924 0.0252262113299961 0.0623006476462505 0.0338570265530034 0.1299148259193166
17 0.02903097017053556 0.1263457635766924 0.0306265700829321 0.0179740589173626 0.0132787931641939 0.0090799296402674 0.0484027977890341 0.0103658021343224 0.0119647044968064 0.0145480714992630 0.0157483344794144 0.0092408242181390 0.0457773344520978 0.0168064920844061 0.0142433299208018 0.0144320905683403 0.4363268196914610 0.1341895610160163 0.0207023114152501 0.0023003419120566 0.0076460652020242
18 0.028851308960246392 0.0156112215176432 0.0130642438898883 0.0054095772627262 0.0063122999678760 0.2540715607808653 0.0062763194660474 0.0517169533573193 0.0162729365886132 0.0072758084805773 0.0390875961024018 0.0109322241210833 0.0133564720918256 0.0042043441144608 0.0097502534288820 0.0104482115294060 0.0180624511355144 0.0119833812888209 0.0179752007849165 0.0253706941206879 0.4628182494810716
19 0.028700165402384077 0.5844036792527822 0.0227094784220986 0.0039981054920509 0.0064525096256360 0.0049725599119634 0.0831101019849961 0.0031666480957869 0.0126954344488272 0.0051296092469198 0.0125921793407196 0.0071270572606320 0.0063755961382155 0.0084230056600755 0.0053737795173888 0.0051072448810614 0.1385663030594198 0.0420744111514309 0.0432069307169118 0.0011920049452504 0.0033233618271066
20 0.027451092226087947 0.0493392199511737 0.0049283047770727 0.0134505993081859 0.0086441857019529 0.0026080514642948 0.8178729843133128 0.0040174657625180 0.0030208744497198 0.0077854670917300 0.0046892391114696 0.0025062351553085 0.0153954806402450 0.0032802057060152 0.0053336966928113 0.0084195011000420 0.0320693573091632 0.0077867852634523 0.0056404703206925 0.0011732970669334 0.0020385734512572
21 0.025882621342611076 0.1178010643609519 0.0099211001579991 0.0284910538303218 0.0391291268388057 0.0121858170655575 0.0304238552249889 0.0197127799234244 0.0249335266468710 0.0380731008421110 0.0406985203503747 0.0130821430677611 0.0265288345843984 0.3147422116571177 0.0384068467593654 0.0348209321759585 0.1015463201751873 0.0555101128801234 0.0397897099151613 0.0035907284659542 0.0106122129679375
22 0.022215251240517882 0.0718984446649551 0.0185677140315789 0.0138696800242621 0.0135497188557125 0.0083828223246469 0.0189304557392812 0.0091236386757382 0.0279392548747114 0.0178735547492939 0.0225129019238766 0.0162293543804877 0.0360836187215661 0.0108805332549422 0.0139866962784338 0.0154690678186136 0.2073992810937103 0.4256118192554544 0.0429148974808730 0.0020558139810013 0.0067207293034660
23 0.01890435179376034 0.0357246613682305 0.0115943652650475 0.1023404357931813 0.0325860696550007 0.0096607455628300 0.0471439888118871 0.0480067280407302 0.0127489666798912 0.0424700003944788 0.0167704969755619 0.0092336779452407 0.3710967847337450 0.0091745987076482 0.0303813359993966 0.0301459188103786 0.1081272090722582 0.0485476714165032 0.0156925176391613 0.0024997259385428 0.0160541023477146
24 0.01820566930930246 0.0248519115949252 0.0096655034953007 0.0089490361699561 0.0187422787012844 0.0065673631384711 0.0148983801381578 0.0306288948540100 0.0119301530979013 0.1730647803457078 0.0230511959237154 0.0108883069920113 0.0228204778931704 0.0077180347531328 0.0489234763336466 0.5064777160087693 0.0305454138569861 0.0224253478806390 0.0142642376865600 0.0047220871488252 0.0088654044876253
25 0.018083043403866992 0.0132461594737420 0.0097534218462388 0.0028955656994164 0.0035248254567101 0.5295247263838492 0.0048243118941809 0.0154284221739473 0.0272997694459865 0.0043109706175680 0.0855161481198549 0.0195926274991326 0.0061712186257687 0.0030993833179309 0.0049083874549756 0.0055444270230247 0.0131563142805550 0.0096085221269518 0.0250265866369654 0.0201451327664091 0.1964230766360186
26 0.015371014658073348 0.0787787970204082 0.0054076953773655 0.0108292849358069 0.0156837615983302 0.0058016175063080 0.0151138465306122 0.0091558196721707 0.0111834079400743 0.0151666280411873 0.0206772277803339 0.0059699406126160 0.0101768289998144 0.6576500079777339 0.0158233557855288 0.0137491751389611 0.0551628209053804 0.0269859504870129 0.0199824206111314 0.0018416240601855 0.0048597921953618
27 0.014652369816916672 0.0347250911446370 0.0155925794681721 0.0266902184064629 0.0258452702481994 0.0434019920640452 0.0187742241592369 0.3234164364025701 0.0170660587664005 0.0327314229604828 0.0360079940669653 0.0140349164446175 0.0771471794568815 0.0119287564823828 0.0655645632898579 0.0518129977660113 0.0469881058730776 0.0281502193420284 0.0214383192392447 0.0093485158150672 0.0993351343151644
28 0.012028745793646267 0.0192200738776672 0.0034375583207681 0.6212222688477953 0.0865099626078711 0.0031031691785206 0.0207481007441915 0.0158528050433855 0.0044505393048836 0.0140851602022285 0.0061845085661450 0.0033121454495021 0.1083817450782362 0.0061657952740636 0.0155399463930773 0.0096396680071123 0.0337562564276909 0.0154606367750119 0.0071435071806541 0.0009048509595780 0.0048813047403983
29 0.009450750014258826 0.0427595853514329 0.0089703223206637 0.0233988889067874 0.0837847988536953 0.0115138406325791 0.0198088260968326 0.0720424007342382 0.0182734141019607 0.0591388577453997 0.0473664225909502 0.0278377577656109 0.0350328024642534 0.0136029612708899 0.3559763004524891 0.0592474456304676 0.0433020014177979 0.0338009693423831 0.0243409028627452 0.0045471816018100 0.0152543346552036
30 0.00565219871100211 0.0214399550630995 0.0160807188874306 0.0064041294689551 0.0083701614654216 0.0772441659020697 0.0140646380302877 0.0141058208697627 0.0167676592180717 0.0108749398707723 0.0412930376289752 0.0128672744810701 0.0099708981039879 0.0069287347092378 0.0111585265552751 0.0187833776259465 0.0244664637708228 0.0157179746138314 0.0183950485027766 0.5889678485613332 0.0660986200151439
31 0.003427821821707637 0.0409708955940100 0.6957912404326104 0.0077004087362728 0.0066717229600665 0.0138746669525791 0.0168519609051580 0.0076399283918469 0.0128227629542429 0.0072697232412646 0.0184224070574043 0.0079507109001664 0.0107053702204659 0.0054462096430948 0.0069341687296173 0.0116407926356073 0.0621671535690516 0.0260594483585690 0.0236218116713810 0.0049482026198003 0.0125104104725458
