20 A C D E F G H I K L M N P Q R S T V W Y
64
0.0346328482595332 0.0745523529036954 0.0053064457326926 0.0794840345300227 0.1532137424587285 0.0081813903094916 0.0334502141440434 0.0312493777702385 0.0171620069851461 0.1261787771095373 0.0295839803180933 0.0126607213281835 0.0607843436116717 0.0201281937106560 0.1080508850163758 0.0762696782330367 0.0655474446557714 0.0562653304012969 0.0270055607834385 0.0032375656396036 0.0116879574668344
0.03373092729393914 0.0969550483348623 0.0127204083099242 0.0671436420361499 0.0713047436245031 0.0131148983970714 0.0609526378459552 0.0322165845822376 0.0203629218726937 0.0678675463878639 0.0310053435620905 0.0142909216606531 0.0825095793249074 0.0336319107498047 0.0619359399048688 0.0528883770991744 0.1383417730608502 0.0888355492521999 0.0323823616372781 0.0051254427532939 0.0164143736616044
0.0315786940367782 0.0704636803908121 0.0115428932029538 0.0344812877307134 0.0621059301858263 0.0142763726402497 0.0339890313386312 0.0437929819954639 0.0256992905075839 0.1267134593776759 0.0488190713948400 0.0200672454236882 0.0484905089077582 0.0218260866364032 0.0937553348243700 0.1585903192067639 0.0665591752532840 0.0574773365940925 0.0358228484224909 0.0073129201932687 0.0182142209811670
0.030241283913718137 0.0724390791700460 0.0061408053278773 0.1998023718535654 0.1559760718827453 0.0080848831931253 0.0613324743881457 0.0285372650375564 0.0119133095631942 0.0566647231606473 0.0195299578235495 0.0085386766064729 0.0917060836661234 0.0261135772856331 0.0554114258763027 0.0362824355767234 0.0782112042922651 0.0483372261098268 0.0200221965902149 0.0032708134690415 0.0116854135235913
0.02759969836645725 0.0865392642101549 0.0222033705245984 0.0315176467917134 0.0512488453419687 0.0389319169899946 0.0332354120259061 0.0337473512696059 0.0590141766371901 0.0528080824250010 0.0894360171362145 0.0405139217959895 0.0410037247931664 0.0293303734551003 0.0574393533561671 0.0524158699966372 0.0758889977905094 0.0767963106214972 0.0776744891896043 0.0149460921095612 0.0353087856643833
0.02757563186038676 0.0497467094455987 0.0116257101291663 0.0051807868733523 0.0093272286315268 0.0558835256610423 0.0106115516962428 0.0073294363434253 0.2021321951861852 0.0111644064563793 0.2504011992269968 0.0684646615726043 0.0077962798881224 0.0087426036709336 0.0120350427377608 0.0115976856519742 0.0197845308580750 0.0373732866939572 0.1971735291239301 0.0059422802764982 0.0176873433947302
0.027069089208807882 0.0808712640874646 0.0041092616666102 0.1369172243766145 0.2879549483087099 0.0056617258525890 0.0310448369370053 0.0204984556983193 0.0121969142358071 0.0735111821293341 0.0199606072315315 0.0089870417104272 0.0443681135979425 0.0200499685781296 0.0887810594204308 0.0390077823007071 0.0515125785305449 0.0409254419351425 0.0234207322633678 0.0022588994099912 0.0079619618400153
0.026612971617567174 0.2405323303617581 0.0245166320053833 0.0271191231215333 0.0327327761241173 0.0141974181480622 0.0738056434069767 0.0157049838703703 0.0251855118203703 0.0283888049778208 0.0337304101418172 0.0168993514130921 0.0358504149323428 0.0347145602618002 0.0292731732212748 0.0262577343823857 0.1674274478871661 0.1018620395499569 0.0549924888337639 0.0044292080919208 0.0123799461712318
0.026178628484199766 0.0539972532329377 0.0116261470611172 0.0047782720048507 0.0088407883954253 0.0252117191016066 0.0083833258857421 0.0053081739804317 0.2549499490653576 0.0092844755909950 0.1424757800897430 0.0404702785841615 0.0072561471866657 0.0081613616387954 0.0090051291355777 0.0088839389552208 0.0185405920816006 0.0437062881462156 0.3271661683666756 0.0030312381914197 0.0089229763569146
0.02611215908648127 0.0533365056508952 0.0063716693759568 0.0306988339939430 0.0719954462449963 0.0076727431145982 0.0251064407261236 0.0281978907579881 0.0197796515107971 0.2618551302668545 0.0309530301900457 0.0161026557534673 0.0541617631539677 0.0152730913307146 0.0889896238807938 0.1459140580218580 0.0540419360445927 0.0504775854029143 0.0252609409582600 0.0032288145998903 0.0105821913244382
0.025374119566986254 0.0189966174942415 0.0066694802779549 0.0028135052330024 0.0046657035795449 0.0598581445751774 0.0042997298199720 0.0050270815205726 0.1278978825608598 0.0060149619973488 0.5216522881532027 0.0960115211324237 0.0045186307891247 0.0047579387384941 0.0094298751425409 0.0072180683801995 0.0099333182148505 0.0147999548828418 0.0795732289079084 0.0043820338641164 0.0114800396093220
0.023980554263095043 0.0258995761653521 0.0068249605191398 0.0026419745792592 0.0046559711151924 0.0296799144813381 0.0041906146333574 0.0035648084648506 0.3488089247789725 0.0057486424403965 0.2166695322255680 0.0525032708826762 0.0044865014181601 0.0040585423362008 0.0055465825104900 0.0053056177324541 0.0092229483449936 0.0237476931091039 0.2362084577457582 0.0024536897374050 0.0077817696799045
0.02326658124967052 0.1191866817117383 0.0238463929517364 0.0361336897858726 0.0305407143031377 0.0134867736008078 0.0609623392133392 0.0198893509518743 0.0186840582320574 0.0324997876183932 0.0263370204606669 0.0135201156417419 0.0750630312099898 0.0291143957249889 0.0302144091061524 0.0282004352077238 0.2711273499827592 0.1235700999448298 0.0303928170420176 0.0042765359952810 0.0129540010045809
0.022977783176824643 0.0255173162486290 0.0065119161652718 0.0020117395836610 0.0035666629276308 0.0128032828884289 0.0030609480772073 0.0022445102549826 0.3841093690773084 0.0038462609427431 0.0893691771033915 0.0225225532291770 0.0033427849911222 0.0033153480468727 0.0034969697421947 0.0034821372217806 0.0072969268944636 0.0224072604591521 0.3957635426433936 0.0013208030964239 0.0040104910892765
0.02290787570681036 0.0357724769928458 0.0108050615548602 0.0060577009344139 0.0100902136163540 0.0790135118588725 0.0092923707678723 0.0102420018540196 0.1196583837715745 0.0124882809889642 0.3803047925859232 0.1008081831626891 0.0093849576775225 0.0092604386476563 0.0170934244181300 0.0148340266292661 0.0199491048787832 0.0276626652358796 0.0953188214027715 0.0087600780022512 0.0232035063285807
0.022311943175541096 0.0821656481176169 0.0187195367243965 0.0137520382330407 0.0259463067385722 0.0296647457622496 0.0189804330813046 0.0139508564166410 0.1599698547195680 0.0288499758309193 0.1040984833307653 0.0455191835418593 0.0218691873263996 0.0181714629953775 0.0252591549092964 0.0259879248556753 0.0512763196394455 0.0956397306024653 0.1959412386979963 0.0057372344683102 0.0185006836826913
0.022135455464357506 0.1237459030228826 0.0098781021945537 0.0419376468226341 0.0562515521835784 0.0135682377522779 0.0391060382853593 0.0222898340715987 0.0244662481107889 0.0472849689047422 0.0412701999094017 0.0141104213021848 0.0328653058014082 0.2281268282770759 0.0446854230839718 0.0400537041454753 0.0982974170024851 0.0626964960830400 0.0419435074000828 0.0049925551044212 0.0124296025784324
0.021968135945962673 0.0650503516671883 0.0165758310021648 0.0158021711642147 0.0276879813178925 0.0543683044767867 0.0213336000102765 0.0241764724809077 0.0892212757459572 0.0356479953606677 0.2215642046374550 0.0720548010088680 0.0234258832947313 0.0207652058973396 0.0427115738561815 0.0407753949492958 0.0450601966238914 0.0506123867157016 0.0869469440073031 0.0134916690055294 0.0327277576070423
0.02174007715034232 0.0219196045024253 0.0065749542997417 0.0021598484003110 0.0041104612172748 0.0421310388196099 0.0036323492803903 0.0035558505371429 0.2445649993832375 0.0051795267971588 0.3867936955192410 0.0712971023062731 0.0036643890954138 0.0037817708180813 0.0063318808045862 0.0056727379663575 0.0079204749931998 0.0172628743581973 0.1520441495790726 0.0030358874564681 0.0083664034069056
0.01982850895388628 0.1025054752334989 0.0187989626604901 0.0244323278263783 0.0335878416035719 0.0141473362993875 0.0269516067830307 0.0169386072376026 0.0484769244601781 0.0410942276499249 0.0405006053392673 0.0261208033203676 0.0451144809916195 0.0207131584290833 0.0314615391129927 0.0319406775729395 0.1296162623569529 0.2507425338111201 0.0799844446636227 0.0044950812554040 0.0123771038216969
0.01970473835123805 0.1023514009852848 0.0139808184197639 0.0705989351098703 0.0539916438560461 0.0127135020314081 0.2473993919618445 0.0245549421644855 0.0147113442659217 0.0470391022644681 0.0244030429709769 0.0114801832245100 0.0757786089317163 0.0239842076210086 0.0376666102936079 0.0423227218040482 0.1044800407770603 0.0472217228687257 0.0255589885453384 0.0061650302556855 0.0135977639899378
0.018382226541459715 0.0436138695417705 0.0189266035866583 0.0191054747478178 0.0219040431897755 0.1556945539557360 0.0202697996530549 0.0733390314344767 0.0361377824488778 0.0250503850650250 0.0752231066221946 0.0232876102637157 0.0318552966237531 0.0145232502361596 0.0284522403876559 0.0299938392361597 0.0428512774170824 0.0328372992736908 0.0419632093054863 0.0397342107951995 0.2252371236034921
0.0182985667822623 0.1996181241416037 0.0069137696433584 0.0786064955012532 0.1269682859078953 0.0078266994969298 0.0522129746378447 0.0231760787306391 0.0147151609531328 0.0631486949542606 0.0283144025494984 0.0110879184019424 0.0365842985864661 0.0324162028125313 0.0740615266560149 0.0630592475363408 0.0783394524912281 0.0563255713377193 0.0341204256120300 0.0036104227636153 0.0088942524932330
0.018214907023064882 0.4239244940539857 0.0302870830181401 0.0141591741561759 0.0203719903169320 0.0085445923147296 0.0739108138554710 0.0080249373113949 0.0210230823557541 0.0151315407871392 0.0234065990648088 0.0120640991245831 0.0154054463809853 0.0212308814203109 0.0148288466407224 0.0141439958610081 0.1349519509784182 0.0739706608292959 0.0655760029377713 0.0023224868932549 0.0067213195036810
0.01816333593862812 0.0542484565985236 0.0111832283809578 0.0922798812802699 0.0473235037996088 0.0121691321822828 0.0577419664313206 0.0475447419175973 0.0157507340402551 0.0605606001570446 0.0217833206158116 0.0112912041869519 0.2329765594043791 0.0144831184613541 0.0446043660584264 0.0400018821674553 0.1232969414265885 0.0681836666269165 0.0208295054520791 0.0040409450170736 0.0197062416874250
0.018135831360261843 0.0475611566911023 0.0027339546372345 0.2886500345045486 0.3539799133594561 0.0033910722605536 0.0277327385570651 0.0140853512338221 0.0060721641360589 0.0338469817177705 0.0103255881569770 0.0048645693808139 0.0443706695976997 0.0134722859718781 0.0512695672351490 0.0164440757712335 0.0376185621502150 0.0247723545755182 0.0127808944699824 0.0012203189706396 0.0048077459908998
0.018092282444515242 0.0491344598758629 0.0110451146678764 0.0204746996415227 0.0399667685748306 0.0103145013884351 0.0257131059288111 0.0424122433170563 0.0179414509998733 0.1641863394616510 0.0376711415048448 0.0156209476521629 0.0372235063366901 0.0151405941339540 0.0797647950194437 0.3003893648742794 0.0471235823446702 0.0406070615111787 0.0246201931528278 0.0065744745943315 0.0140756646897206
0.017230472322371994 0.0159150610114402 0.0097304307252212 0.0059106221970733 0.0067342658847356 0.3330670291985369 0.0063952960171599 0.0393885871698037 0.0175747388787496 0.0076401095292984 0.0476125640991020 0.0128894783020951 0.0120088885222480 0.0049220308210175 0.0094263741535751 0.0096677209974724 0.0161897619621549 0.0121987809813103 0.0190884372110410 0.0333701393348852 0.3802696845360841
0.016357201959242798 0.0264566983039089 0.0060697840740507 0.0106665445443466 0.0260670067206107 0.0049663224023400 0.0157006701338797 0.0239401453141376 0.0115543632382653 0.3275462461818684 0.0210610369361073 0.0113691275933165 0.0299735899810845 0.0086887241037551 0.0582704601730418 0.3337229440241001 0.0324423416050158 0.0271724296034749 0.0145648170608096 0.0029067402966162 0.0068600049319042
0.015965261717523396 0.2614690463780591 0.0346150502090602 0.0098569940872352 0.0157741690439370 0.0186367307411874 0.0380796243239284 0.0082639578151339 0.0736293251640462 0.0138596254902218 0.0666937101780460 0.0286503310858640 0.0134626871208989 0.0176827141519133 0.0145877982779814 0.0136144863811256 0.0756080967398952 0.0952985808033597 0.1867916567377416 0.0038844562266423 0.0095409610807667
0.015012915691591163 0.1185572335389311 0.0068571887813283 0.0261347475378627 0.0352743154756489 0.0088339583383969 0.0269964099607633 0.0147005730206870 0.0174882888443515 0.0315851750235877 0.0309374292122139 0.0093542342780916 0.0202452531610687 0.4285580660305349 0.0306697253797710 0.0274351980409160 0.0789631864297710 0.0439321388709924 0.0319630817137404 0.0034168639797634 0.0080969333268701
0.014792879064660971 0.0285329131577315 0.0152268231233344 0.0091337743026805 0.0109907969281839 0.3198637211806623 0.0114045157806786 0.0326225832163000 0.0418940528982029 0.0122219113505578 0.1048143561124884 0.0284388790982337 0.0161096152155252 0.0088625578225907 0.0147510045949799 0.0148286099883794 0.0259233948830184 0.0210736383467618 0.0412879640145645 0.0364021162900528 0.2056167661279834
0.014647334004139438 0.0509861841021829 0.0156089743769658 0.0393487137306940 0.0414543797519755 0.0404123628507941 0.0287140356609811 0.1856796294108440 0.0217550017537751 0.0494494168656600 0.0457675975612236 0.0173686824154605 0.0816656928266960 0.0186276164624051 0.0760977764204679 0.0667331574329082 0.0596450178256787 0.0417510318605742 0.0294058603912058 0.0120112754250058 0.0775175880071981
0.014626705570364733 0.1022082769215702 0.0104313997835148 0.0529027442031654 0.0346418092233017 0.0074893218435321 0.4555389318342078 0.0153725503855676 0.0088793129556529 0.0308370755088146 0.0141513544191802 0.0071953085932775 0.0576360847269451 0.0153719494329703 0.0229888913243752 0.0275093166390348 0.0809065176612082 0.0281667169607459 0.0166216556565853 0.0037845170009402 0.0073662620474026
0.013685819785418447 0.0916266967752470 0.0074274201309496 0.0296589712803549 0.0180209232855469 0.0043913954125775 0.6559366640428752 0.0080359421857311 0.0054026664364429 0.0159189914979066 0.0084473600251216 0.0042940474047899 0.0322680275585329 0.0075142491055938 0.0118061484343492 0.0147313891513985 0.0512914427089266 0.0162030005020935 0.0107741701947746 0.0020483908896919 0.0042021013604923
0.012828593759669578 0.0442990656717885 0.0097216248506611 0.0019078140951399 0.0038160945705737 0.0092021062169018 0.0037135172373591 0.0021293759237358 0.2429965657575486 0.0034740769466678 0.0612288669610506 0.0173758932013579 0.0032221882361087 0.0033739501968019 0.0033036213106128 0.0035659480806683 0.0088448664889225 0.0267377646226550 0.5467752149365732 0.0009822711244238 0.0033291657558513
0.012825155687373795 0.0457558139665803 0.0042540869233402 0.3836481791618271 0.1764941157465824 0.0050138270085784 0.0417782987825931 0.0208571461007953 0.0071772649772136 0.0325542124063979 0.0115558424987042 0.0055946861040122 0.0925388475667946 0.0144639079672058 0.0361501135162184 0.0189267651463678 0.0508767713108748 0.0299591445340005 0.0129197938304889 0.0019533279992941 0.0075278562635153
0.012438945566147365 0.0296798221853695 0.0137494980314538 0.0052667974787176 0.0071069436455683 0.2591010677077566 0.0098150145564768 0.0143456273327805 0.0844391445061728 0.0084482468403353 0.2691780253086412 0.0601139320204533 0.0088840116709046 0.0071800925595173 0.0105348969957619 0.0101349814303483 0.0197311331527549 0.0205883405638475 0.0677829862281187 0.0194536666784596 0.0744657730918557
0.011972513758019304 0.3528905185220639 0.0284733117218627 0.0102130020464249 0.0118532521407104 0.0065970938942280 0.0619949085256054 0.0064304697029769 0.0101441223127215 0.0102182728779555 0.0128235573964772 0.0078874855287642 0.0181357287459559 0.0138267706342492 0.0115809692398774 0.0095578146244856 0.3215992561500909 0.0706650598746051 0.0279949304301715 0.0017544393504738 0.0053590399197856
0.01192094267358254 0.0381178009411657 0.0031451488111035 0.0103171120065951 0.0068302652443762 0.0018443069079313 0.8607010008652201 0.0031599511767927 0.0023631064087673 0.0061458534194383 0.0036164776112286 0.0019464840214385 0.0117193184167472 0.0029703055931645 0.0043368313948277 0.0062305998778120 0.0230301045893101 0.0063839272006344 0.0045763155941157 0.0009696473660352 0.0015954353057878
0.011818946528807607 0.0107211301494230 0.0044172767986618 0.0016415972611847 0.0025572557830892 0.0453787496909726 0.0024737987232623 0.0031844169265878 0.0816222129890430 0.0035091059045865 0.6781003926112643 0.0782509160446039 0.0025916466815671 0.0034822182296131 0.0057705745437798 0.0041216651355571 0.0065148141010377 0.0088500693879569 0.0476491616396779 0.0025471937501988 0.0066158082005236
0.011728410625018624 0.6192116114911093 0.0199529782032245 0.0044516155979969 0.0062415283577682 0.0036450680265782 0.0735874458438538 0.0028998294559311 0.0091957102021692 0.0047028755578464 0.0096087468108268 0.0054899037174126 0.0057690823603674 0.0077487031042602 0.0051628427157512 0.0050199090731876 0.1388953333398475 0.0381681907238616 0.0363609663411178 0.0010535490912644 0.0028341088241158
0.011146230382932493 0.0798588609427367 0.0162867799976354 0.0220358204063945 0.0164791772203144 0.0074467253522157 0.0281598790469827 0.0103433543695898 0.0141529568630614 0.0195028665969981 0.0153987313974505 0.0099891257799938 0.0469569427513108 0.0155299507526474 0.0155215438700524 0.0165604642449881 0.3232421452657562 0.3095965453891232 0.0236082754024876 0.0024337791517426 0.0068960724518351
0.01075429014121309 0.1409530342583120 0.0274101918831096 0.0067424885511508 0.0125794729790067 0.0155367522566069 0.0155574682841006 0.0064565479344629 0.1318682262372120 0.0112245771153026 0.0684093133088235 0.0267384965613811 0.0097090229382992 0.0129606554969096 0.0109555326888320 0.0110565861300085 0.0367253474040923 0.0837975543968456 0.3609063791560105 0.0026119635359655 0.0078003897790921
0.010497580743127866 0.0143630404291484 0.0042348796582751 0.0016450651890175 0.0028692644386461 0.0140597137049127 0.0023695604171397 0.0019627808796071 0.5331603898471625 0.0036857290469432 0.1036726523242358 0.0312797596903930 0.0030857731022927 0.0021465917843449 0.0029989262413756 0.0030596070290394 0.0055155377327511 0.0168624060771834 0.2481080555895198 0.0009916828933079 0.0039285830734716
0.009944051103506605 0.0365952738847527 0.0052872340090239 0.2970255039760285 0.0671253805095079 0.0060636258309325 0.0612163802944566 0.0300419816060851 0.0082110232570010 0.0389796734689409 0.0110889645900655 0.0052870766552956 0.2396740002074454 0.0107549158258615 0.0270437553253429 0.0198576228224041 0.0726127713308747 0.0374523048543275 0.0117048051499370 0.0023273728357036 0.0116503219133342
0.009128081945307146 0.0130885894708096 0.0098967148572505 0.0060476182946642 0.0061653891825484 0.1993266402887636 0.0063109391453863 0.0551237865354677 0.0117640392444445 0.0073071145430006 0.0272201529011926 0.0072999224204645 0.0137346146532329 0.0041203035962336 0.0086363769472694 0.0091258840495919 0.0147916232680476 0.0108437916939108 0.0137045204984306 0.0224620151237917 0.5530299634651608
0.00852527326944631 0.3344594428014520 0.0192369355187525 0.0121746292917059 0.0132637730038985 0.0081137119384327 0.3283339962360532 0.0067329536964646 0.0113644091799974 0.0109743022302728 0.0159706718006454 0.0087111779205537 0.0158117475373034 0.0130308546721334 0.0106978659452884 0.0111329631743515 0.1117692785737330 0.0334097391235381 0.0269822731657483 0.0025025647547654 0.0053267159474392
0.00847943230550252 0.0130741837995671 0.0085693060013110 0.0035648507228003 0.0044984987686174 0.5552474934450607 0.0052378447771319 0.0132445642397622 0.0261753694793891 0.0049268597663198 0.0878558917702392 0.0196033451098797 0.0062837101485336 0.0035977153658603 0.0056197391155562 0.0054691352104338 0.0134982334846602 0.0103034178271389 0.0233109282609814 0.0194539082412218 0.1704650001971885
0.00780557013552881 0.0260722151940981 0.0039865894265600 0.0110917419191015 0.0323003397909264 0.0037361299556601 0.0129785587722804 0.0143805069309940 0.0107294205347232 0.4890949030979299 0.0163361250728232 0.0104305796608427 0.0334252062990750 0.0078476089437673 0.0504754929547791 0.2012779978678605 0.0275759453087653 0.0282033785758332 0.0132560219358391 0.0020433971379827 0.0047578337552488
0.007601577845978945 0.0756679959128599 0.0042403032505653 0.0109152405475651 0.0151857766922963 0.0050908659772350 0.0136577584441430 0.0080798980768882 0.0094488999229608 0.0136900143297150 0.0181338508127544 0.0053900032792100 0.0090765276998342 0.6886479938187855 0.0143278122770993 0.0122101391343284 0.0482945062520729 0.0239836676654606 0.0176370838495401 0.0018314990256897 0.0044901650053822
0.006824573507131708 0.1117889885256087 0.0275429416406382 0.0153932676617968 0.0107729936675062 0.0075230358339210 0.0441288245738035 0.0085343499170445 0.0085070946174642 0.0116101064649874 0.0126598121130143 0.0067307343963056 0.0384471128374475 0.0139012453976491 0.0107821095790093 0.0118185673674224 0.5200139387069680 0.1162471698354326 0.0148645340794290 0.0022477878329135 0.0064853867400503
0.006752373988920239 0.0474515210777324 0.0080780281132043 0.0263953041306857 0.0900912519450102 0.0108078048002376 0.0208640442085879 0.0666961325011882 0.0171749114592667 0.0677704293441955 0.0466953558755939 0.0258635183078751 0.0358226594114053 0.0170402088022742 0.3360305660217240 0.0637750249932111 0.0417883889969451 0.0356342396181263 0.0236721832484723 0.0043336125768839 0.0140148275407333
0.00665610796463828 0.0408186547978283 0.0023550597541020 0.1431433787173390 0.5493463138572900 0.0031902272676664 0.0188763276201310 0.0101620051944158 0.0066324587562910 0.0363132428271286 0.0105659151552912 0.0055231493169597 0.0210415855541192 0.0068957722456050 0.0680483852831783 0.0154525815156842 0.0237223819119269 0.0185156289331266 0.0141444076270254 0.0011802600245260 0.0040722651599449
0.005723244348382158 0.0522648164437325 0.0116725219324189 0.0131483371093311 0.0106828381980377 0.0053185091603925 0.0129678245694835 0.0063293026846216 0.0189888221533839 0.0164127421205445 0.0148644543251901 0.0104769907322787 0.0301167020720865 0.0081937208275931 0.0097510157342812 0.0115168847394876 0.1961530959351220 0.5352616760112118 0.0298338560078094 0.0015192274295154 0.0045266580895074
0.005621248203607225 0.0197449043062180 0.0032184799519877 0.6239586644240560 0.0785028782968399 0.0028275675932722 0.0219200194346584 0.0148171350601427 0.0043118883182469 0.0148957354974516 0.0061770811015292 0.0031041979633027 0.1147649574780837 0.0063583300322120 0.0148452027062181 0.0095565412338430 0.0325013627995923 0.0160942537995922 0.0067361155671763 0.0009751346397961 0.0046895493763506
0.005276294949930207 0.0215954505976112 0.0082159452575461 0.0074661105276872 0.0143381674538545 0.0055409013978284 0.0130384288208469 0.0254925229074919 0.0098634321913139 0.1424107706616720 0.0196668723750272 0.0079279956972856 0.0174319391958740 0.0066391865048860 0.0378497303439739 0.5997907587405007 0.0231696968671010 0.0172905477719870 0.0114316209756784 0.0036583029471010 0.0071816106699239
0.004596702659463523 0.0347921892146598 0.0095948488873099 0.0058419336938420 0.0102131540615806 0.0355672005801546 0.0092728231969583 0.0085587446220394 0.1056612906920967 0.0161780855846422 0.2441074950336574 0.3324930037397151 0.0107304731817502 0.0058268149825480 0.0232571952106707 0.0143425500351533 0.0203376816928447 0.0329188654774370 0.0624650263537771 0.0050777825962852 0.0127628473039143
0.004424799044674311 0.0405569511396012 0.0170223722183372 0.0153407431178451 0.0184254011310541 0.1147332824009325 0.0251916490986791 0.0280473109015799 0.0278835588370890 0.0229342194996115 0.0670255432426833 0.0233339946801347 0.0207425899632220 0.0164716057101787 0.0230883980396270 0.0337825449647759 0.0378141470681171 0.0301210261408961 0.0340491445428645 0.2943330341880350 0.1091024728671330
0.004215076634631473 0.0273850737071778 0.0089887105954323 0.0843375647569331 0.0203139560796628 0.0076204532060903 0.0294488023412180 0.0501891718561718 0.0096828557963568 0.0326741931190864 0.0125926630769440 0.0070454460812942 0.5096050630777597 0.0072047841538879 0.0219817281438282 0.0201506531125611 0.0836044445214791 0.0400044491408374 0.0119793079725392 0.0019354373890701 0.0132552408572594
0.0041990322972511466 0.1167414342658297 0.2715835655021835 0.0158098669197599 0.0160323756315503 0.0280065248482533 0.0398258648553493 0.0167615415237445 0.0320498392658296 0.0184472210425764 0.0452007827701963 0.0205941210889738 0.0303091120199236 0.0151740042183406 0.0188492868810043 0.0237370902036026 0.1263115943176855 0.0673139323553494 0.0639647126582969 0.0103070068870087 0.0229801251621179
0.002960180246670227 0.0258527602748741 0.0091719787123500 0.0224300974324429 0.0182372309024391 0.0272797670212931 0.0127887983635307 0.4895697084785130 0.0115425372040263 0.0226224480015486 0.0243397941548587 0.0095504214347658 0.0701467583313976 0.0098344884514131 0.0628069194231514 0.0326723925412311 0.0310578598373984 0.0212612874332172 0.0149951028153310 0.0057917410739450 0.0780479026465351
0.0023722698840911226 0.0154864138067631 0.0098920296077295 0.0057674883227053 0.0072090640801932 0.0564261625758454 0.0117386644893720 0.0090444146589372 0.0110319438024155 0.0081338356724637 0.0295753896381642 0.0094290621690821 0.0080675145367150 0.0057545783985507 0.0085725582975845 0.0136295896246377 0.0169643611038648 0.0126092366038648 0.0135700664439613 0.7003416937198060 0.0467559262608696
0.0018290544613572134 0.0187505305726816 0.8088787017543879 0.0062085722055138 0.0065235014956140 0.0080346585802003 0.0107179133822055 0.0064719238728070 0.0094638475263158 0.0071231347042606 0.0115641365996238 0.0054424645745613 0.0083112889053885 0.0060627054837092 0.0066133900946114 0.0101604232951129 0.0303470393984962 0.0146163718088972 0.0131442156823307 0.0039586904492481 0.0076064833132833
