# This script is generated automatically.
# Vector of amino acid stationary distributions.
distributions <- [
                    [0.09743629003560313, 0.009748264214166824, 0.048695898211908784, 0.059777222252255624, 0.015480274052386115, 0.05665021376212797, 0.03960747752034595, 0.048658578608771444, 0.058047611048354826, 0.06370601400204766, 0.01611236881801566, 0.060665677419860384, 0.05999874938385461, 0.056952243897919974, 0.05388235388117431, 0.09238686590775355, 0.0763605905018532, 0.06570926755394674, 0.004318971519401214, 0.015805067408252157]
                  , [0.03484878320598535, 0.005142344855089407, 0.0023369699828270788, 0.003943393739270798, 0.0632714701195592, 0.004559662702026874, 0.0036403976064881614, 0.18008984725225918, 0.004571898632166905, 0.3920650740522676, 0.09004288212000029, 0.004066993790757164, 0.003532031451980648, 0.006366278770974224, 0.005155439748600293, 0.0157598062776523, 0.02808451572815437, 0.1391024812084209, 0.002565584612798912, 0.010854144142720557]
                  , [0.0635476131690635, 0.0020682495016506697, 0.25845180029316095, 0.23546771192766341, 0.0029013876522746116, 0.04438207306744909, 0.021820850306974345, 0.005363233359300308, 0.053713898017429915, 0.009261760563687705, 0.004137199755624666, 0.0873327689212616, 0.009765954049971435, 0.06085554411685631, 0.029921024029857992, 0.05738206983864882, 0.03772422003029949, 0.010815491582732373, 0.0009791029211443005, 0.004108046894948406]
                  , [0.32590888722665784, 0.03044555669322451, 0.007048492414137352, 0.008665395969292226, 0.004931081877082999, 0.06987068301322649, 0.004361969369297892, 0.023837629735611255, 0.0074712387109187525, 0.023468343898463744, 0.007573513723178766, 0.025456979461199358, 0.020339523578327127, 0.008233724225233443, 0.006849387860577069, 0.2390161421330862, 0.12561477144461045, 0.056104850055535074, 0.0012114241801868644, 0.003590404430152541]
                  , [0.03114342127581705, 0.0039914472077600535, 0.0011261450233791882, 0.0018551348537826121, 0.018948637243326218, 0.002462747340648969, 0.0013827799555923132, 0.3657217511379305, 0.0019635152746740104, 0.13043905412954448, 0.03091341765713792, 0.0019994237766459044, 0.0016985640485700515, 0.0021946320399177234, 0.002026519855014115, 0.00878095938509987, 0.023022812990264714, 0.36721228112468896, 0.0006949718684119734, 0.002421783811793281]
                  , [0.04601718228278204, 0.0033910892520444564, 0.019739887433405805, 0.052256427214487346, 0.003955086439143599, 0.0229220625037032, 0.03326499330447606, 0.00964312980989823, 0.27066628750225585, 0.02925422617274748, 0.008255063045667706, 0.04319771238046484, 0.005862152156864141, 0.08030559199909734, 0.2626391638388366, 0.044221531211104205, 0.040748333958492415, 0.016783105000980313, 0.001646556139001635, 0.005230418354546846]
                  , [0.021429200607097423, 0.005767895583755749, 0.004155210660507344, 0.005160849133077381, 0.33971866020528635, 0.005317051307273687, 0.04115478017257779, 0.02938359989392531, 0.00577075385500741, 0.07274743782676786, 0.020760856006932133, 0.008547663953468634, 0.003491862812460561, 0.007314676719522143, 0.0070303296100099714, 0.02005066960715943, 0.01132611987786846, 0.02918502591870759, 0.04276673039131267, 0.3189206258572819]
                  , [0.08086848775607143, 0.00322700222760171, 0.020983056766528962, 0.0140422158753669, 0.002455871143218207, 0.7325233593350906, 0.004034157642929309, 0.003314586894987691, 0.012621157189816873, 0.005170728303049253, 0.0027035319868291808, 0.023897546126699417, 0.0036487879799447275, 0.006943461851467485, 0.011643763926328439, 0.045090238937785396, 0.01426065499542943, 0.009415876207644353, 0.0009386164270921119, 0.0022168984261187494]
                  ]
distribution_weights <- [ 0.4346296393920571, 0.12919588073098, 0.10299891586120273, 0.08566644739405581, 0.07865392593475455, 0.07459470857753196, 0.058401388064388216, 0.03585909404502958 ]
# The number of clusters.
n_clusters <- 8
# The base file name of this file (for reproducability).
fn_distributions = "dists_all_poisson_allsites_lclr_008clusters_rb"
