128 20
0 0.01654594193805966 0.0147941394887930 0.0063980828325862 0.0017708137306897 0.0030909374938620 0.0522570050258621 0.0033208848331033 0.0040522390675689 0.0980118354051724 0.0046349948398277 0.6031360855172412 0.0972607227413797 0.0033147977679309 0.0037059755082759 0.0073736028755173 0.0053012579641725 0.0086656363296551 0.0120781543444829 0.0588594864103447 0.0028519374937241 0.0091214140575862
1 0.015385273484286774 0.0284798965468027 0.0080847073769972 0.0014941602073215 0.0028708714114921 0.0263918534526414 0.0038652630450415 0.0023356333103058 0.3655466359592211 0.0032554783021315 0.1600952969786839 0.0418857662181650 0.0030951047692309 0.0032823930332716 0.0035110797647823 0.0034567907648008 0.0087698830090824 0.0242446105775720 0.3018363777571826 0.0016997563605932 0.0057984337288230
2 0.015271202874579365 0.0369523418431372 0.0079882105111111 0.0166588715398693 0.0386823364364146 0.0069571922558356 0.0202103431139122 0.0299064905497666 0.0161258865099907 0.2729090808590103 0.0280862965676937 0.0152608117174603 0.0397723821083100 0.0101405988801121 0.0721001686872082 0.2702967111111112 0.0476980486741364 0.0370753638954248 0.0202866553557423 0.0037993062994771 0.0090929047671335
3 0.015245536987395197 0.0916315644238683 0.0076695158879536 0.1139279620744483 0.1631463284324729 0.0094252583206135 0.0458922032528994 0.0291415293282828 0.0176265850892255 0.0680101228784138 0.0292618062570145 0.0138547679371493 0.0610406192512159 0.0246922287401796 0.0759064361747100 0.0502853059221848 0.0941839694968201 0.0590219639038534 0.0302713817789000 0.0028851383686682 0.0121253262341938
4 0.015222722865453717 0.0586083946365680 0.0038245483897527 0.2275836300112397 0.2887216852753837 0.0050773965983514 0.0337927896946422 0.0202310962154365 0.0097817016478081 0.0492999464396778 0.0156608645769955 0.0074843216697264 0.0539421353877857 0.0167452929342450 0.0650935586605470 0.0278502317534658 0.0554754843855376 0.0336682168171600 0.0183770095940429 0.0015003105583177 0.0072813806832146
5 0.015165687560600011 0.0162301464065435 0.0061252614960511 0.0014990232466153 0.0027718865410493 0.0453019279018428 0.0029798025455061 0.0031441173379090 0.1701400799736744 0.0036825944666039 0.5280635419330577 0.0718309543474990 0.0029607524465966 0.0034116362645733 0.0053508502963520 0.0046345126442649 0.0074702232151185 0.0131721453587815 0.1011647255942084 0.0024783792817977 0.0075874422536668
6 0.015165687560600011 0.0241668641256111 0.0073191092296540 0.0013167434972545 0.0024761086692553 0.0391694071991350 0.0036164772546069 0.0024926683062806 0.3216389330575407 0.0031802877592891 0.2801394189544942 0.0559524235502069 0.0029509015810454 0.0028511836165288 0.0038656104437758 0.0035232889105866 0.0077254275483264 0.0193893157952239 0.2089153262316660 0.0023860283318353 0.0069244847448289
7 0.01483203102720584 0.0475569583041723 0.0121868396776581 0.0021225038779081 0.0045709105554124 0.0572267943980004 0.0093253335583543 0.0043684926238223 0.2018206877235149 0.0059037102918093 0.3158732476446834 0.0670620819957698 0.0046449143695443 0.0051231719859643 0.0071242799175159 0.0066137459252065 0.0158905695721978 0.0301325051028648 0.1875648280522977 0.0040979615719669 0.0107904658311863
8 0.014809216905264358 0.0328657138597844 0.0107643533898305 0.0027191208994414 0.0053761985114213 0.0645510973247303 0.0071977581521572 0.0059653271412558 0.1493981981972266 0.0073589648974768 0.4153847176425264 0.0922921260535440 0.0053161090050078 0.0058008662197611 0.0098973754481896 0.0088449428608628 0.0158236666138291 0.0243282999576270 0.1163949984399075 0.0054851058796225 0.0142350576488829
9 0.014800661609536303 0.0889274776955684 0.0117211161489403 0.0384033316840077 0.0646467016127168 0.0128200958061657 0.0412140478497110 0.0345542883605010 0.0244426665472064 0.1154472552678225 0.0380247981021196 0.0198203665703276 0.0558919650211946 0.0238493785468208 0.0743376641483622 0.1097082020674372 0.1111799037572254 0.0784037561753372 0.0365718068477841 0.0049178575150096 0.0151173199383430
10 0.014104830890321109 0.0592140830186010 0.0134641028527497 0.0019745913160736 0.0042296855338051 0.0455415430123332 0.0102713139953498 0.0034982873913668 0.2260223206631624 0.0049534979749090 0.2139792429235750 0.0506214472604125 0.0041433174035585 0.0047602128665589 0.0053705018329963 0.0054832521901740 0.0159729123431055 0.0339978754543065 0.2841531878285485 0.0032126839278811 0.0091359335774362
11 0.013899503792847772 0.0742780125913008 0.0203271993561756 0.0065394611829094 0.0126964276714199 0.0542802033709479 0.0181290722064012 0.0112939166840377 0.1559608335043086 0.0157466450683218 0.1944842942347148 0.0696878757447683 0.0131307014712762 0.0131971104934345 0.0183237587427164 0.0168936209374230 0.0427502438018055 0.0631806227185064 0.1701065764259337 0.0075934161647517 0.0214000068075502
12 0.01347173900644499 0.0964355651270110 0.0102012372171888 0.0393344435779001 0.0542954459686706 0.0149368691170619 0.0340459327603726 0.0252057671259526 0.0285505197627011 0.0531771438065199 0.0460651320067738 0.0155475655412785 0.0360068929678239 0.2192559485605423 0.0502957293374259 0.0469958558363675 0.1076433594453853 0.0631144693839966 0.0411432284208296 0.0042484650347163 0.0135004238530906
13 0.013420407232076655 0.0518007192392690 0.0089997738769868 0.0305006608614535 0.0644527026136847 0.0085588101398215 0.0282273453378666 0.0404423544910752 0.0185457879307268 0.1896833350191243 0.0336834634371014 0.0178298940420739 0.0527837659307267 0.0147559828880153 0.1040810281066722 0.1849643918827034 0.0636446512622185 0.0460584004292393 0.0245340291733956 0.0041330533151934 0.0123198436349341
14 0.01309530599441054 0.0875646559168119 0.0140329694705575 0.0636320624477352 0.0612579360256969 0.0122792889381533 0.0580062261672474 0.0349338082576219 0.0178332132060104 0.0589526459155052 0.0270025284472998 0.0148223574394599 0.1068378259255224 0.0234345213220819 0.0577452756859756 0.0480315470230836 0.1801779564677701 0.0881409577831011 0.0260431103244774 0.0036947094666812 0.0155764102874565
15 0.012966976558489706 0.0747089741521882 0.0051772857224544 0.0974478767583023 0.2744634125797225 0.0072215964350120 0.0260198459465581 0.0238919715128656 0.0169317109430396 0.0817008592632505 0.0282537589008136 0.0132833399122499 0.0407035139894436 0.0148058585040686 0.1077738945172641 0.0501429508137233 0.0531307045348581 0.0423526598988344 0.0298707426874864 0.0025374856292940 0.0095815667404883
16 0.012941310671305538 0.0212721553878364 0.0064273615878801 0.0012062139007050 0.0021474588082855 0.0119568615993829 0.0022295970429705 0.0014859798627149 0.3959270491405893 0.0023427369486556 0.0752339696628471 0.0187869102646540 0.0022462881170119 0.0024114226036138 0.0023718287736889 0.0023114956223006 0.0056097147256501 0.0172010888516967 0.4249300169678270 0.0008301500308065 0.0030716943389159
17 0.012909941253636 0.0526872750342390 0.0128560901672189 0.0026978695303733 0.0054583718206318 0.0220123727342611 0.0065877653152197 0.0034233739368014 0.2690123017450847 0.0058663270865915 0.1126370393505633 0.0347824639032472 0.0051458664601281 0.0051692391941683 0.0053141336258008 0.0056192661179590 0.0167946629737134 0.0419462437331566 0.3834410267285172 0.0018286464223769 0.0067196686980340
18 0.012242628186847659 0.0168737540554391 0.0060177940116003 0.0012541450835315 0.0023537628052180 0.0367408367349173 0.0026469766182158 0.0026593723915677 0.2685597123223848 0.0032921478010714 0.4100217770789674 0.0661935980945726 0.0026526718998369 0.0027401361709759 0.0041384640163056 0.0036611893122060 0.0062529469676218 0.0139080264716982 0.1412573625366877 0.0022146463696716 0.0065606777246681
19 0.011914675183938859 0.1124737666275730 0.0257265539123983 0.0297622624411202 0.0289283435562470 0.0175144617225945 0.0525268921565342 0.0210231738987554 0.0220608147237914 0.0314185616850168 0.0321102419650551 0.0163134093887027 0.0629097647654379 0.0339286829315462 0.0319501261105792 0.0316158434234083 0.2780087503590235 0.1191332144255625 0.0330903886859743 0.0041165331480852 0.0153882129490187
20 0.011777790452289967 0.1011254376537530 0.0088346439075061 0.0243221118062955 0.0326934804987894 0.0103598969138015 0.0261347599690073 0.0181810117372881 0.0224457071547214 0.0322385917922518 0.0391871029757870 0.0114780970641647 0.0228100045418886 0.3935904188861987 0.0341111744479419 0.0304334870561743 0.0950223410944310 0.0490269916440678 0.0360098341404357 0.0030760976438257 0.0089188132815981
21 0.011438430388410427 0.1164521786736476 0.0273732265928696 0.0061864583323360 0.0119829261124407 0.0269329537362255 0.0185430342720021 0.0071280909543754 0.1606684233732236 0.0117965748566442 0.0957180489129893 0.0409350679755672 0.0113626535412616 0.0127967510603341 0.0112420512186487 0.0117608437878335 0.0442157197232610 0.0775673445898778 0.2924704652206428 0.0033905563989529 0.0114766249446521
22 0.011024924428221068 0.0147318216813242 0.0050630518225039 0.0010750636615106 0.0019521461601139 0.0130364134599069 0.0020177010178478 0.0013589992469219 0.5024992824624940 0.0023642577183134 0.0808718623150543 0.0232471821709778 0.0022366475010347 0.0021694487884117 0.0022218022413347 0.0023364688238489 0.0051830800447492 0.0156508298613554 0.3180221135540611 0.0007992714748319 0.0031625655124159
23 0.010913705583756345 0.1835475040501699 0.0195717394520512 0.0307184887360857 0.0444983914240920 0.0186155377475829 0.0525373946067416 0.0251126374878495 0.0304545930514766 0.0399448372218448 0.0458894759367651 0.0258422665220800 0.0479281319048864 0.0294222365259995 0.0487391058191795 0.0378424974018814 0.1535146038411286 0.0877194103945650 0.0553349754115496 0.0049768068784949 0.0177893659025347
24 0.01089944675754292 0.0293831603479853 0.0078732046551544 0.0012220527435898 0.0022399080753533 0.0097290378244375 0.0025844996004711 0.0014489899330193 0.2932570102040808 0.0023696918576661 0.0640836052328625 0.0170568278655154 0.0022747826836734 0.0023685679915228 0.0022770200010466 0.0023112735672422 0.0062511617791731 0.0194633208924647 0.5303399165358452 0.0007975568241758 0.0026683975342753
25 0.010876632635601437 0.0209091208049290 0.0018753463120346 0.0043791718099116 0.0029554579504458 0.0011282862565020 0.9273246649187241 0.0016830458552702 0.0013107170060302 0.0025740325846878 0.0021468449504464 0.0011210292367595 0.0052471768007340 0.0014655323676194 0.0021105537157839 0.0032507307855275 0.0136715113864708 0.0030874054507084 0.0023441996515475 0.0005452610780546 0.0008698967131096
26 0.01077967261735014 0.0075826965950806 0.0039366815617562 0.0010009593623380 0.0017167655532927 0.0390221222626289 0.0016772221237766 0.0024595008518910 0.0703451084728908 0.0024630419304417 0.7326786482412058 0.0665651649880984 0.0017696946979636 0.0023835838296747 0.0039843533541391 0.0030242821824914 0.0051004570380851 0.0063392095072733 0.0412625774160275 0.0020110012321873 0.0046769319079609
27 0.01073689613870986 0.0710297553811421 0.0154303269173971 0.0267269218480744 0.0597092005843294 0.0229556876308102 0.0190191832656042 0.0248636007649402 0.1067056859415671 0.0584183638300133 0.0805592591288181 0.0426155423612218 0.0355271416820717 0.0177718992972111 0.0520134526215139 0.0503811387330677 0.0635986293386454 0.0894660878353253 0.1377074351394423 0.0054120500828685 0.0200886418124834
28 0.01072548907773912 0.0668648673650625 0.0047999540861473 0.0696898911669768 0.1748595743685188 0.0054391655735177 0.0240096440295136 0.0262880260600904 0.0147858978782237 0.1695661937782505 0.0249068261683063 0.0123945023873970 0.0515157903562882 0.0117672901082159 0.1049149287503323 0.1039170820473277 0.0558168133581495 0.0453539222121776 0.0229487484387131 0.0021903065031641 0.0079705815014624
29 0.010600011407060971 0.0710176589050309 0.0212260954352973 0.0232064313171913 0.0387031229690611 0.0520852194726931 0.0254408205461394 0.0361369832816788 0.0661879591767555 0.0345597619007263 0.1586141444713478 0.0552148225665859 0.0387632431880549 0.0289849745020177 0.0558035035700834 0.0401703475036320 0.0752236433414044 0.0602748549206349 0.0684604169276299 0.0131092615606672 0.0368167349273608
30 0.010448867849198655 0.0529886863591703 0.0168497758651747 0.0098305403296943 0.0200542925021834 0.0482895985371179 0.0151619379814410 0.0213501991640284 0.0830117563182314 0.0295189646943231 0.3026885365720524 0.0933278751883187 0.0188529457614629 0.0145422883015829 0.0398682981031659 0.0353351824860808 0.0394889950518559 0.0458796805758733 0.0747205306905022 0.0106710157147926 0.0275689025256550
31 0.010354759596190042 0.0598991490112917 0.0082594246956761 0.2179156273753789 0.1252272526576700 0.0090159024549711 0.0591499997548885 0.0337788124257780 0.0123056356615257 0.0521189784522170 0.0185779181437622 0.0091742736149821 0.1118132153208483 0.0202942982993666 0.0472845754717709 0.0351940361572569 0.0953929264995868 0.0488732906472046 0.0195324368328283 0.0026940993377307 0.0134981481795648
32 0.010306279587064393 0.0852422379662424 0.0185752251959048 0.0235933114114554 0.0345893304789707 0.0188156384709463 0.0279509986034864 0.0217608541502490 0.0480062864111788 0.0459821034358052 0.0488193559822911 0.0314354392285556 0.0558549585639181 0.0197306755110681 0.0380546579762037 0.0390221539059214 0.1435759077061426 0.2144535149418925 0.0638938253873824 0.0046062132019922 0.0160373080403985
33 0.010300576056579023 0.2367980938538207 0.0377033560351606 0.0148892974545958 0.0175859726854928 0.0119934852610742 0.0653699977325581 0.0102723198737542 0.0213711910991142 0.0153413978839977 0.0247543166445184 0.0145486129291251 0.0325626170188261 0.0198127738280731 0.0189827134662237 0.0146063939471207 0.2768571137873755 0.1105650220044298 0.0451684425913621 0.0024672681202104 0.0083496150537099
34 0.00994980893172874 0.3630406838635709 0.0380495419839495 0.0113462963754658 0.0153194826210948 0.0106284712843222 0.0667463891315563 0.0081250515760963 0.0195200191860133 0.0128688755319576 0.0227727086873028 0.0131026185328174 0.0191052062886214 0.0167212526305531 0.0144520722771568 0.0126440384270564 0.2150569975351101 0.0834568812238464 0.0469471276755517 0.0022597474522786 0.0078365566732588
35 0.009767295956196886 0.0560484641985401 0.0069656983692555 0.0284339281839416 0.0652132076467154 0.0078476417252555 0.0244876432642335 0.0252674479456934 0.0217585108000000 0.2776054289051097 0.0317443446481752 0.0192535674470073 0.0548782134832117 0.0155088568014599 0.0782119560583941 0.1281300079941608 0.0604375942452555 0.0573615024963504 0.0280124952846716 0.0031539508580146 0.0096795317518248
36 0.009510637084355216 0.0573189300539731 0.0054751125172414 0.0130697603794903 0.0091017143862069 0.0029096225388306 0.7989262776611704 0.0041888253016491 0.0034158619637180 0.0084062568986505 0.0052151643397302 0.0027576930515742 0.0160737965325337 0.0034491752044978 0.0054291352098950 0.0095413165448276 0.0364278903148425 0.0084457412494753 0.0063090870116943 0.0013957519384108 0.0021428874620689
37 0.009470712370957623 0.0973519000120446 0.0066521602297501 0.0139192833974706 0.0207586221773562 0.0068428323565192 0.0189469621815719 0.0109410073318278 0.0133703220027101 0.0195762326615477 0.0252723944625114 0.0071581176723878 0.0129097295736224 0.5746305462210182 0.0202528521321891 0.0174359653652514 0.0683966802649804 0.0331040914031918 0.0243525332158988 0.0022385794817826 0.0058891849674797
38 0.009182684081446416 0.1727531735093166 0.0365059741860249 0.0089454098007142 0.0134310591857143 0.0256679138599379 0.0326991952888199 0.0086880850055901 0.0955166702608696 0.0136969340844721 0.0736643283229814 0.0387718728975155 0.0192888604267080 0.0175881475260870 0.0153062376742236 0.0124208782251553 0.1162362725372671 0.1241444023198759 0.1585387572670806 0.0040396670332298 0.0120961672031056
39 0.00912564877659271 0.0115096140952825 0.0103358821287098 0.0033785045410809 0.0042486464523586 0.3739806788503588 0.0045385111018431 0.0315457291055920 0.0161992574536081 0.0047950444673540 0.0441270448359886 0.0114070143033427 0.0080921060874726 0.0032042765145268 0.0066270101493283 0.0068675374520463 0.0132307385279601 0.0090148718119339 0.0168922346551078 0.0223742919481412 0.3976310006248049
40 0.00912564877659271 0.0547162025593750 0.0185947436053125 0.0217069308668750 0.0389808416512500 0.0163998065909375 0.0330013076968750 0.0564406078562499 0.0235333749928126 0.1151091322937500 0.0427643306937500 0.0188617282993750 0.0421440003575000 0.0178127048462500 0.0693678397881250 0.2603912562500001 0.0612165996218750 0.0454692672468750 0.0309994424062500 0.0099904498350000 0.0224994306787500
41 0.009057206410768265 0.0594111519426952 0.0036343951095403 0.1244207429124684 0.4136795670654905 0.0047077963154911 0.0228321680085013 0.0169150679112091 0.0105620163324937 0.0566033750022040 0.0170080869467884 0.0086318701152393 0.0308447532210327 0.0101020420311713 0.0943139134099497 0.0295920735469144 0.0381574982965996 0.0293475456580604 0.0208840015355794 0.0017812557170340 0.0065706849395465
42 0.00891746991387669 0.0188096658810362 0.0043059573754398 0.0075071947179405 0.0190299146002559 0.0034360788557723 0.0109097326536618 0.0165430776597378 0.0092146178487367 0.4222989331627752 0.0153521125759515 0.0101746933853534 0.0256917450620403 0.0058066165558044 0.0442801663409018 0.3195929264470747 0.0272351789446755 0.0221425329772945 0.0108980957691077 0.0021891139579149 0.0045816554838503
43 0.008891804026692523 0.3241880586914690 0.0451865020776139 0.0076889901709430 0.0129181436164207 0.0183510909839640 0.0526529594323284 0.0077648854159718 0.0553558805580500 0.0111242241414368 0.0513962021167416 0.0269073444259140 0.0124085590612572 0.0145487976254009 0.0120649531725465 0.0111307247498397 0.1017806409044258 0.0893613643232842 0.1318474757985887 0.0033659523098140 0.0099572468473380
44 0.008820509895625392 0.0594121760847074 0.0114831962870999 0.0341910427888781 0.0874611039476237 0.0159002819741351 0.0267617943714840 0.0572156589133527 0.0264825934296800 0.0755434579589395 0.0599980584028452 0.0324873833320401 0.0465561795965082 0.0171252320242483 0.2035257221144519 0.0741727860168122 0.0609906329000970 0.0492347059424507 0.0355225672356935 0.0057718252984158 0.0201636084397026
45 0.008766326356014372 0.0333123436044242 0.0020888875218608 0.2847212225113863 0.4428528002602475 0.0025518756206896 0.0200386114606376 0.0104202288197788 0.0050528485764476 0.0260479713175016 0.0086618303080676 0.0042578147940794 0.0313287739264802 0.0074935072052700 0.0462555466460638 0.0125003542595965 0.0287627936759922 0.0175605230351334 0.0113494286340275 0.0007381884418673 0.0040044641997398
46 0.008752067529800947 0.0573126309188662 0.0301058666643858 0.0206264114519387 0.0252142033681981 0.1264494567383512 0.0244867096969697 0.0664113347311828 0.0383641423101988 0.0290430463952428 0.0712178033007494 0.0271550869110459 0.0406421317686543 0.0139377037311828 0.0344378047996090 0.0380570168240469 0.0664948485663082 0.0444030487259694 0.0479791822776148 0.0271909594506354 0.1704706168458781
47 0.008746363999315577 0.0440448339484839 0.0061670998663189 0.3638633143136605 0.1471592030942290 0.0063894138236062 0.0428900364936420 0.0261798709638083 0.0088042211421586 0.0362618301728073 0.0133092805559176 0.0067517125021193 0.1010823033713728 0.0135103366547115 0.0377376534268014 0.0226554651483534 0.0636711294815781 0.0333318771698728 0.0146311991144440 0.0018948184814151 0.0096643956746006
48 0.008655107511549649 0.0406524060032948 0.0146558931930807 0.0024236488786821 0.0040029625598024 0.1720682155189454 0.0112987118286656 0.0075011171983525 0.1533744421614497 0.0048256101018122 0.2817110764415159 0.0625152632553541 0.0051644508866557 0.0059900647212521 0.0068051919874794 0.0065643788062602 0.0195966182662273 0.0254179545963757 0.1221914203459637 0.0135355594820428 0.0397050197591433
49 0.008629441624365483 0.4853731962987447 0.0386593524719101 0.0072341672997357 0.0123270448350958 0.0090485109649702 0.0494633776467284 0.0056199423565763 0.0281524884831461 0.0094043834983476 0.0260670545373430 0.0129688302131527 0.0102581728833443 0.0127813057118308 0.0090657706642432 0.0088472448076668 0.1026002789458031 0.0746630480964970 0.0897352819365499 0.0019870952227363 0.0057434550340383
50 0.008560999258541037 0.0467701366389073 0.0178428581915390 0.0344677335829447 0.0393501773717522 0.0361320258937375 0.0262151537408394 0.2010500053964026 0.0222490551382414 0.0516900626482345 0.0468818583011325 0.0190558587641572 0.0686603002698202 0.0169367476992005 0.0871627526915388 0.0776678918554297 0.0639926700932712 0.0389434321319121 0.0286510171185878 0.0099440626479014 0.0663362015356429
51 0.008549592197570295 0.0409526929843281 0.0229454492144048 0.0063220763427809 0.0085384326492164 0.2406612818606196 0.0140795870330109 0.0213132001687229 0.0853818207402467 0.0110335172514171 0.1662393266788929 0.0515073465121707 0.0124919352374125 0.0087479992110703 0.0131413058706235 0.0138468977939313 0.0315706799699901 0.0292776105535179 0.0827577317772591 0.0278450820720240 0.1113460145315107
52 0.0085296298408715 0.0898914874991642 0.0199185742811769 0.0223326210966232 0.0177845754653962 0.0094357589669007 0.0339521544092276 0.0126413462464059 0.0205858453848211 0.0232735918615848 0.0203026509695755 0.0140659316743564 0.0569176831614845 0.0171017709595453 0.0195247350982949 0.0197070144436643 0.2851166068204612 0.2752106807087929 0.0314603115814109 0.0025275126011367 0.0082491527101303
53 0.008509667484172702 0.0598439908579088 0.0159656342057641 0.0073312864777480 0.0142122945254691 0.0339119642701073 0.0118713466715818 0.0094069623243967 0.2636941464477209 0.0187085111467829 0.1036453052379357 0.0548808040743968 0.0152420129752011 0.0115537577754692 0.0161138166072386 0.0171534692784853 0.0370985170274799 0.0790581750033512 0.2087679125670240 0.0043676000948391 0.0171724985894773
54 0.008506815718930017 0.0744490824840764 0.0094822598162923 0.0309498623808247 0.0192933557291317 0.0047721683442843 0.6581781481729813 0.0081439451582300 0.0056266766590680 0.0167968736986256 0.0086837613077438 0.0045751170060342 0.0336274784488770 0.0064585849869259 0.0114536103127723 0.0167761470160911 0.0584595311867248 0.0155130466329199 0.0105542949259138 0.0020351905276567 0.0041708723586993
55 0.008449780414076314 0.6145253233209571 0.0203275963344583 0.0036126622170098 0.0054696741495106 0.0038502263607829 0.0594227942159973 0.0029029459773878 0.0096087185747553 0.0044536949382382 0.0094978243246708 0.0059020070381370 0.0058626827502531 0.0078656079895376 0.0049122043665205 0.0045915176054674 0.1603340944650691 0.0392593344313196 0.0337156954978063 0.0010185055809652 0.0028668824859939
56 0.008190269776991959 0.0256865657172703 0.0187185574066852 0.0066561180407382 0.0077818802068246 0.3135819728412260 0.0092404617743733 0.0360543724063370 0.0407167615215877 0.0100978900177576 0.0981795170369081 0.0264007939066852 0.0147380161796657 0.0066415369498607 0.0118889846532033 0.0126580370080084 0.0270658651671308 0.0187182886942897 0.0387069418871866 0.0341396823690808 0.2423277653203343
57 0.007922203844179547 0.1272244417494600 0.0388032029978402 0.0194225319316055 0.0146509613290137 0.0103070845835133 0.0635404968682505 0.0119289452681785 0.0120149464434845 0.0156710280737941 0.0165619764326855 0.0092210764532037 0.0444032136256300 0.0188103535403168 0.0153007049064075 0.0161819216274299 0.4351731871850253 0.0981215989920806 0.0206535702735781 0.0026557868614111 0.0093529910007200
58 0.007902241487480751 0.0197592909022013 0.0063377046091664 0.0073770481295560 0.0178716274366655 0.0045459770310358 0.0127684419238542 0.0218949736741249 0.0102914909216887 0.3025850959942261 0.0191071807408880 0.0103125786059184 0.0245107978058462 0.0066380909628293 0.0475996012197762 0.4176715009022019 0.0281380703861421 0.0213783820858896 0.0119777611858534 0.0028050276988091 0.0064293663522194
59 0.007890834426510009 0.0513629961149259 0.0153286262175642 0.0799176982656306 0.0396230201662450 0.0132601756841344 0.0533256200325262 0.0424765635323455 0.0186905613830864 0.0518509216367908 0.0249537834224792 0.0138431506526925 0.2765014058547161 0.0122973227567763 0.0401230465666787 0.0385916373823636 0.1180839843115287 0.0634136457715938 0.0233851274737984 0.0036235687069028 0.0193471613259848
60 0.007731135572919637 0.0359483897381040 0.0123208187296201 0.0135780261925489 0.0281521764087052 0.0092271123537441 0.0205220822279602 0.0420978598550350 0.0163275811881223 0.1568606772998891 0.0320520833419401 0.0147667988882331 0.0312444069620067 0.0110114259446699 0.0681645633087421 0.3949912873478414 0.0424918445702693 0.0316411170379933 0.0195259863555884 0.0065070553412025 0.0125687094356326
61 0.007676952033308618 0.0354445750000000 0.0059434296240713 0.0157092811790490 0.0418906799591382 0.0052070447020801 0.0168679473480685 0.0197262870887816 0.0153807296433878 0.4069644725111448 0.0233799896656759 0.0147717447975483 0.0406257282726597 0.0096048389754829 0.0657671093647845 0.1813063192013376 0.0399394896433878 0.0339865460958395 0.0183371907537148 0.0026559043495171 0.0064906849947994
62 0.0076569896766098215 0.4890211385474862 0.0249183405411546 0.0044044917616387 0.0060259605448790 0.0049570889154562 0.0653805598175047 0.0033935674689013 0.0083985836823090 0.0052810859590316 0.0096279626063314 0.0061445813586592 0.0086725547906890 0.0080271912458100 0.0061442232741154 0.0052244678204841 0.2656100916201118 0.0492411330689013 0.0250202134785846 0.0010383318303166 0.0034684275128492
63 0.007631323789425655 0.0511795646786247 0.0096159069106876 0.0949611304869207 0.0653865351319133 0.0085758962335575 0.2781514032137521 0.0303067283501495 0.0094202034861735 0.0658367257062780 0.0170249873654711 0.0090570261573243 0.1148024566554560 0.0129003310455904 0.0418897378213752 0.0545286374028401 0.0780309850298954 0.0290602745448430 0.0144712516700299 0.0041875452006726 0.0106126836173393
64 0.007611361432726858 0.0480043243836643 0.0105365641345073 0.0727480110453354 0.0629260324615961 0.0112991964334957 0.0532402168340202 0.0564141516597977 0.0151780946133382 0.1156065082690146 0.0246588325515174 0.0125559744027726 0.1562602967403521 0.0132503107774447 0.0685910161333833 0.0885157324728362 0.0965522672274260 0.0511951503934058 0.0195897628636193 0.0042837724993631 0.0185937628119146
65 0.007608509667484172 0.0108959189692654 0.0099682077091455 0.0032555729422789 0.0041285340794602 0.2687985033733136 0.0041856157601198 0.0382440504801349 0.0119940399111696 0.0046026566697901 0.0295025677848577 0.0079248597698650 0.0093011243605697 0.0028666985352324 0.0059340681379310 0.0068001759501498 0.0122050272256372 0.0082377617095202 0.0136815182844827 0.0200835258077211 0.5273895745877057
66 0.007605657902241487 0.0494170282827147 0.0130022228781402 0.0155246085418073 0.0390780605691788 0.0273209569220098 0.0155837583097113 0.0320977406737908 0.0660883487926509 0.1203501439107612 0.1308436092725909 0.0531475972478440 0.0292939398875141 0.0110955121439820 0.0704201910686164 0.1372199038995126 0.0412154704049493 0.0481873781139857 0.0645523323997000 0.0102881297755531 0.0252730621867266
67 0.007557177893115839 0.1041634058226415 0.0268885261547170 0.0035103804992453 0.0072899373909434 0.0144247865592453 0.0085712572275472 0.0038319460660378 0.1499537281509434 0.0065757990384906 0.0673186466905661 0.0251976699962264 0.0063061157241509 0.0078775487154717 0.0064975062396226 0.0060965350690566 0.0245314198075471 0.0618017283735849 0.4614991199999996 0.0018622615487170 0.0058016578188680
68 0.007454514344379171 0.1271185422915073 0.0219947317429227 0.0428433386346595 0.0400543785921959 0.0145873774246365 0.1975317559296099 0.0207841306698546 0.0172064063003061 0.0340527760501148 0.0262937050114767 0.0141796985615914 0.0595089413159908 0.0220735202624331 0.0316434065608263 0.0354603252058149 0.1825598503825555 0.0631631185233359 0.0300165774292273 0.0058950534598317 0.0130323740325172
69 0.00738892374379741 0.0213506931404322 0.0101849881500772 0.0024824537825618 0.0040492933449074 0.1638848743055555 0.0060266185547839 0.0075927312685186 0.0817429787345679 0.0050109239128086 0.4694410466820989 0.0816483505516976 0.0047261980077160 0.0047689539266975 0.0080781448769290 0.0066286382808642 0.0129645465663580 0.0151808286651234 0.0558199339467593 0.0085193895860340 0.0298984057893519
70 0.007346147265157132 0.0322996465139750 0.0027558276141305 0.3936542302018623 0.3038720244565212 0.0032697636576087 0.0239473048544254 0.0136320817410714 0.0055789762624222 0.0252055668400621 0.0088421342515529 0.0046730781789597 0.0489213942558230 0.0097219665516305 0.0372251497554348 0.0133915310112578 0.0365152642973602 0.0199146868128882 0.0105733453916926 0.0010749318101708 0.0049310904076087
71 0.007200707237780186 0.0152897752487128 0.0050715210084356 0.0015851464987327 0.0026786763270098 0.0251005314300990 0.0026052576407921 0.0023971601927525 0.4558975893069304 0.0035782160994058 0.2040236174178218 0.0552472345148515 0.0031282787457425 0.0028594581607129 0.0036843519013862 0.0035908723385743 0.0063758419853464 0.0167174417235644 0.1821486835801981 0.0017149154028515 0.0063054325900990
72 0.007169337820110648 0.0256871432378678 0.0188476114510740 0.0096615304844870 0.0111164197012729 0.1840777396778047 0.0105990835047733 0.0762455806678600 0.0243425964200477 0.0130349364347653 0.0523352907716785 0.0157208203739061 0.0222794531901353 0.0071032807275258 0.0168447349498806 0.0183500070779634 0.0297419208512330 0.0199141701352427 0.0276293167820207 0.0351504855894988 0.3813178762927599
73 0.006781497747105458 0.0565289951682085 0.0098162876888142 0.0613030710088310 0.0401751343776282 0.0076434837733389 0.4831309852817502 0.0179646167346510 0.0086795465306979 0.0377581299070648 0.0136006550841043 0.0073788679028595 0.0716625424432295 0.0107642657653490 0.0246069734566863 0.0335395521068124 0.0681578662531539 0.0231291618923466 0.0135421936690497 0.0033957641871320 0.0072218999457527
74 0.00648206239662351 0.0115986757350353 0.0092353546368838 0.0029132433477113 0.0034860649524648 0.5042256571302817 0.0044914717460387 0.0187308532992958 0.0199102935132042 0.0040785453239438 0.0577932553257041 0.0144362975286092 0.0062206622473591 0.0027347963763204 0.0048609095101233 0.0055641663899649 0.0122466076364436 0.0085317631179578 0.0198721816597712 0.0217123065708627 0.2673568912852110
75 0.006393657674100268 0.0212157219839502 0.0125360601257245 0.0034284104886314 0.0040065516540349 0.4566626803388317 0.0072906356611681 0.0112903815189478 0.0533504037137762 0.0053344834676772 0.1673120075523852 0.0365374807445385 0.0067775586932680 0.0043961995171645 0.0060437243410611 0.0069689864699064 0.0173253434730272 0.0158454270619706 0.0460836856798931 0.0206486449554169 0.0969456098983505
76 0.006362288256430731 0.0206775339865471 0.0131558541349776 0.0025931886426009 0.0034191606295963 0.3127254569506726 0.0060027580860986 0.0075597588013453 0.0704862795964125 0.0044512114968610 0.3304634690582953 0.0636044591838565 0.0051642152147982 0.0042937703627803 0.0063141172865471 0.0057389141735427 0.0137925280986547 0.0145908723991032 0.0508894464439462 0.0135964633484305 0.0504805416201794
77 0.0062225517595391544 0.2014244901466544 0.0291099905206233 0.0039006403194317 0.0069339392789183 0.0564092262905591 0.0681917311182401 0.0051079197566453 0.0926484187946838 0.0066186572544913 0.1713234268102659 0.0479618920256645 0.0072284364798350 0.0101423939399633 0.0083949817502292 0.0078269469219524 0.0585210583088909 0.0568432740742438 0.1411862129101741 0.0080181600274519 0.0122082148478460
78 0.006179775280898876 0.0222445966312875 0.0083503359067836 0.0030081869395478 0.0058557994697739 0.0463430947651131 0.0052243139238578 0.0057270190152284 0.0859184604060914 0.0080509040055376 0.4324215011536695 0.2399484776188280 0.0058521867485002 0.0038919532168897 0.0143314007521920 0.0092736132584217 0.0136092310198429 0.0198009720627595 0.0535261706552838 0.0042634752625750 0.0123583121269036
79 0.006176923515656191 0.0258617323730379 0.0039605645378578 0.5552586057248396 0.1292438815050785 0.0034882673453371 0.0263505413850416 0.0181598900166205 0.0054056703744230 0.0184201487502307 0.0077118957562327 0.0041150648457987 0.0862311962973223 0.0081198940641736 0.0218574825669437 0.0118345412622346 0.0389881711080332 0.0191836488873500 0.0090849903074792 0.0011320377456141 0.0055917844289013
80 0.006114184680317116 0.3050792178171642 0.0289881947402052 0.0120519710317164 0.0152016557793842 0.0154613008470149 0.2225417181436571 0.0076538807439366 0.0212630457182835 0.0121267352868470 0.0289019363339554 0.0152701634188433 0.0187601185890858 0.0163360265424441 0.0134616009748134 0.0130191832145523 0.1484217732276121 0.0501776934421642 0.0434598264645523 0.0038503084692164 0.0079736720746269
81 0.006105629384589061 0.3291884880896776 0.0274623808752919 0.0071088389472209 0.0077839583096684 0.0058042921961700 0.0536646145492760 0.0050422828033629 0.0075033303778608 0.0064724897711351 0.0098444646688464 0.0063828689892574 0.0144883748944419 0.0104779197230266 0.0083840239378795 0.0067498753288183 0.4110197024754784 0.0569791787669313 0.0200518167276972 0.0013450577003737 0.0042460301303130
82 0.006085667027890264 0.0539099911480787 0.0035646013434864 0.0060381393350515 0.0079252144536083 0.0041520909259608 0.0095071214690722 0.0063824410660731 0.0076608463008435 0.0082196783706654 0.0132608760103095 0.0041123065520149 0.0058931999882849 0.7816286190253035 0.0088751045984067 0.0079704966522961 0.0353895411059044 0.0176615955084348 0.0133122337038427 0.0012049298647610 0.0033309848003749
83 0.006000114070609707 0.2778876145437263 0.0414966598992396 0.0041501225176330 0.0070897998883080 0.0138020013317490 0.0251264505998099 0.0044648653507604 0.0876525926188213 0.0063370242808935 0.0522145671720533 0.0217571756653992 0.0070588818545627 0.0099090626316540 0.0063276907818441 0.0068405816615969 0.0521742175903042 0.0710100993536122 0.2967441297528514 0.0018831629443916 0.0060733034149240
84 0.005871784634688872 0.1430694057746478 0.0220419448028169 0.0242212887955318 0.0237459009101506 0.0129585525060709 0.3601540199125791 0.0121443532209811 0.0153185766969401 0.0203132041913550 0.0229386869062653 0.0116241006002914 0.0342883648037882 0.0172370868630403 0.0180058615964060 0.0233165959689169 0.1519080946721709 0.0454480183632832 0.0273409560320544 0.0049982416342885 0.0089267464482758
85 0.005811897564592483 0.0774097546810599 0.0231213267379784 0.0156715697772326 0.0193841173263003 0.0116571003626104 0.0186160841153091 0.0116604354842983 0.0421873872031403 0.0245825808532875 0.0335954373503435 0.0239404427389598 0.0400742866575074 0.0142165667124632 0.0186091803434740 0.0211260969131501 0.1248654707507360 0.4030711319921488 0.0645459309813543 0.0025891803297350 0.0090759140201178
86 0.005606570467119147 0.0806881555747711 0.0241351545015259 0.0076937161205494 0.0143465871291964 0.0160921018530011 0.0139829808545269 0.0087068706185147 0.1231562239420142 0.0172983978916581 0.0618497082604272 0.0362982689776195 0.0205911161174975 0.0110387227777213 0.0155889516754833 0.0155984952644965 0.0700530008545270 0.2444445681586980 0.2063406663784334 0.0027283572695829 0.0093679501531027
87 0.005452575144014145 0.0466100535512552 0.0115713458587866 0.0109562121349373 0.0078961137243723 0.0050578458802302 0.0158838553655859 0.0058368737599372 0.0111680942322175 0.0106834805690376 0.0111826494001046 0.0078268765936192 0.0296125390502092 0.0073830473509414 0.0080428351495816 0.0092238667693515 0.3034126637029294 0.4750729414225948 0.0171688927667366 0.0013151244827406 0.0040946930873431
88 0.005418353961101922 0.0326709621842104 0.0022115233589474 0.1391761198526317 0.5939409105263155 0.0030039985552631 0.0154554147263157 0.0091504191994737 0.0062845418584212 0.0296114951947369 0.0094655427036842 0.0051933222868421 0.0181273829868421 0.0056862334631580 0.0627586838736842 0.0138648773636842 0.0212696844052632 0.0154423464526316 0.0121091556757895 0.0010572898748947 0.0035200790094737
89 0.005384132778189699 0.0559171946345340 0.0193718059110169 0.0527599557838983 0.0216462689141950 0.0087720077966102 0.0542281015572034 0.0285519581991525 0.0130649773516948 0.0276644910805084 0.0153567132309324 0.0089950009375000 0.2192248995233051 0.0125220679465042 0.0253255244809322 0.0232413873029661 0.2811624094279664 0.1023101371822034 0.0168001829608050 0.0023886448130297 0.0106962786536017
90 0.005352763360520162 0.2530064480554077 0.0357139914784230 0.0079785220399573 0.0103231136680874 0.0120393424922749 0.0315465769525839 0.0062822217293553 0.0340795444912095 0.0108541673830581 0.0296849004741610 0.0203035318433671 0.0182607002551944 0.0141625471294619 0.0109075733217901 0.0102123436595631 0.1510578666542354 0.2526090783164630 0.0823335842035162 0.0020800179595098 0.0065639346744805
91 0.00532994923857868 0.2561632808988765 0.0069418073060460 0.0575330711610487 0.1286979023220973 0.0074451035623328 0.0385181877399679 0.0202164263344034 0.0138295471177099 0.0851769636276084 0.0276472595773141 0.0131065094269663 0.0338586504708400 0.0161198377110754 0.0690545002354201 0.0610623011717496 0.0777686958212948 0.0446939796040663 0.0294755772926699 0.0027859288601926 0.0099044652354200
92 0.005261506872754235 0.0085162283186993 0.0031947376872629 0.0011620046888889 0.0018063302428184 0.0115321056959350 0.0015104791571816 0.0015900812504065 0.6344747756097557 0.0026476622059620 0.0816319295555555 0.0284185101501355 0.0023372497186991 0.0013883973781030 0.0022869827658537 0.0024491121560976 0.0041454675295392 0.0120752602715447 0.1948945535013549 0.0008237215522493 0.0031143926395664
93 0.0051417327325614555 0.2059328733222409 0.0133128080770937 0.0095305337787021 0.0090730348685525 0.0061651949678314 0.5563615335551844 0.0050379979190239 0.0075142685202440 0.0074872217176927 0.0106896737326680 0.0058554300293955 0.0123765201891292 0.0073808155196894 0.0067698794731003 0.0087839815712702 0.0853818797781475 0.0209433404658902 0.0153766660942873 0.0019266736938436 0.0040996595135885
94 0.00513888096731877 0.7391893412874586 0.0140129729766926 0.0020915561453939 0.0033020911753607 0.0022525355205327 0.0560009180554939 0.0015969232219756 0.0065973122236404 0.0025538364234184 0.0067007529306326 0.0038329077724750 0.0032088665321865 0.0042854423290788 0.0029489361076581 0.0028890196392897 0.0930459223584906 0.0244524064361820 0.0286267151137624 0.0006907737848502 0.0017207815366260
95 0.005081845662465066 0.5093977474747478 0.0199124039736251 0.0044556521105499 0.0060553297196409 0.0065603634203143 0.2184855342312009 0.0031929990594837 0.0101261892081931 0.0046810389023569 0.0125034655286195 0.0082035098860830 0.0068478148552189 0.0078356115286195 0.0052286307631874 0.0048610678569023 0.1103552545230078 0.0293084213243547 0.0268944865656566 0.0015882222798541 0.0035062598063973
96 0.005041920949067473 0.0586341804015837 0.0149932678585973 0.0156650590967195 0.0097443411838235 0.0059384741657240 0.0240738876923076 0.0071960717884615 0.0100200820096154 0.0115089854926471 0.0113248106561084 0.0074395085967195 0.0366971929954751 0.0118817219468325 0.0099633560593891 0.0112815146481901 0.4658585005656105 0.2663495678733032 0.0145036625395927 0.0016313034406109 0.0052944760299774
97 0.004953516226544231 0.0291715569487622 0.0085148477207830 0.0030078878025331 0.0058702106067932 0.0341691104427173 0.0061614837311457 0.0052618338198042 0.2419083758779504 0.0092972398911917 0.2176341239838800 0.2155936092112837 0.0063016096914220 0.0041627285377087 0.0114701176321244 0.0088161999291883 0.0160926133736328 0.0332434960276338 0.1303825505584341 0.0035012923125504 0.0094391037979275
98 0.00481663149489534 0.0407766865008881 0.0098974294209591 0.0015663009129662 0.0026160287146240 0.0068048201497928 0.0026409491497928 0.0016564813299585 0.1769454809117820 0.0026032175222025 0.0404740937027826 0.0121588888460627 0.0023572466820605 0.0022779991349911 0.0023845024274719 0.0024953606471285 0.0074769119816460 0.0237663770130255 0.6579785346358797 0.0007938341484310 0.0023288618111308
99 0.004788113842468488 0.0211095039487791 0.0096109153180465 0.0074098094955331 0.0141595003132817 0.0057839588391901 0.0131686470184634 0.0276659890083383 0.0105111322662302 0.1509596976354972 0.0192093716914831 0.0088081343031567 0.0180341152948183 0.0064085758088148 0.0404506035914235 0.5802581816557484 0.0242906331625968 0.0175881901310304 0.0122584602054795 0.0043620574865992 0.0079525064961287
100 0.004628414988878116 0.1270536205791744 0.2500133179297599 0.0125224898182379 0.0123682256894640 0.0304024197067160 0.0360813815958102 0.0164898752470733 0.0347341215650031 0.0153689485526802 0.0478972665927295 0.0220213984719655 0.0294786394762785 0.0120747827603204 0.0162046290449784 0.0203089175945779 0.1471523214294515 0.0713503193900185 0.0667591991373999 0.0089287112532347 0.0227894245489834
101 0.004471567900530428 0.0088823799891583 0.0068915211670918 0.0018888064343112 0.0024430389049745 0.6841828749999996 0.0029641360427295 0.0078152947767857 0.0206003696205358 0.0028876498246174 0.0695763471734694 0.0152557650344388 0.0036019301530612 0.0021962757806122 0.0030466183367346 0.0031880193616071 0.0085147534713010 0.0060179589113520 0.0178087029362244 0.0128495803646684 0.1193879652359694
102 0.004465864370045058 0.0275004696104726 0.0074467626104726 0.2735929316730520 0.0546326035881226 0.0064971314891442 0.0505691014840358 0.0307005873077905 0.0090509461398467 0.0326268746411239 0.0109885529246488 0.0054421827401022 0.2958417139208172 0.0089747957579821 0.0228969689533844 0.0210674269891443 0.0842925193550447 0.0345401019157088 0.0107657920561941 0.0017465188116220 0.0108259765089400
103 0.004357497290823019 0.0286708914790576 0.0103420953520942 0.0761186788959424 0.0219442394083770 0.0085271709502618 0.0317836349018325 0.0455468470235602 0.0114713997316755 0.0337861751969895 0.0145677360608640 0.0082796408141362 0.4770146308900520 0.0076643773448953 0.0244486810732984 0.0236835681825917 0.1020286784554974 0.0436701508704188 0.0138914623625656 0.0021069487598168 0.0144529949469895
104 0.004323276107910797 0.0358561377704487 0.0079560845804749 0.0215948599063324 0.0922700602374670 0.0100096375112137 0.0174653163852242 0.0858820061721636 0.0149726563905014 0.0559176960184697 0.0441737135224276 0.0232222379848285 0.0316525116754617 0.0131726076345646 0.3833305290237461 0.0579081665468338 0.0378047871635884 0.0288952887928760 0.0198162570052770 0.0039966354386543 0.0141028201273087
105 0.004223464324416814 0.0693936267994598 0.0197743862579338 0.0103257495523295 0.0188337503646185 0.0392160811951384 0.0210926554679271 0.0159875994780554 0.0738328980621202 0.0294171063544902 0.1543204853814990 0.2251394827819043 0.0232898707582714 0.0102738609432816 0.0440379283180284 0.0261973714807562 0.0513718259149223 0.0684319864078326 0.0718208692099933 0.0080904565759622 0.0191520024773802
106 0.0040580619403410715 0.3594581686577654 0.0181083176170063 0.0060922010484891 0.0066353731321153 0.0063828863021785 0.3967179732958542 0.0038952276437105 0.0088783927526352 0.0057036644694308 0.0121762300583277 0.0063939737540408 0.0086509261911454 0.0068511007097681 0.0058142234905130 0.0062932640456782 0.0929657491075193 0.0223399707308503 0.0209684617217147 0.0016267297456079 0.0040471678081518
107 0.004035247818399589 0.2624131031802118 0.0127556949293286 0.0155774235851590 0.0236123358749117 0.0093090983088339 0.0418925046713781 0.0115744584155477 0.0201435955194345 0.0190686253413428 0.0273816097879859 0.0113640355858657 0.0167156208537102 0.2598852565371024 0.0207905306925795 0.0171342033540636 0.1145352034558304 0.0571343495265018 0.0475783511236749 0.0030857178388693 0.0080482757243816
108 0.003961101922089773 0.0082117018898487 0.0095555472066235 0.0029662485349172 0.0034075597919367 0.1538026281497480 0.0032724355097193 0.0416875955809935 0.0075568339272857 0.0035797486544277 0.0179274691778259 0.0051250535457163 0.0077887195025198 0.0022954140871130 0.0048008215824334 0.0055076812008640 0.0091720405557956 0.0060838122663787 0.0081611434823614 0.0165410965464363 0.6825564478041756
109 0.0038841042605372725 0.0116485649162995 0.0020681524698972 0.7720767643171796 0.0530399690822320 0.0020948187533040 0.0128167978157121 0.0095737853149780 0.0027291234170338 0.0073418969339207 0.0037826116681350 0.0021006843986784 0.0655501681938326 0.0037069616776799 0.0082683515095448 0.0057070893274596 0.0199661454052863 0.0091899805998532 0.0043154288759178 0.0005496585231278 0.0034730321740088
110 0.0038441795471396796 0.0205588497551928 0.0052267886528190 0.4815554933234422 0.0549714274703264 0.0044097428189911 0.0274761250474778 0.0232378443746291 0.0060413780215134 0.0195140945370920 0.0077275136142433 0.0039410265823442 0.2183303095697330 0.0063209879933235 0.0168588628879822 0.0132347489458457 0.0527773114614243 0.0212836553931751 0.0083869439421364 0.0011230781083086 0.0070237971654302
111 0.003761478355101808 0.0996099032373010 0.0248539362714177 0.0091719066641395 0.0062943542827900 0.0052320977983320 0.0327538149272176 0.0051615039332828 0.0054943979954511 0.0067806743411676 0.0090750902319938 0.0043380782092494 0.0225029014821835 0.0088011506861259 0.0062217146565580 0.0068030771842305 0.6534425792266866 0.0785260000000000 0.0092386009772557 0.0014041201122062 0.0042941000204700
112 0.0035704100838418983 0.0150498789137379 0.0026290675926518 0.0065725334041533 0.0195321004712460 0.0026371091940895 0.0083907596429713 0.0093801408242812 0.0083273999225240 0.6122300782747609 0.0116271206445686 0.0096441865607028 0.0233878713442492 0.0045919379305112 0.0320785817172524 0.1835125067012778 0.0188169196006389 0.0183114304712459 0.0085971186821087 0.0013397366036741 0.0033435099241214
113 0.003550447727143102 0.0296191707469879 0.0122610586489960 0.0245983936819277 0.0211724547309237 0.0299999309156627 0.0151304921686747 0.4272024048192771 0.0139817784337350 0.0255253755903615 0.0300951584819276 0.0114195346674699 0.0753064911726908 0.0114341668939759 0.0703193090040160 0.0416778884915663 0.0392417448674698 0.0239980279437751 0.0169883126586346 0.0060169098819277 0.0740113849879518
114 0.003479153596075971 0.0439528418442623 0.0224036427959016 0.0117896800663934 0.0157953772491803 0.1188329555000001 0.0270931751557377 0.0269079250262295 0.0360380317622950 0.0214976886344262 0.0802713458852459 0.0287761013360656 0.0186954059983606 0.0129175501098361 0.0213400260639344 0.0343447104680328 0.0427997758852459 0.0305869181639344 0.0404090128524590 0.2651345450819672 0.1004132496229507
115 0.0033194547424855985 0.0279044463745704 0.0188116047938144 0.0163598497422680 0.0163887331675258 0.0973652295790378 0.0126897281486254 0.2319268045532645 0.0160559548625430 0.0221163828092784 0.0366679864776632 0.0125133580412371 0.0473061885738832 0.0074328999192440 0.0368630157130584 0.0355414320300687 0.0352776383161513 0.0216451687628866 0.0206326165635739 0.0154476080249141 0.2710533505154642
116 0.002928762904237723 0.0339113804186953 0.0096012944186952 0.0069749276601753 0.0054669721372931 0.0040862284362221 0.0079058314206427 0.0044392648364167 0.0149124392444011 0.0075007634839338 0.0117304426037000 0.0086314010068160 0.0191339034800390 0.0052106497740993 0.0057927317789679 0.0073894123086661 0.1412841801071081 0.6795014333008760 0.0222820996942551 0.0010492391567673 0.0031953961421616
117 0.0026122169622996637 0.0348428120742358 0.0129892193744541 0.0427801301419214 0.0248817404366812 0.0248302336681223 0.0249816176779476 0.2171843820960700 0.0142814030676857 0.0356719421943231 0.0232802909497817 0.0109559929585153 0.2552514355895197 0.0102912282478166 0.0476930219759825 0.0391533862663755 0.0697085619978166 0.0352028870087336 0.0169928766157205 0.0048199743580786 0.0542068592685589
118 0.0025323675355044773 0.0228667172522523 0.0183497337623874 0.0066678956779279 0.0088680338040540 0.0996455576126127 0.0141959714414415 0.0154940898885135 0.0190348262274775 0.0117263999819819 0.0460826737162162 0.0129583248198198 0.0110692628265766 0.0077095633975225 0.0113687047916667 0.0204664188738739 0.0268942226463964 0.0165720903040541 0.0198810964076577 0.5260564819819815 0.0840919255743243
119 0.002004790965607711 0.0093221371977240 0.0103525665490754 0.0033499140341394 0.0045436438634424 0.0342238961906117 0.0074713909502134 0.0058834553029872 0.0072133335433855 0.0050670431308676 0.0208938705732574 0.0063210938506401 0.0048246316130868 0.0035986359587482 0.0060893243541963 0.0096455857709815 0.0131955143243243 0.0085306497724040 0.0087335194082503 0.8038876401137990 0.0268521593029872
120 0.0019990874351223406 0.0093014905164051 0.0048037285192582 0.0028818374764622 0.0055813943666191 0.0034332017931526 0.0053939991169757 0.0122305081241084 0.0046027444379458 0.0557354342753210 0.0094896589400855 0.0036574021398003 0.0066541564864479 0.0025646317146933 0.0154382585506419 0.8292275677603417 0.0103659744550642 0.0077732032952924 0.0056478397118402 0.0019535747323823 0.0032633891126962
121 0.0019449038955113216 0.0256316350146629 0.0076680763489736 0.0037211441129032 0.0060661919926686 0.0342380394750733 0.0068816634692082 0.0061921857052786 0.0787575614897361 0.0086838689090909 0.2083243600146627 0.4793917888563046 0.0071773249046921 0.0039759855806452 0.0150854436114370 0.0086416674134897 0.0154946708211144 0.0251677801173021 0.0444699557624633 0.0038442194838710 0.0105864489384164
122 0.0017737979809502081 0.0119656899581993 0.8818333890675231 0.0032344752942122 0.0036135109598072 0.0052438135482315 0.0063036170064310 0.0042841805048232 0.0061574848569131 0.0041003243697749 0.0081044670787781 0.0032816018842444 0.0045878099758843 0.0032973499437299 0.0037615103424437 0.0060495909212219 0.0182946668327973 0.0091843676961415 0.0083133243392280 0.0026319506205788 0.0057568737411576
123 0.0016226544230878914 0.0684463966080844 0.4980833831282956 0.0138221676274165 0.0100162144991213 0.0256454676977153 0.0281634720035149 0.0115387746045694 0.0201831690509666 0.0108504093848857 0.0302930940949033 0.0133407649384886 0.0182620392267136 0.0078562807152900 0.0104419646397188 0.0181141288049209 0.1045332378910369 0.0428435086467487 0.0395810644991212 0.0076820304956063 0.0203024210210896
124 0.0013146637768778873 0.0149527062472885 0.0072788469544469 0.0318932530130152 0.0072099617201736 0.0034780422255965 0.0136745937093276 0.0210723940737527 0.0057088585119306 0.0091747637895879 0.0071664080694142 0.0041706965444686 0.7811282559652922 0.0033761226594360 0.0086907433167028 0.0086453101648590 0.0401357978741866 0.0178596707375271 0.0071572063340564 0.0009253476724512 0.0063009996160520
125 0.0012148519933839047 0.0133762473239437 0.0042054459483568 0.0083696965586854 0.0088495875774647 0.0122044575938967 0.0063749510633803 0.7655619436619728 0.0073341816150235 0.0082018943380282 0.0133815321408451 0.0057471068896714 0.0314941973004695 0.0042024064389671 0.0347943150938967 0.0141323100211268 0.0155496410093897 0.0110647706572770 0.0089048363192490 0.0025479097676056 0.0237025635845070
126 0.0011777790452289967 0.0145522233825666 0.0012221993995157 0.0496152648668281 0.8286098305084741 0.0018513515811138 0.0064370034745763 0.0037191934188862 0.0035299644164649 0.0095741491646489 0.0056290935738500 0.0032788112469734 0.0062269761259080 0.0022325877554479 0.0311226400000000 0.0057748819249395 0.0098195041234867 0.0079145983535109 0.0060130839878935 0.0006185776903148 0.0022580624455206
127 0.0009696001825129756 0.0203811052058823 0.0040109575147059 0.0089339993176470 0.0430645879705882 0.0057304508764706 0.0096105325588236 0.0448994353147059 0.0075987601176471 0.0237367156617647 0.0206890271147059 0.0217737086411765 0.0158872669323529 0.0070922770294118 0.6924962705882355 0.0182364301382353 0.0213998223823529 0.0154005147941177 0.0107930636764705 0.0020840134470588 0.0061810781000000
