16 20
0 0.14037534581277175 0.0802646894646939 0.0086495209990929 0.0596245091802369 0.1008437296225254 0.0118287697596349 0.0387750869930023 0.0396178746609185 0.0223625631701858 0.1136348869107713 0.0406466527533477 0.0177671994539161 0.0557635923050983 0.0276749166264208 0.1031531036981522 0.0942274372239779 0.0727238139293879 0.0597704766936933 0.0324023850186578 0.0050322313523074 0.0152365614902182
1 0.11248455732527143 0.1562352115041453 0.0439681166635090 0.0293617848208184 0.0382055587060745 0.0199228011587935 0.0489263686500438 0.0192517836016623 0.0509157184756359 0.0331557574914034 0.0563508651636416 0.0266239001036791 0.0362062710958362 0.0425072965002649 0.0339155087234208 0.0319310435050519 0.1126103409993069 0.1042323633061076 0.0937970401041883 0.0059368881515472 0.0159453819262258
2 0.09892021609430403 0.0456138145096663 0.0117905847342612 0.0067755719725118 0.0119622438529195 0.0610302619090244 0.0111413525788302 0.0097398525623784 0.1885535710400191 0.0147965079051009 0.2609607639992598 0.0789574249800184 0.0104768786105454 0.0101225494990064 0.0165828954900324 0.0157953609963781 0.0229041725111606 0.0373432429078431 0.1574413547659005 0.0070861484638566 0.0209254451341348
3 0.09604254958273263 0.0444036259300864 0.0099006534439736 0.0033738999537204 0.0062340657456234 0.0177785573105777 0.0058609467772505 0.0037157760638665 0.3208197396654707 0.0066323308619535 0.1130285411823152 0.0312617069716192 0.0054247482552836 0.0055225114490649 0.0060891818629418 0.0061223022182928 0.0136007639039254 0.0351638519826349 0.3569704235724229 0.0019614219173448 0.0061349487806873
4 0.06597775338019808 0.0684891707437563 0.0037750173464952 0.1927939666810066 0.3122775237243373 0.0049698486039460 0.0338895533019558 0.0185038688254541 0.0094951523479096 0.0553382623456181 0.0157922333833926 0.0072142723194970 0.0484206926381256 0.0185914374772655 0.0703171908984680 0.0292601584017332 0.0487088694152450 0.0347546037554276 0.0185167864978291 0.0019359464985151 0.0069554440889230
5 0.06090315867162055 0.0367138215800450 0.0075094994642239 0.0161621765876474 0.0367942087528180 0.0070065269069799 0.0195800697708651 0.0291561734819436 0.0149005338874460 0.2762005637947082 0.0273151217472667 0.0133805160289053 0.0357538548228043 0.0114229992886390 0.0673865949450309 0.2946615085978300 0.0393137094400158 0.0343000923797964 0.0190385312283259 0.0039133387484428 0.0094901578067521
6 0.06016168107982975 0.0200716713559971 0.0069789119897326 0.0031379139145507 0.0051448579722357 0.0670852213471031 0.0047354655699728 0.0056421770960443 0.1221617717620082 0.0066006506281265 0.5126842568087423 0.0946007917679878 0.0049630941160816 0.0051708674100675 0.0100796553800329 0.0079531386149645 0.0107597935528127 0.0156201643270295 0.0779129133473317 0.0050147139193730 0.0136819726066926
7 0.055691041071211644 0.0194718946555445 0.0113577695129014 0.0069288896202662 0.0079788669013464 0.3314382707872938 0.0079952511589413 0.0375459676963816 0.0264948852752342 0.0090711480409393 0.0737772227164497 0.0186637462845587 0.0132727124965213 0.0060942025364523 0.0108873793453607 0.0110230156319367 0.0189633053176762 0.0148701900304422 0.0265001243170803 0.0304829027440269 0.3171822536391842
8 0.05358808685029029 0.1098597603178747 0.0216967974332699 0.0241786348539831 0.0215156097202661 0.0093635697039017 0.0405355509205526 0.0130486811947891 0.0177667580627404 0.0249091988256610 0.0200417130453706 0.0119766068878883 0.0513542781599855 0.0198848177875845 0.0207509869951869 0.0204372541662958 0.2981570195531367 0.2327208849268423 0.0301995266177374 0.0029556048213870 0.0086467463103236
9 0.04993685407216743 0.4455935901673190 0.0264872597585256 0.0117356965441277 0.0163633521175701 0.0072072420459501 0.0818622991098718 0.0066512601684454 0.0169806455307449 0.0122573656239067 0.0187225389081680 0.0099265717003605 0.0142963089764968 0.0167353286717390 0.0125916611548117 0.0115578386785104 0.1670508011267189 0.0622509378693108 0.0541725727953131 0.0019888777302325 0.0055678524011109
10 0.04739611864558288 0.0563017652449955 0.0095573660065661 0.1276783846785128 0.0615357062517648 0.0103703983895174 0.0662427636552558 0.0458465387219561 0.0134925081952180 0.0537141204630839 0.0192203679081338 0.0095596589546223 0.2212260472321354 0.0169564351071219 0.0418376401757083 0.0348374029613191 0.1121617923474520 0.0601317467512813 0.0187305459547438 0.0036205087578135 0.0169782982742482
11 0.04236851092504773 0.0449622206082324 0.0194360953381383 0.0217830937506490 0.0251547220828372 0.1059307981771152 0.0228598734695482 0.1116198706997516 0.0350961213754596 0.0294930997423734 0.0788417091933415 0.0267073160308308 0.0390235212593845 0.0163958075991183 0.0397616108541216 0.0397259817336110 0.0459795416750053 0.0353851329643552 0.0408191894802303 0.0954802395776713 0.1255440532466201
12 0.034575547054603466 0.1363875472905685 0.0133026962727002 0.0513694695354882 0.0375606136044422 0.0094227267877339 0.3690681554118989 0.0168175961702304 0.0110767810058015 0.0323832918653075 0.0178921979479856 0.0088349957114866 0.0552464262835405 0.0181833050813195 0.0256735059225260 0.0296103088835073 0.0968411864110724 0.0357376501323387 0.0209485912904026 0.0044475075301508 0.0091954480006299
13 0.031319692590495794 0.1086186950091480 0.0066284866270272 0.0263260354832405 0.0353267965789664 0.0087486149450381 0.0263006424120314 0.0146054695634514 0.0167696405060746 0.0307746531925863 0.0300344237394246 0.0092474888789885 0.0200043528634734 0.4516428654859467 0.0296061118160495 0.0263115591264270 0.0754583282764930 0.0423578940227972 0.0300108916460769 0.0033229844638722 0.0079040654326589
14 0.02519190173530969 0.0388677204681559 0.0043737598118188 0.4262160175143286 0.1337982384469113 0.0047895753966882 0.0405335569306706 0.0211503337350560 0.0067017684644251 0.0289024635659633 0.0104491698042033 0.0050523753965064 0.1207952921267400 0.0125515064487309 0.0291109051779638 0.0170983906688197 0.0505208159318989 0.0281628352957423 0.0114655476548541 0.0018447315664544 0.0076149931696390
15 0.025066985108562864 0.0637169517683906 0.0053159935984045 0.0209849859863121 0.0129014938523302 0.0031308923713390 0.7553091472591703 0.0057852401600603 0.0039160004116025 0.0114790532996391 0.0060834452773753 0.0031397486601284 0.0230299659274447 0.0052862992387008 0.0083397518099486 0.0108067748947105 0.0372297538425461 0.0113692164068486 0.0077099466075077 0.0015212787120743 0.0029440555556065
