20 A C D E F G H I K L M N P Q R S T V W Y
8
0.3058033422688644 0.0892265808555066 0.0277523882697807 0.0345913669523138 0.0414807599026918 0.0198614231898784 0.0456647684398223 0.0394256725328309 0.0317174839487111 0.0428637250426475 0.0449150742170477 0.0230364798518411 0.0680420318718010 0.0764326816321163 0.0497244524856178 0.0398776100366084 0.1401977363882269 0.1040266740089542 0.0459655671383659 0.0150005448468951 0.0201969798184413
0.15415217019334967 0.0509483202778834 0.0126748958666284 0.0027144584334734 0.0053844472761543 0.0270148074721118 0.0075775520846921 0.0037577321252002 0.3005167401546597 0.0061314462449175 0.1331878849224679 0.0410294840164462 0.0052812978002593 0.0052018188992027 0.0060399982644530 0.0061290082007771 0.0172408377122938 0.0385238639267598 0.3204469424952368 0.0024139013009139 0.0077845594737580
0.13349398277533794 0.0287367423755824 0.0097730329087695 0.0027983953661014 0.0053746911010060 0.0731816471701346 0.0068220635331978 0.0064353903876779 0.1421786588597739 0.0075562582158172 0.4360026953621021 0.0940570038594316 0.0055398143368301 0.0052470964249303 0.0105330190780603 0.0089867688368536 0.0148214347245031 0.0215316710281776 0.0986430754599445 0.0057148593265755 0.0160656824340312
0.1040124336964581 0.0490701463248616 0.0042990410841311 0.2669302480928873 0.2663407926909581 0.0050197674957504 0.0326257996648569 0.0205245117514668 0.0091397428289465 0.0468265460740801 0.0146676486053085 0.0072534659860447 0.0724561902693703 0.0121965366152052 0.0600821129996711 0.0274815615236607 0.0500467947300815 0.0297261348277402 0.0163376683802981 0.0015942754588089 0.0073810139714042
0.10067016483203103 0.0386427599355061 0.0082997782182215 0.0193160380344550 0.0447407424134368 0.0077785744330285 0.0208698444336797 0.0320922518402367 0.0168551072031081 0.2560817989764462 0.0297915662845618 0.0155362062879590 0.0391589272177741 0.0105297345623284 0.0725844146690074 0.2727597821766103 0.0443506995354888 0.0353286006132330 0.0207105736379496 0.0041845206879080 0.0103880773573230
0.08787714595334511 0.4136653358756340 0.0318411565577697 0.0081080808482768 0.0118742888645785 0.0095548356567899 0.0898082815775020 0.0058093051610411 0.0223343396263466 0.0096731155748414 0.0235656008158180 0.0123685766617226 0.0129787372294883 0.0149730222208555 0.0102092084419382 0.0092483971974879 0.1794243835995716 0.0665257358116318 0.0601922155679281 0.0020148301053908 0.0058305583917306
0.06913534477841785 0.0202795224187195 0.0145484958069133 0.0055032147758941 0.0066359282464627 0.3259459224072917 0.0077181997402957 0.0414832623940931 0.0309632315725778 0.0081797420293695 0.0795304126727715 0.0210596483840696 0.0127958821131048 0.0049734626292127 0.0103036567914860 0.0112533153321373 0.0203127590191390 0.0148928379580085 0.0304233937567954 0.0347577551746401 0.2984393544743646
0.04485541550219586 0.0794353911208595 0.0079459508708820 0.0226819566087226 0.0152980892970309 0.0043989520936682 0.6939152628266304 0.0071286225092504 0.0051567943100643 0.0139561815672957 0.0078989429568949 0.0042410225324558 0.0268820385030199 0.0057568599095362 0.0097310515418018 0.0137525620771825 0.0528266025709203 0.0141419750907243 0.0094304145560423 0.0018131862652617 0.0036081370371159
