# This script is generated automatically.
# Vector of amino acid stationary distributions.
distributions <- [
                    [0.0759851039728344, 0.0030476957218467213, 0.2004904111497317, 0.1927891498662503, 0.004528589649861395, 0.045585375333308635, 0.02267511223466553, 0.008762405738626645, 0.06535442308611697, 0.01567573194631525, 0.006533564677323465, 0.08897894326080542, 0.014074161664629475, 0.06760973726087796, 0.035673609334438666, 0.07818880864954549, 0.048681702773113435, 0.017333778157354256, 0.001487428706755864, 0.006544266815598413]
                  , [0.029893378134152757, 0.006116216878592184, 0.0015898503068295087, 0.0027125627734208924, 0.035145497037393704, 0.003862382409621508, 0.002420656581478221, 0.2861957454162947, 0.003032249189213974, 0.2794983794172482, 0.05859422809670522, 0.0030674556877825897, 0.0027150555231577533, 0.004089327992598342, 0.00341956393357323, 0.00931404810520472, 0.02191342107307427, 0.23879119419840636, 0.0016752916701917708, 0.005953495575059889]
                  , [0.1476497684013396, 0.01138871999077304, 0.041752341633772075, 0.04970005482565516, 0.014543026653154528, 0.04887928159344875, 0.02393350476217635, 0.026477757421422915, 0.043226212958303374, 0.04088976329851931, 0.015809387973072856, 0.05048110036086802, 0.07939310942041235, 0.04362765720617823, 0.03865175524363991, 0.1521974003603435, 0.10363555050820976, 0.048580338953005536, 0.004788935649116769, 0.014394332786587976]
                  , [0.05604708989658204, 0.006904026950561002, 0.026139552330468798, 0.05761548950799147, 0.009676826975461668, 0.024095170682013823, 0.04167319793910866, 0.020000956064253297, 0.1936892196901227, 0.038714797146467674, 0.01631493189212888, 0.049663850102891004, 0.010815060188408486, 0.0978700741518014, 0.19413704514854113, 0.06016602764959734, 0.05191338179618404, 0.02799267353844012, 0.003439660274088208, 0.013130968074888099]
                  , [0.06559799457629453, 0.009362366492717485, 0.010623545738578799, 0.0194815887473744, 0.031944396468462505, 0.01359984472358044, 0.012506922364017218, 0.17200752951870268, 0.0224919240806244, 0.20378439569845938, 0.06060307835670277, 0.016381498373440818, 0.011780091944051328, 0.02429215022272679, 0.022200522486209035, 0.03679895113863307, 0.06071665004277217, 0.18564296407196373, 0.00442508335405705, 0.015758501600631476]
                  , [0.029661792792742083, 0.010883913707787428, 0.0088903760979003, 0.011233759190627387, 0.2872046689741078, 0.011256566882143045, 0.04194327745211845, 0.03149805508759657, 0.012767850535360292, 0.09127685546907693, 0.02239711760557954, 0.017334743917509027, 0.007247516236269738, 0.016283435295499395, 0.016155405616445153, 0.027816715955713694, 0.022389644166654604, 0.03487449051078844, 0.03112112450691357, 0.2677626899991667]
                  , [0.3386958502582723, 0.03861231796150338, 0.007053724545335567, 0.009303104618664227, 0.008662152418079553, 0.06042705684541841, 0.006265595310680449, 0.023436340962691652, 0.008513586982086171, 0.024327815137229997, 0.013003101238924942, 0.016293553797059566, 0.009730879603278482, 0.010031163692969908, 0.009101999373797557, 0.22611828977094756, 0.11825366892977318, 0.06437257706897682, 0.0018882074999365215, 0.0059090139843739195]
                  , [0.11680337536415934, 0.007287889905251673, 0.032284042646114695, 0.023316423257697803, 0.0056640958559887435, 0.5287697453360355, 0.010972076985652009, 0.00753073030388685, 0.019951474454710377, 0.012208517329970577, 0.006060475706641414, 0.04065214257089513, 0.009634557441323787, 0.017051200155108078, 0.019002164169638115, 0.09111177171689831, 0.02901599075503564, 0.01488067406937354, 0.0022193281075393667, 0.005583323868079322]
                  ]
distribution_weights <- [ 0.17578863648344797, 0.16118485139505515, 0.15492755981672782, 0.14600461618506913, 0.11749497468432767, 0.09448739488093956, 0.08409868642717819, 0.06601328012725452 ]
# The number of clusters.
n_clusters <- 8
# The base file name of this file (for reproducability).
fn_distributions = "dists_all_poisson_allsites_clr_008clusters_rb"
