# This script is generated automatically.
# Vector of amino acid stationary distributions.
distributions <- [
                    [0.01897834160251577, 0.007513225562851191, 0.002025712552444256, 0.003720413635194819, 0.06230566967849058, 0.004200909248553632, 0.004648012540629035, 0.12861738349350116, 0.0051482907801510686, 0.5199581579874194, 0.09877119050398359, 0.003921897182725384, 0.0041114928543396385, 0.008016740857106849, 0.006270351513291195, 0.010201261499538872, 0.015219096584570116, 0.0810838024067086, 0.00375916854595387, 0.011528881694758821]
                  , [0.1016248878208294, 0.01515025181067869, 0.05515099762931105, 0.06232674998203182, 0.014962489194413859, 0.055447002237077436, 0.03454502008175077, 0.023198328902750365, 0.06177804617201735, 0.03377828433790335, 0.018108626575151172, 0.08177874866643944, 0.026038119177041647, 0.06018721633313463, 0.05307937386417437, 0.15533841929404746, 0.08909121736694205, 0.0359451595009793, 0.004619527678898064, 0.017851542580941827]
                  , [0.06652034592211611, 0.011507538373254949, 0.0371910921482366, 0.06752989483743567, 0.014225500546105788, 0.033167589664493013, 0.0456441282617562, 0.02649195312793879, 0.12994436370958856, 0.045602106751928946, 0.02253985430501471, 0.058334475122152785, 0.01843271446188461, 0.09821508893277009, 0.12943541522042626, 0.07608147685249816, 0.058778504240448205, 0.03569831355161656, 0.005932845427038924, 0.01872679380042249]
                  , [0.06618343207218592, 0.016265700661358105, 0.0031326927322501627, 0.006323784910516522, 0.06932593086204897, 0.015471125260628611, 0.006252841428242093, 0.18741153835489838, 0.008164478345024012, 0.23610015644517945, 0.06652339768362688, 0.006458964833446875, 0.0073805345855627695, 0.009312100462982895, 0.009053068294756335, 0.02497863230859041, 0.04139766121023448, 0.19639268386029762, 0.006414483072322218, 0.01745678589862828]
                  , [0.024031784633230968, 0.007655433575199931, 0.0014682782443676476, 0.0028854556679829557, 0.0472780472196663, 0.004083953017573319, 0.0030378037936617183, 0.23873692218382803, 0.00383428678502315, 0.38847421364399204, 0.07091678960805622, 0.0030751847533811577, 0.0033626380126370176, 0.004883576279099515, 0.004471942861911417, 0.008587519625037218, 0.0177695966887155, 0.1541970296347121, 0.0029324948840556793, 0.00831705116852597]
                  , [0.0721633379751029, 0.0211788129492019, 0.020150523681758768, 0.036874875864270566, 0.04927519162574038, 0.024028686812769796, 0.03254692751049093, 0.07404218242646322, 0.043914171035137034, 0.14182467041863275, 0.06335770644613997, 0.03351450166499348, 0.02092484398795294, 0.056283481351470765, 0.04995308053960445, 0.06623501187430983, 0.06304561690794092, 0.079663220355386, 0.014050549713683344, 0.03697260727175987]
                  , [0.09008602528810788, 0.006251482948201867, 0.08569162247333473, 0.18667000176746998, 0.008064851197690993, 0.031577486775030604, 0.028181651834389053, 0.018266092525337313, 0.1002442772977113, 0.030867368827237576, 0.014762046449427885, 0.050508134087658356, 0.01700584877114833, 0.10145383782999602, 0.06722630841336329, 0.06843224482631793, 0.05063487090008172, 0.030589667530037043, 0.0027560840619942828, 0.010730097675827596]
                  , [0.02377629669942108, 0.0071710131054045275, 0.0015649688108853102, 0.002896154531640993, 0.0339662290127743, 0.003670407577573878, 0.002694851005306184, 0.3581483009062135, 0.0036238174000762166, 0.2317712947286819, 0.05790571065618518, 0.0032876817996506866, 0.003129197991920584, 0.004163315662517632, 0.003948791576449465, 0.008175795640244135, 0.021071305075663287, 0.21969149292389975, 0.0021894572263347423, 0.007153919325908857]
                  , [0.022329383567145533, 0.006755451215974647, 0.0013030427920692686, 0.002426275504581986, 0.013749904935060519, 0.0025649889299696332, 0.001652137200067863, 0.401333853263944, 0.0026512523223215026, 0.08617035728249799, 0.022894358998189805, 0.002536009683674692, 0.0026436965339743795, 0.0026385650010182227, 0.0026198995596899907, 0.006432560313496788, 0.019453269592487707, 0.39528501595203097, 0.0009304490208846983, 0.0036295255397669132]
                  , [0.05369511653789501, 0.013064968431822794, 0.0026526251076245955, 0.005312325006695172, 0.029839128530984464, 0.007785038937691134, 0.0037421271492692164, 0.26666929489067714, 0.006188399061968858, 0.14647513892149097, 0.04333727442370003, 0.005250846331936163, 0.005295741101733326, 0.006000458997507577, 0.006180153437759156, 0.01766558907443056, 0.040583774785770944, 0.3298163342018805, 0.002382534622839043, 0.008063130579358958]
                  , [0.25560003913728324, 0.03165793890960866, 0.018401403923300585, 0.026251414516902882, 0.015666397720223026, 0.06793339350054527, 0.013168929299285127, 0.028479497234096637, 0.02274899810674905, 0.03495779241487955, 0.019651348105052726, 0.03010918877632377, 0.024005661527444565, 0.025134923335999003, 0.02131371487798375, 0.18810278921604257, 0.10376939718405422, 0.05791250836423113, 0.0036275632241366904, 0.01150710091239552]
                  , [0.10868559714601761, 0.02733647224250245, 0.03106084253970007, 0.02501765561602756, 0.01405641458333335, 0.06144751908431662, 0.018718433124262534, 0.01867861159832862, 0.027252065560349082, 0.025527561535152357, 0.01388892022935103, 0.0771142850988201, 0.024440115671828883, 0.02684380324311701, 0.026130513862831894, 0.3049309158062929, 0.12408588993608652, 0.02860135218657825, 0.0034425381709808365, 0.012740500557276185]
                  , [0.05077408795124416, 0.006948711774245298, 0.0271304618013136, 0.06545367895768592, 0.007201818406593383, 0.023231529013894067, 0.026797516384994318, 0.019632412079196568, 0.27682895617026726, 0.030727633267652085, 0.017641894910319537, 0.051309399315397214, 0.013333154204244028, 0.08290328095743331, 0.15933436929266118, 0.05613124663129982, 0.047742283387646814, 0.02455267866527719, 0.0031002260995326636, 0.009224658398635927]
                  , [0.07976115058340182, 0.020768021184606963, 0.011510753538934382, 0.02308904950561481, 0.02729980090523149, 0.016923159149821843, 0.01265812284648043, 0.1661952887784168, 0.02642690872445909, 0.09391892303478502, 0.05184913288414141, 0.021616395064639873, 0.01484257265338264, 0.023107957639824702, 0.02374318876855655, 0.05812532839632974, 0.11170863823609962, 0.19623691339359042, 0.004456942016981641, 0.015761748190221827]
                  , [0.06328545019796543, 0.006422063600976078, 0.22459306674456997, 0.17169066129227425, 0.007837075087984702, 0.04978269338685729, 0.029050718379846012, 0.011710356155897703, 0.0528329451108056, 0.018785550706901327, 0.008974394779076224, 0.08813833459444607, 0.02126450295477042, 0.05423086427522686, 0.03359696442768764, 0.08036026482815507, 0.04396921433599117, 0.019790377098707623, 0.00237075754830904, 0.01131375032224358]
                  , [0.04995063027123778, 0.015571471806278405, 0.006434840273495716, 0.012992765993019448, 0.06539847102987749, 0.013302710542751131, 0.014448410730414427, 0.10560057566019558, 0.018727623900041245, 0.3279523011152421, 0.1026698073261737, 0.012748741327137436, 0.010780669931983945, 0.024874076561751335, 0.02210961112934056, 0.031572302486575866, 0.039301092940933466, 0.08960589110009638, 0.009954233714677133, 0.026003775664188357]
                  , [0.04630120541886273, 0.012759232611386962, 0.01934844498918169, 0.04017196926463245, 0.011680341115256641, 0.02579955651733698, 0.044020328184049884, 0.021210738366712965, 0.16765917542024972, 0.03951474481137318, 0.018677159582662976, 0.03989348100527046, 0.014160418949653284, 0.07656928661054098, 0.27911764133148415, 0.053322531800277295, 0.0411298166962552, 0.026665681196948704, 0.006786788497073513, 0.015211462506241353]
                  , [0.06721612500285384, 0.004201359965025646, 0.13196725151255703, 0.34318883247716825, 0.0053483476057362145, 0.02633449479723176, 0.01936437828239155, 0.012328174847603068, 0.06573211567708327, 0.019627778402825202, 0.009712680788670193, 0.03758484957291667, 0.013482109952625523, 0.09273905125428092, 0.035865445868293405, 0.047554026088755696, 0.03479783527397257, 0.023578337155679183, 0.0018930809207905307, 0.007483727941495474]
                  , [0.009778489719377573, 0.0047074070423333905, 0.0012341100221996276, 0.002081654936427167, 0.04422053515725924, 0.0021613062556008616, 0.002859556160881571, 0.08232545949316264, 0.0030180754768693308, 0.6882246083794016, 0.07622394349432648, 0.0021810367727670213, 0.002767583352196703, 0.004820915147512348, 0.0035431302430898592, 0.006015490288332884, 0.00800959332528374, 0.04743587670206587, 0.0022085756577829444, 0.006182660878527889]
                  , [0.02400706461010499, 0.0058664398695969545, 0.01020037507023961, 0.024605098195093426, 0.0046478197824182735, 0.014149110536068932, 0.021121058699036216, 0.011557722617552738, 0.3549409664135506, 0.01980613795458508, 0.011591151813230172, 0.030220219484521006, 0.007158342453270981, 0.05391569363317757, 0.32355025846962565, 0.03363205099153017, 0.026270885825058418, 0.01385507979672898, 0.002672119923160041, 0.006232403705461399]
                  , [0.11800486487666322, 0.010690404644789951, 0.0336723536932277, 0.04646689317551203, 0.01406667868590224, 0.03407311642098966, 0.022446299826132457, 0.02808694620197346, 0.04454523175766184, 0.04398299146359706, 0.014958215532217035, 0.031363307422335174, 0.24282725340110567, 0.04376242180445509, 0.03998644093227689, 0.10875866752877861, 0.062133832365076976, 0.04365644932426366, 0.004067889301539832, 0.0124497343916878]
                  , [0.10488586887148786, 0.025282218594503282, 0.016048228816520838, 0.02287066463626594, 0.015643181842008275, 0.02390090462828197, 0.014452433535237225, 0.05356055313066169, 0.029734041533855327, 0.04357266243512989, 0.030599560791033317, 0.04083854437663135, 0.016110333267465075, 0.02474165131552281, 0.025580567523107556, 0.13636285731920778, 0.2762668800859816, 0.0843729923752495, 0.0034509090944265406, 0.011724939994472626]
                  , [0.23597266129232716, 0.038600765761261285, 0.006365741105793611, 0.010790960027027119, 0.027524593798229233, 0.04380518660577826, 0.00642867404923891, 0.0870719406958683, 0.010079905522103152, 0.08447355280366581, 0.03438911892513202, 0.011232080342653075, 0.013097552673501062, 0.010801653330382004, 0.00969837031526874, 0.07923681975613546, 0.08916364531065563, 0.18688410964585297, 0.004126017032137309, 0.010256655883970192]
                  , [0.013648199935229574, 0.011597049944390874, 0.003864533613146849, 0.004738205094181887, 0.37199965718418604, 0.005331257215686322, 0.03262650157602057, 0.020211048297492776, 0.005667946226132987, 0.05375972161684359, 0.013700549040501397, 0.00908074305062678, 0.0036397833839601178, 0.007331994265348692, 0.007880726141272935, 0.015316942036001452, 0.010318241338315763, 0.02070382273850853, 0.024723507804403726, 0.3638595652523313]
                  , [0.0382101867794973, 0.0024567152100580213, 0.29434190780141845, 0.3833242761121864, 0.003023231298033467, 0.024238494808994163, 0.013264895500322385, 0.0060879173239844625, 0.030622484467923938, 0.009857229021760172, 0.004908188458413922, 0.0397581518573501, 0.009382527814635704, 0.048921497553191515, 0.01563226986283037, 0.03613016600419071, 0.021511117135718842, 0.012656516902482207, 0.000959649401821392, 0.004712579799806549]
                  , [0.03934198817038865, 0.010114680186104218, 0.0015119442795698823, 0.002813117515798276, 0.009575222343920727, 0.003134835686683435, 0.0017254184695284884, 0.24145088087014013, 0.0028320428899916428, 0.0592796963430934, 0.016926411008105834, 0.0026757214446649358, 0.0028211546350702076, 0.0026490545313481023, 0.0027513980120760922, 0.008166195243837548, 0.02482616552456587, 0.5636242764267991, 0.0008716811063192841, 0.002908102737634404]
                  , [0.045787196728661494, 0.014193921119727664, 0.08396787773679847, 0.03877489152258387, 0.01195625112753243, 0.05193851982563931, 0.052040834048156896, 0.01571582701195598, 0.05267395823131851, 0.021364040895217762, 0.01162208080687482, 0.27635973297907707, 0.01142377023630026, 0.03904024747924276, 0.039037112944868835, 0.1297798437462637, 0.06254181210063105, 0.01949434038359356, 0.0032599560274991606, 0.01902778988442378]
                  , [0.029353020649844568, 0.002688481766037599, 0.00609695441797109, 0.004281645679434176, 0.0015166248078236633, 0.8978576908694741, 0.0022882640758760397, 0.001806738717009454, 0.003845938942639175, 0.00284844039952889, 0.001487017332002908, 0.007593844238700145, 0.0019045388016155212, 0.002753051372844935, 0.004756424235433272, 0.01940114790125351, 0.004317789495733783, 0.0032371739453635473, 0.0007709388009439766, 0.001194263580105305]
                  , [0.08676026968585436, 0.015851921984383517, 0.06499564655075356, 0.05101348700018159, 0.012160532905937882, 0.27426981514436166, 0.024529830030506627, 0.013626784745596629, 0.0491186089003087, 0.02240973536589791, 0.011778760809878337, 0.08202220597366996, 0.016801829855456696, 0.03497147987978936, 0.045029212461957506, 0.11381347675867073, 0.04100077529544219, 0.022487076063192335, 0.005498702502451434, 0.011859855769747612]
                  , [0.47749425093773445, 0.028252610432295565, 0.005501793451425242, 0.007723149774081117, 0.006039424837209283, 0.07565551232633155, 0.003872002121530306, 0.010812297208552257, 0.006412478206676744, 0.01209099800075003, 0.007471917391035247, 0.009936858709489783, 0.010136685704613669, 0.00726011714797439, 0.006430964122280544, 0.23279622040510145, 0.05547444243810953, 0.03126322551950504, 0.0012657518982557838, 0.004109299642347974]
                  , [0.10968217349338377, 0.008025920457845033, 0.01982638719810962, 0.027864194633270244, 0.008584653700567144, 0.023709634631379914, 0.014730255520037799, 0.017828028542911184, 0.026908036531379895, 0.03271121576181463, 0.009400182543478259, 0.018305407299054846, 0.46195662684309996, 0.02772553683742913, 0.02462069270680524, 0.08487995785444236, 0.04222607013610588, 0.031061092217391333, 0.0026515065582230508, 0.007302429367485826]
                  , [0.03380019403783683, 0.020098122480030567, 0.0055915896273647375, 0.0071129206027135405, 0.3082752392509073, 0.011858292612459326, 0.020283617116950124, 0.07050742833556276, 0.009425567678960474, 0.1544473961857444, 0.042620236841200074, 0.011832206097840626, 0.0072863048811388845, 0.010992058853239055, 0.01187076975023884, 0.027844268412000737, 0.02374665243837195, 0.06525611846741838, 0.0285261821607109, 0.1286248395457672]
                  , [0.4177084436647173, 0.03871309716335282, 0.009767056126705712, 0.01725732895048737, 0.011592877593372332, 0.05646819558109161, 0.007489300647173482, 0.03336274363820663, 0.013157961847758297, 0.03299714768421036, 0.017363208462183227, 0.01261865150584798, 0.019634212275048725, 0.012647230963157945, 0.012020060319688115, 0.09823462612280702, 0.08067737999610133, 0.09824898510721247, 0.0024841697522416904, 0.00755732798323594]
                  , [0.6587766667328339, 0.018239888719333068, 0.0030369955176657165, 0.004708123249305272, 0.0034514428150060547, 0.07023071022687576, 0.0024384438818976333, 0.009547066112544828, 0.00377605094481933, 0.009387534981143447, 0.005476548208217538, 0.004689730777491033, 0.006476482990075427, 0.004151154957919834, 0.0039981182784833424, 0.11953226087931706, 0.03316939844739979, 0.035515997426558234, 0.0009325532424771937, 0.0024648346855895044]
                  , [0.012050537021089144, 0.004157239941584739, 0.0011672228044020128, 0.002061141416257163, 0.013835042315724792, 0.0018795322827600824, 0.0016178886196150967, 0.5624408220720715, 0.0028231830861997556, 0.09615373208435707, 0.031303439058558556, 0.002413044579443094, 0.0019327297468468702, 0.002557428112612673, 0.0025568537708844513, 0.004982381739762412, 0.014315454425675604, 0.23720071651515207, 0.0009357568371826507, 0.0036158541613432044]
                  , [0.03974700976308202, 0.02419702705335805, 0.014592707030696286, 0.01753180105150383, 0.154923796685208, 0.016360566495055545, 0.0897813887371239, 0.031667980061804823, 0.02102798713370413, 0.06442851858673262, 0.021936313784507652, 0.03222639681561599, 0.009909269622167302, 0.026289299823238566, 0.0289853400760198, 0.04473201648331261, 0.029773142550473787, 0.037459774177997715, 0.031510185091883, 0.2629194837041614]
                  , [0.11845710726114644, 0.013090354772186848, 0.036511748869851375, 0.02585134510339712, 0.007522275120169959, 0.5006086978768571, 0.012050435215923534, 0.008968983784713225, 0.0235279448670913, 0.013567452821656056, 0.007268920006794077, 0.04361299471104034, 0.010421569758811026, 0.016921104085137976, 0.022440115086836476, 0.08843830413588105, 0.02548887859447979, 0.016073843824840645, 0.0029882896800424432, 0.006189631082377935]
                  , [0.13195046993952486, 0.0301319978786177, 0.0046621232539957105, 0.009310909230453607, 0.01735115444557239, 0.013056715011015234, 0.005045552611231085, 0.14096148046868234, 0.008527956520950501, 0.06993897372570188, 0.02875258359611231, 0.008059076981857455, 0.010114768751187893, 0.008138203713822813, 0.00811375020971919, 0.034371920760259106, 0.07508315616630673, 0.3864660896328285, 0.002280126716263495, 0.007682978062418959]
                  , [0.07981612747669631, 0.008160183505961394, 0.024148296110123556, 0.015116025440277459, 0.004146367382397577, 0.7003554441794909, 0.006513088238890092, 0.004803918740299187, 0.0134720499765879, 0.007384172834164565, 0.003965713348580108, 0.02668037333730762, 0.005273616726642089, 0.009038278831129381, 0.013650954464339948, 0.05044334757641444, 0.012887923071753717, 0.009114822868415487, 0.0017336922460221074, 0.003295605730760886]
                  , [0.04073977035071943, 0.01694230715939748, 0.03240784455395683, 0.03280409102517983, 0.03970836656744607, 0.02300823417783271, 0.24511470152877707, 0.019443887029001808, 0.041877604871852506, 0.04035663241456826, 0.016139286647482032, 0.08624860932778788, 0.014288465021357945, 0.07828565477517979, 0.06352970002922662, 0.057066555166366884, 0.03381085340602516, 0.024664111101618605, 0.009406285854991007, 0.0841570361128597]
                  , [0.03461870260612944, 0.00454663210533484, 0.4476803548240637, 0.17894462755732082, 0.004521086539160092, 0.031959908367763815, 0.019479959907377976, 0.006647191046764936, 0.026063740548921643, 0.010121385941884123, 0.0053265628385925565, 0.0813725449852439, 0.010693655059931875, 0.03139992750510784, 0.01600853388989789, 0.046670137427922746, 0.024205543325766285, 0.011568920305561822, 0.0013399317693076115, 0.006830644531668508]
                  , [0.011167133796309223, 0.010861515019146487, 0.003920983591695543, 0.00445683619284877, 0.21202171772549053, 0.00438749217600936, 0.04872953433448678, 0.011020679652133658, 0.005100039946251432, 0.0266294075981547, 0.007253599414763681, 0.010731014683045027, 0.003117903274279063, 0.0066521584309111766, 0.007534068748789036, 0.012831535363321697, 0.008619365551557137, 0.012536372344175553, 0.020634818280968893, 0.5717938260668947]
                  , [0.024103200764316116, 0.012768161861334594, 0.0025637515854235737, 0.0036517782723615444, 0.2633464988168478, 0.0070613632056316655, 0.007809740648130623, 0.08618964810459062, 0.004428822938712745, 0.3456929716043543, 0.06677220452673924, 0.005054498721486028, 0.004819105393752951, 0.006725305135352629, 0.006077070217699931, 0.01474210451017488, 0.016578284701845795, 0.06409193051348785, 0.012406355993374342, 0.04511719542120209]
                  , [0.29748213221329445, 0.034192323946919886, 0.009207098029948887, 0.009893815682006368, 0.00749958149500847, 0.06402224761383003, 0.006371743235451623, 0.010433457322132952, 0.00847592547090327, 0.013260595044801662, 0.00846857955052353, 0.019367560071585112, 0.013098155728512303, 0.010372170715851007, 0.008849700164353436, 0.3727228556123693, 0.07363047380326271, 0.025630887366447613, 0.0016999923103238421, 0.005320709568784953]
                  , [0.06976508349875313, 0.015880636811221947, 0.01659389275436403, 0.0118487003733167, 0.006904410510972604, 0.025022231282044886, 0.008531407032668331, 0.013944530660099708, 0.01562626084089773, 0.014563565272568274, 0.009844142499501218, 0.04269235100448879, 0.01270266588354112, 0.012573443956608435, 0.013607373115461396, 0.34641289476309295, 0.3344929638403996, 0.021149509523690824, 0.0018705078905236735, 0.005973416549625899]
                  , [0.025642147658194947, 0.009997637950985488, 0.009267504343620253, 0.01955212500311207, 0.006626134632780008, 0.015643499279305098, 0.032174151299533216, 0.012555096844138885, 0.19113728200207442, 0.023908623578837968, 0.011345799241182546, 0.023794661996887994, 0.008109247150933623, 0.05204740862811202, 0.4746018462136932, 0.031922497442946056, 0.022997402492219883, 0.014663124641856679, 0.004934170693179465, 0.009079638571317335]
                  , [0.011942143729940444, 0.00860473887345182, 0.0025002493287558727, 0.0030623301308561474, 0.5932126136241256, 0.004220147357296748, 0.010731697739364549, 0.026932556872644085, 0.00368303109935382, 0.08855206720193863, 0.019834888896607485, 0.004850024122778712, 0.0027832362285944642, 0.004082186894722659, 0.004520677541464763, 0.01165136640630067, 0.00893125581933231, 0.02349302823236414, 0.0173269931938072, 0.14908475904658036]
                  , [0.35834924811422453, 0.02208755968830821, 0.007378497724676809, 0.008878099160290975, 0.009462281547683242, 0.3175611621767237, 0.004911920959590518, 0.013366313102370783, 0.0072841212114762785, 0.01780519730468756, 0.009641143669181038, 0.011286325864224223, 0.010536100497575456, 0.007766037477909469, 0.007865395460668043, 0.11744437872036649, 0.03240060438577584, 0.028914186419719802, 0.0022139912779364276, 0.0048474536333513105]
                  , [0.06567675971822717, 0.0044268917660698626, 0.007842307185206905, 0.011057054702964544, 0.004912847023481069, 0.011965787538009962, 0.007648800135603153, 0.009298502485471163, 0.010936374798062809, 0.01675660588376854, 0.005041906723803922, 0.0076131562979160905, 0.7264721875550326, 0.011972979710595837, 0.010467702563545608, 0.04466268669797473, 0.02155213386410325, 0.01605134150689763, 0.0015237253479307225, 0.004120254516583523]
                  , [0.09929923064750577, 0.028146478801783937, 0.01332334253914776, 0.008508332133795954, 0.006690613551701252, 0.04044916578427479, 0.00744721677766764, 0.007641555709613709, 0.009566754415923369, 0.011063605071357882, 0.005879985666666636, 0.031893777212421544, 0.011968521610505437, 0.008735376998678577, 0.009809261830855683, 0.5688256835150318, 0.11045024913115284, 0.013053526725801054, 0.0017024469438387882, 0.005544872330360134]
                  , [0.021459552062627757, 0.003772880323349239, 0.009199178454050258, 0.026157671214431567, 0.003453685331858365, 0.011325583647719649, 0.013244627554799188, 0.010785804951667838, 0.5279834809394155, 0.01551700655616077, 0.011417611369298843, 0.029802470514635804, 0.00631585235364196, 0.04357865513886999, 0.19778677176991152, 0.026194151055139447, 0.02394505647719534, 0.012009971616745996, 0.0018538082548332068, 0.004196175722600393]
                  , [0.03152544343070756, 0.0021830177560175235, 0.12763152271334802, 0.6159070536105041, 0.002982515202406971, 0.014264228537563886, 0.008678934969365431, 0.005994175990882672, 0.02790982917396061, 0.009265217389861455, 0.005151608526987567, 0.017514417963165534, 0.005237656369803077, 0.06074390128373454, 0.013243801324945244, 0.02058434098212994, 0.015106330153172837, 0.011547144803428305, 0.0010048935952589357, 0.0035239529000729783]
                  , [0.02662941373304012, 0.006727411729739639, 0.3660870539053909, 0.06068837678731204, 0.005944969220022071, 0.044724818448111575, 0.0285710621426476, 0.007980990187385337, 0.02784920549028234, 0.009999510434910042, 0.005040971900623442, 0.23678882024202402, 0.008456960689035634, 0.022093761680968084, 0.01842049949174917, 0.07218425972863954, 0.029994477862119524, 0.010507371821048841, 0.0015842378210487685, 0.009725804739273914]
                  , [0.03874578344632778, 0.008126052533091213, 0.02143639062792575, 0.08277840073849879, 0.010209562922114536, 0.01802175662631149, 0.0730477575076675, 0.016744860870863423, 0.053589683296610166, 0.04469838214648921, 0.02692701004560128, 0.03194057051614203, 0.012615898800242168, 0.39776172518159736, 0.054022310388216296, 0.03908574240113, 0.030576007356739234, 0.02204891399919287, 0.00413757061985472, 0.01348563598103306]
                  , [0.04568461003643723, 0.012600722359514167, 0.009677163119433188, 0.00818029171659912, 0.00537656002469631, 0.011313430854655922, 0.005743220818623454, 0.01883134107287439, 0.01112846101578946, 0.015019517799190252, 0.010924589454251038, 0.025810634689068808, 0.006863981261133606, 0.007971771578542532, 0.010085112885829986, 0.18032164210526314, 0.5802026287449403, 0.02864569283643735, 0.0013456589433198341, 0.004272965187449417]
                  , [0.034283892121839944, 0.00986611908412765, 0.0044463429975134874, 0.00829348901574812, 0.03659934893203481, 0.00889185717322842, 0.007353001194778259, 0.11064153609863239, 0.013111852016991304, 0.24038186459593855, 0.3432530447575633, 0.00929903481806884, 0.005073085594281011, 0.019705686775383327, 0.012587598047244096, 0.021136096096145696, 0.032503504848736015, 0.06635476041442184, 0.004663141307874017, 0.011554755121425682]
                  , [0.015326297483376147, 0.0028362597459505486, 0.703616913043479, 0.06658125887468036, 0.002481463999999968, 0.016374911485507286, 0.012526225760443337, 0.0035930294595056117, 0.010528608342284675, 0.004880892647485119, 0.002624042609974453, 0.08591362326513208, 0.004774723852088682, 0.011525705219948827, 0.007624362159420375, 0.026272931458652976, 0.012145220710571177, 0.005541969687979639, 0.0007182335479539708, 0.004113324912191026]
                  , [0.11384816405346426, 0.3092596257501365, 0.01280967129841792, 0.011639952349699993, 0.030235282069830897, 0.033611513475177296, 0.015382008354609933, 0.030795236693944295, 0.013822861254228026, 0.04350890327877793, 0.019327912242225853, 0.026734950654664476, 0.01081888101091106, 0.014528386055646478, 0.01953848007692308, 0.13621042529187113, 0.06393052885433713, 0.061048135711947595, 0.00937417683196945, 0.023574919117294035]
                  , [0.03668455875582164, 0.02055819449101797, 0.010049195298070496, 0.013260841339321379, 0.12023151662674653, 0.023145349926813046, 0.02395776127877578, 0.029290142687957404, 0.018425367252827663, 0.06738687650698602, 0.023396125974717227, 0.016197156013306704, 0.010929923551563529, 0.018275541417831, 0.02996364670725216, 0.036431408236859635, 0.02569325288090488, 0.03248729991350633, 0.3411347997338653, 0.10250101304723883]
                  , [0.0223920424683121, 0.00874892155570379, 0.0665047123228819, 0.01633517965977313, 0.006573458395597059, 0.02304246705803871, 0.03927730364176116, 0.009232222057371689, 0.023249337463642408, 0.011247885396931348, 0.0065517486097398416, 0.595021735823882, 0.006047085190126769, 0.01768858216744496, 0.016836114544362946, 0.07581103212808539, 0.03127615312875247, 0.011438450440293721, 0.0016093300533689056, 0.011116220894596393]
                  , [0.012758842181196564, 0.00678399295726498, 0.004185867592307768, 0.007871496423931576, 0.004017133393162495, 0.007604235359828987, 0.01752464736752137, 0.006229338953846253, 0.08129246344188035, 0.012183235604273535, 0.0050617282923076864, 0.009975012929059838, 0.003550217413675224, 0.023072965208546993, 0.7587193589743586, 0.013790314566666809, 0.010700741598290625, 0.007104971983760797, 0.0027543441037607003, 0.0048190797786325235]
                  , [0.01322981606469012, 0.013219072377358492, 0.004327809611859849, 0.00569611123090745, 0.049995566389937116, 0.008949598165318984, 0.008159259442048511, 0.010702049021563256, 0.007061596150943469, 0.029154748529200247, 0.008028122764600215, 0.00668416145911957, 0.004661034153638808, 0.007275245158131192, 0.013003560608265942, 0.017721193468104204, 0.010797434869721456, 0.011809947407008248, 0.7279058966756516, 0.04161777737646001]
                  , [0.019730225616291633, 0.006793978890675239, 0.015650261101822063, 0.01265876475991428, 0.018645464549839213, 0.00982058271489819, 0.6247955712754556, 0.009724972077170449, 0.014189266846730976, 0.019477015339764217, 0.007790952381564856, 0.05759405783494104, 0.0066975261146837994, 0.04918114446945339, 0.02306939756055732, 0.02524087533762051, 0.016475596120042874, 0.011782499991425444, 0.0037511361178992446, 0.04693069743515541]
                  , [0.017674654559055133, 0.834452664041993, 0.005209594715223045, 0.004801841807086642, 0.007363120967191633, 0.009189897175853043, 0.005171183784776899, 0.008169208505249395, 0.0051318459553805484, 0.010733062720472517, 0.004388585133858321, 0.006370942618110272, 0.0040762120301836985, 0.004766951381889786, 0.008228766998687652, 0.029457247454068178, 0.012905894208661409, 0.011679473778215141, 0.0029868986496063045, 0.007241950809711323]
                  ]
distribution_weights <- [ 0.03401015228426396, 0.03348257571436719, 0.0310500199623567, 0.0293132949295614, 0.028885530143158616, 0.028406433582387498, 0.027913078195402955, 0.026116466092511264, 0.025201049449609308, 0.02516968003193977, 0.023535618547881137, 0.023201962014486967, 0.022577425426338903, 0.02081788627160212, 0.020743740375292304, 0.020732333314321564, 0.020561227399760452, 0.019985170820738037, 0.0196058860434609, 0.019528888381908402, 0.01907545770832145, 0.01857354702560885, 0.018356812867164774, 0.01774368333998745, 0.01769235156561912, 0.017238920892032168, 0.01717333029145041, 0.01571037472195289, 0.01570467119146752, 0.015205612273997604, 0.015085838133804826, 0.014923287514971767, 0.01462955569497519, 0.014367193292648149, 0.013928021445274625, 0.013842468487994069, 0.013431814293047396, 0.013203673073632578, 0.01315519306450693, 0.012684651799463868, 0.012562025894028404, 0.012362402327040438, 0.012048708150345063, 0.011712199851708207, 0.011435578623167741, 0.010996406775794217, 0.010591456111332916, 0.010585752580847544, 0.009715964181828551, 0.008632293389608168, 0.008378486283009183, 0.007819540295442878, 0.007776763816802601, 0.007066674271373981, 0.007043860149432498, 0.006884161295842127, 0.006690241259339531, 0.005227285689842012, 0.004286203159755889, 0.004274796098785148, 0.00333656533394171, 0.003174014715108652, 0.0026606969714253123, 0.002173045114926139 ]
# The number of clusters.
n_clusters <- 64
# The base file name of this file (for reproducability).
fn_distributions = "dists_hogenom_poisson_allsites_kmean_064clusters_rb"
