20 A C D E F G H I K L M N P Q R S T V W Y
8
0.39531454970626817 0.0936939075442337 0.0135957196629918 0.0368852562048805 0.0498167485909868 0.0179114756403037 0.0531502973398328 0.0406254375003696 0.0534308986244643 0.0506718248799961 0.0668881168994705 0.0303896679238063 0.0613878101121828 0.0578418379690611 0.0530340953819129 0.0485920921848882 0.1033936566971840 0.0804812375398014 0.0692581835138889 0.0035638139965413 0.0153879217932032
0.13704443050248102 0.0309716524316520 0.0060625555717976 0.0013040909508697 0.0022385872379892 0.0675822149043614 0.0039284058884091 0.0024830977446777 0.1668074492006603 0.0027505541350939 0.4407775261137303 0.0915699796351121 0.0027125928755888 0.0023683659664723 0.0041081452861226 0.0032686618498399 0.0144761694044998 0.0232938778607890 0.1185888924607880 0.0021188511100689 0.0125883293714773
0.1011578166885302 0.0316003575237438 0.0080349920291926 0.0008292500982387 0.0013468699833840 0.0200461537234069 0.0024956653206105 0.0011020356618145 0.3684375908813586 0.0014689820104012 0.1244633091310306 0.0306137570708396 0.0016547009398660 0.0014375455642498 0.0017041122379658 0.0015753306367678 0.0092010825484289 0.0220912046252945 0.3689949781253939 0.0006268788000770 0.0022752030879358
0.10086978839901899 0.3646924729901954 0.0340747699155211 0.0038878524206933 0.0048548821838862 0.0052588146751091 0.0763167365321109 0.0031025432184107 0.0240524736140661 0.0043445410861232 0.0229563508949609 0.0084833590077144 0.0174970802252588 0.0088171966325296 0.0052919178037991 0.0044807796267241 0.2436417578141824 0.1105967107325897 0.0534992192616751 0.0010300943795095 0.0031204469849406
0.09018137226943478 0.0485199741254647 0.0022475151081170 0.2991436952165170 0.2653322093436694 0.0027921860553537 0.0359677752784871 0.0211199550284979 0.0052226490348880 0.0439140384561146 0.0085666888313757 0.0041674862810867 0.0787065279640871 0.0058801932972609 0.0555805642795948 0.0261399735976222 0.0512304089121702 0.0306877685968079 0.0101390975158513 0.0007537800549442 0.0038875130220898
0.08179433069069754 0.0387002815143800 0.0039240387896273 0.0111287151317919 0.0431814948291970 0.0037433965637598 0.0201858003774802 0.0314595704392069 0.0096973525835663 0.2851786827183578 0.0277526987977675 0.0091274641754313 0.0395190347242993 0.0045538728827799 0.0695924990393740 0.3035198999928244 0.0423409560251667 0.0352646690439918 0.0146950815885926 0.0015831714131268 0.0048513193692786
0.057733987338162325 0.0180611587171265 0.0071104479491828 0.0026063739696108 0.0033400499514129 0.3732087471511038 0.0039539965658452 0.0351615424497854 0.0287142713247392 0.0039556202680619 0.0706143941282751 0.0205019736557771 0.0062392116795455 0.0023806544710782 0.0050988533987037 0.0052632278207052 0.0172409363811231 0.0089368231498720 0.0277481870538338 0.0350955253532373 0.3247680045609803
0.03590372440540695 0.0602847952620931 0.0030477564167856 0.0117020154842326 0.0079503851062051 0.0017920774234634 0.8184826803763314 0.0023850559536721 0.0022865589449302 0.0066657676326456 0.0036184673461610 0.0019048766908565 0.0141015720861528 0.0019262941287150 0.0034156800534844 0.0075101737654128 0.0351714389224709 0.0093513796960366 0.0063939608439500 0.0006091412580713 0.0013999226083297
