64 20
0 0.03401015228426396 0.0189783416025158 0.0075132255628512 0.0020257125524443 0.0037204136351948 0.0623056696784906 0.0042009092485536 0.0046480125406290 0.1286173834935012 0.0051482907801511 0.5199581579874194 0.0987711905039836 0.0039218971827254 0.0041114928543396 0.0080167408571068 0.0062703515132912 0.0102012614995389 0.0152190965845701 0.0810838024067086 0.0037591685459539 0.0115288816947588
1 0.03348257571436719 0.1016248878208294 0.0151502518106787 0.0551509976293110 0.0623267499820318 0.0149624891944139 0.0554470022370774 0.0345450200817508 0.0231983289027504 0.0617780461720173 0.0337782843379033 0.0181086265751512 0.0817787486664394 0.0260381191770416 0.0601872163331346 0.0530793738641744 0.1553384192940475 0.0890912173669420 0.0359451595009793 0.0046195276788981 0.0178515425809418
2 0.0310500199623567 0.0665203459221161 0.0115075383732549 0.0371910921482366 0.0675298948374357 0.0142255005461058 0.0331675896644930 0.0456441282617562 0.0264919531279388 0.1299443637095886 0.0456021067519289 0.0225398543050147 0.0583344751221528 0.0184327144618846 0.0982150889327701 0.1294354152204263 0.0760814768524982 0.0587785042404482 0.0356983135516166 0.0059328454270389 0.0187267938004225
3 0.0293132949295614 0.0661834320721859 0.0162657006613581 0.0031326927322502 0.0063237849105165 0.0693259308620490 0.0154711252606286 0.0062528414282421 0.1874115383548984 0.0081644783450240 0.2361001564451795 0.0665233976836269 0.0064589648334469 0.0073805345855628 0.0093121004629829 0.0090530682947563 0.0249786323085904 0.0413976612102345 0.1963926838602976 0.0064144830723222 0.0174567858986283
4 0.028885530143158616 0.0240317846332310 0.0076554335751999 0.0014682782443676 0.0028854556679830 0.0472780472196663 0.0040839530175733 0.0030378037936617 0.2387369221838280 0.0038342867850231 0.3884742136439920 0.0709167896080562 0.0030751847533812 0.0033626380126370 0.0048835762790995 0.0044719428619114 0.0085875196250372 0.0177695966887155 0.1541970296347121 0.0029324948840557 0.0083170511685260
5 0.028406433582387498 0.0721633379751029 0.0211788129492019 0.0201505236817588 0.0368748758642706 0.0492751916257404 0.0240286868127698 0.0325469275104909 0.0740421824264632 0.0439141710351370 0.1418246704186328 0.0633577064461400 0.0335145016649935 0.0209248439879529 0.0562834813514708 0.0499530805396044 0.0662350118743098 0.0630456169079409 0.0796632203553860 0.0140505497136833 0.0369726072717599
6 0.027913078195402955 0.0900860252881079 0.0062514829482019 0.0856916224733347 0.1866700017674700 0.0080648511976910 0.0315774867750306 0.0281816518343891 0.0182660925253373 0.1002442772977113 0.0308673688272376 0.0147620464494279 0.0505081340876584 0.0170058487711483 0.1014538378299960 0.0672263084133633 0.0684322448263179 0.0506348709000817 0.0305896675300370 0.0027560840619943 0.0107300976758276
7 0.026116466092511264 0.0237762966994211 0.0071710131054045 0.0015649688108853 0.0028961545316410 0.0339662290127743 0.0036704075775739 0.0026948510053062 0.3581483009062135 0.0036238174000762 0.2317712947286819 0.0579057106561852 0.0032876817996507 0.0031291979919206 0.0041633156625176 0.0039487915764495 0.0081757956402441 0.0210713050756633 0.2196914929238998 0.0021894572263347 0.0071539193259089
8 0.025201049449609308 0.0223293835671455 0.0067554512159746 0.0013030427920693 0.0024262755045820 0.0137499049350605 0.0025649889299696 0.0016521372000679 0.4013338532639440 0.0026512523223215 0.0861703572824980 0.0228943589981898 0.0025360096836747 0.0026436965339744 0.0026385650010182 0.0026198995596900 0.0064325603134968 0.0194532695924877 0.3952850159520310 0.0009304490208847 0.0036295255397669
9 0.02516968003193977 0.0536951165378950 0.0130649684318228 0.0026526251076246 0.0053123250066952 0.0298391285309845 0.0077850389376911 0.0037421271492692 0.2666692948906771 0.0061883990619689 0.1464751389214910 0.0433372744237000 0.0052508463319362 0.0052957411017333 0.0060004589975076 0.0061801534377592 0.0176655890744306 0.0405837747857709 0.3298163342018805 0.0023825346228390 0.0080631305793590
10 0.023535618547881137 0.2556000391372832 0.0316579389096087 0.0184014039233006 0.0262514145169029 0.0156663977202230 0.0679333935005453 0.0131689292992851 0.0284794972340966 0.0227489981067491 0.0349577924148795 0.0196513481050527 0.0301091887763238 0.0240056615274446 0.0251349233359990 0.0213137148779837 0.1881027892160426 0.1037693971840542 0.0579125083642311 0.0036275632241367 0.0115071009123955
11 0.023201962014486967 0.1086855971460176 0.0273364722425024 0.0310608425397001 0.0250176556160276 0.0140564145833334 0.0614475190843166 0.0187184331242625 0.0186786115983286 0.0272520655603491 0.0255275615351524 0.0138889202293510 0.0771142850988201 0.0244401156718289 0.0268438032431170 0.0261305138628319 0.3049309158062929 0.1240858899360865 0.0286013521865782 0.0034425381709808 0.0127405005572762
12 0.022577425426338903 0.0507740879512442 0.0069487117742453 0.0271304618013136 0.0654536789576859 0.0072018184065934 0.0232315290138941 0.0267975163849943 0.0196324120791966 0.2768289561702673 0.0307276332676521 0.0176418949103195 0.0513093993153972 0.0133331542042440 0.0829032809574333 0.1593343692926612 0.0561312466312998 0.0477422833876468 0.0245526786652772 0.0031002260995327 0.0092246583986359
13 0.02081788627160212 0.0797611505834018 0.0207680211846070 0.0115107535389344 0.0230890495056148 0.0272998009052315 0.0169231591498218 0.0126581228464804 0.1661952887784168 0.0264269087244591 0.0939189230347850 0.0518491328841414 0.0216163950646399 0.0148425726533826 0.0231079576398247 0.0237431887685566 0.0581253283963297 0.1117086382360996 0.1962369133935904 0.0044569420169816 0.0157617481902218
14 0.020743740375292304 0.0632854501979654 0.0064220636009761 0.2245930667445700 0.1716906612922743 0.0078370750879847 0.0497826933868573 0.0290507183798460 0.0117103561558977 0.0528329451108056 0.0187855507069013 0.0089743947790762 0.0881383345944461 0.0212645029547704 0.0542308642752269 0.0335969644276876 0.0803602648281551 0.0439692143359912 0.0197903770987076 0.0023707575483090 0.0113137503222436
15 0.020732333314321564 0.0499506302712378 0.0155714718062784 0.0064348402734957 0.0129927659930194 0.0653984710298775 0.0133027105427511 0.0144484107304144 0.1056005756601956 0.0187276239000412 0.3279523011152421 0.1026698073261737 0.0127487413271374 0.0107806699319839 0.0248740765617513 0.0221096111293406 0.0315723024865759 0.0393010929409335 0.0896058911000964 0.0099542337146771 0.0260037756641884
16 0.020561227399760452 0.0463012054188627 0.0127592326113870 0.0193484449891817 0.0401719692646324 0.0116803411152566 0.0257995565173370 0.0440203281840499 0.0212107383667130 0.1676591754202497 0.0395147448113732 0.0186771595826630 0.0398934810052705 0.0141604189496533 0.0765692866105410 0.2791176413314841 0.0533225318002773 0.0411298166962552 0.0266656811969487 0.0067867884970735 0.0152114625062414
17 0.019985170820738037 0.0672161250028538 0.0042013599650256 0.1319672515125570 0.3431888324771682 0.0053483476057362 0.0263344947972318 0.0193643782823915 0.0123281748476031 0.0657321156770833 0.0196277784028252 0.0097126807886702 0.0375848495729167 0.0134821099526255 0.0927390512542809 0.0358654458682934 0.0475540260887557 0.0347978352739726 0.0235783371556792 0.0018930809207905 0.0074837279414955
18 0.0196058860434609 0.0097784897193776 0.0047074070423334 0.0012341100221996 0.0020816549364272 0.0442205351572592 0.0021613062556009 0.0028595561608816 0.0823254594931626 0.0030180754768693 0.6882246083794016 0.0762239434943265 0.0021810367727670 0.0027675833521967 0.0048209151475123 0.0035431302430899 0.0060154902883329 0.0080095933252837 0.0474358767020659 0.0022085756577829 0.0061826608785279
19 0.019528888381908402 0.0240070646101050 0.0058664398695970 0.0102003750702396 0.0246050981950934 0.0046478197824183 0.0141491105360689 0.0211210586990362 0.0115577226175527 0.3549409664135506 0.0198061379545851 0.0115911518132302 0.0302202194845210 0.0071583424532710 0.0539156936331776 0.3235502584696257 0.0336320509915302 0.0262708858250584 0.0138550797967290 0.0026721199231600 0.0062324037054614
20 0.01907545770832145 0.1180048648766632 0.0106904046447900 0.0336723536932277 0.0464668931755120 0.0140666786859022 0.0340731164209897 0.0224462998261325 0.0280869462019735 0.0445452317576618 0.0439829914635971 0.0149582155322170 0.0313633074223352 0.2428272534011057 0.0437624218044551 0.0399864409322769 0.1087586675287786 0.0621338323650770 0.0436564493242637 0.0040678893015398 0.0124497343916878
21 0.01857354702560885 0.1048858688714879 0.0252822185945033 0.0160482288165208 0.0228706646362659 0.0156431818420083 0.0239009046282820 0.0144524335352372 0.0535605531306617 0.0297340415338553 0.0435726624351299 0.0305995607910333 0.0408385443766313 0.0161103332674651 0.0247416513155228 0.0255805675231076 0.1363628573192078 0.2762668800859816 0.0843729923752495 0.0034509090944265 0.0117249399944726
22 0.018356812867164774 0.2359726612923272 0.0386007657612613 0.0063657411057936 0.0107909600270271 0.0275245937982292 0.0438051866057783 0.0064286740492389 0.0870719406958683 0.0100799055221032 0.0844735528036658 0.0343891189251320 0.0112320803426531 0.0130975526735011 0.0108016533303820 0.0096983703152687 0.0792368197561355 0.0891636453106556 0.1868841096458530 0.0041260170321373 0.0102566558839702
23 0.01774368333998745 0.0136481999352296 0.0115970499443909 0.0038645336131468 0.0047382050941819 0.3719996571841860 0.0053312572156863 0.0326265015760206 0.0202110482974928 0.0056679462261330 0.0537597216168436 0.0137005490405014 0.0090807430506268 0.0036397833839601 0.0073319942653487 0.0078807261412729 0.0153169420360015 0.0103182413383158 0.0207038227385085 0.0247235078044037 0.3638595652523313
24 0.01769235156561912 0.0382101867794973 0.0024567152100580 0.2943419078014184 0.3833242761121864 0.0030232312980335 0.0242384948089942 0.0132648955003224 0.0060879173239845 0.0306224844679239 0.0098572290217602 0.0049081884584139 0.0397581518573501 0.0093825278146357 0.0489214975531915 0.0156322698628304 0.0361301660041907 0.0215111171357188 0.0126565169024822 0.0009596494018214 0.0047125797998065
25 0.017238920892032168 0.0393419881703886 0.0101146801861042 0.0015119442795699 0.0028131175157983 0.0095752223439207 0.0031348356866834 0.0017254184695285 0.2414508808701401 0.0028320428899916 0.0592796963430934 0.0169264110081058 0.0026757214446649 0.0028211546350702 0.0026490545313481 0.0027513980120761 0.0081661952438375 0.0248261655245659 0.5636242764267991 0.0008716811063193 0.0029081027376344
26 0.01717333029145041 0.0457871967286615 0.0141939211197277 0.0839678777367985 0.0387748915225839 0.0119562511275324 0.0519385198256393 0.0520408340481569 0.0157158270119560 0.0526739582313185 0.0213640408952178 0.0116220808068748 0.2763597329790771 0.0114237702363003 0.0390402474792428 0.0390371129448688 0.1297798437462637 0.0625418121006310 0.0194943403835936 0.0032599560274992 0.0190277898844238
27 0.01571037472195289 0.0293530206498446 0.0026884817660376 0.0060969544179711 0.0042816456794342 0.0015166248078237 0.8978576908694741 0.0022882640758760 0.0018067387170095 0.0038459389426392 0.0028484403995289 0.0014870173320029 0.0075938442387001 0.0019045388016155 0.0027530513728449 0.0047564242354333 0.0194011479012535 0.0043177894957338 0.0032371739453635 0.0007709388009440 0.0011942635801053
28 0.01570467119146752 0.0867602696858544 0.0158519219843835 0.0649956465507536 0.0510134870001816 0.0121605329059379 0.2742698151443617 0.0245298300305066 0.0136267847455966 0.0491186089003087 0.0224097353658979 0.0117787608098783 0.0820222059736700 0.0168018298554567 0.0349714798797894 0.0450292124619575 0.1138134767586707 0.0410007752954422 0.0224870760631923 0.0054987025024514 0.0118598557697476
29 0.015205612273997604 0.4774942509377345 0.0282526104322956 0.0055017934514252 0.0077231497740811 0.0060394248372093 0.0756555123263316 0.0038720021215303 0.0108122972085523 0.0064124782066767 0.0120909980007500 0.0074719173910352 0.0099368587094898 0.0101366857046137 0.0072601171479744 0.0064309641222805 0.2327962204051015 0.0554744424381095 0.0312632255195050 0.0012657518982558 0.0041092996423480
30 0.015085838133804826 0.1096821734933838 0.0080259204578450 0.0198263871981096 0.0278641946332702 0.0085846537005671 0.0237096346313799 0.0147302555200378 0.0178280285429112 0.0269080365313799 0.0327112157618146 0.0094001825434783 0.0183054072990548 0.4619566268431000 0.0277255368374291 0.0246206927068052 0.0848799578544424 0.0422260701361059 0.0310610922173913 0.0026515065582231 0.0073024293674858
31 0.014923287514971767 0.0338001940378368 0.0200981224800306 0.0055915896273647 0.0071129206027135 0.3082752392509073 0.0118582926124593 0.0202836171169501 0.0705074283355628 0.0094255676789605 0.1544473961857444 0.0426202368412001 0.0118322060978406 0.0072863048811389 0.0109920588532391 0.0118707697502388 0.0278442684120007 0.0237466524383719 0.0652561184674184 0.0285261821607109 0.1286248395457672
32 0.01462955569497519 0.4177084436647173 0.0387130971633528 0.0097670561267057 0.0172573289504874 0.0115928775933723 0.0564681955810916 0.0074893006471735 0.0333627436382066 0.0131579618477583 0.0329971476842104 0.0173632084621832 0.0126186515058480 0.0196342122750487 0.0126472309631579 0.0120200603196881 0.0982346261228070 0.0806773799961013 0.0982489851072125 0.0024841697522417 0.0075573279832359
33 0.014367193292648149 0.6587766667328339 0.0182398887193331 0.0030369955176657 0.0047081232493053 0.0034514428150061 0.0702307102268758 0.0024384438818976 0.0095470661125448 0.0037760509448193 0.0093875349811434 0.0054765482082175 0.0046897307774910 0.0064764829900754 0.0041511549579198 0.0039981182784833 0.1195322608793171 0.0331693984473998 0.0355159974265582 0.0009325532424772 0.0024648346855895
34 0.013928021445274625 0.0120505370210891 0.0041572399415847 0.0011672228044020 0.0020611414162572 0.0138350423157248 0.0018795322827601 0.0016178886196151 0.5624408220720715 0.0028231830861998 0.0961537320843571 0.0313034390585586 0.0024130445794431 0.0019327297468469 0.0025574281126127 0.0025568537708845 0.0049823817397624 0.0143154544256756 0.2372007165151521 0.0009357568371827 0.0036158541613432
35 0.013842468487994069 0.0397470097630820 0.0241970270533581 0.0145927070306963 0.0175318010515038 0.1549237966852080 0.0163605664950555 0.0897813887371239 0.0316679800618048 0.0210279871337041 0.0644285185867326 0.0219363137845077 0.0322263968156160 0.0099092696221673 0.0262892998232386 0.0289853400760198 0.0447320164833126 0.0297731425504738 0.0374597741779977 0.0315101850918830 0.2629194837041614
36 0.013431814293047396 0.1184571072611464 0.0130903547721868 0.0365117488698514 0.0258513451033971 0.0075222751201700 0.5006086978768571 0.0120504352159235 0.0089689837847132 0.0235279448670913 0.0135674528216561 0.0072689200067941 0.0436129947110403 0.0104215697588110 0.0169211040851380 0.0224401150868365 0.0884383041358811 0.0254888785944798 0.0160738438248406 0.0029882896800424 0.0061896310823779
37 0.013203673073632578 0.1319504699395249 0.0301319978786177 0.0046621232539957 0.0093109092304536 0.0173511544455724 0.0130567150110152 0.0050455526112311 0.1409614804686823 0.0085279565209505 0.0699389737257019 0.0287525835961123 0.0080590769818575 0.0101147687511879 0.0081382037138228 0.0081137502097192 0.0343719207602591 0.0750831561663067 0.3864660896328285 0.0022801267162635 0.0076829780624190
38 0.01315519306450693 0.0798161274766963 0.0081601835059614 0.0241482961101236 0.0151160254402775 0.0041463673823976 0.7003554441794909 0.0065130882388901 0.0048039187402992 0.0134720499765879 0.0073841728341646 0.0039657133485801 0.0266803733373076 0.0052736167266421 0.0090382788311294 0.0136509544643399 0.0504433475764144 0.0128879230717537 0.0091148228684155 0.0017336922460221 0.0032956057307609
39 0.012684651799463868 0.0407397703507194 0.0169423071593975 0.0324078445539568 0.0328040910251798 0.0397083665674461 0.0230082341778327 0.2451147015287771 0.0194438870290018 0.0418776048718525 0.0403566324145683 0.0161392866474820 0.0862486093277879 0.0142884650213579 0.0782856547751798 0.0635297000292266 0.0570665551663669 0.0338108534060252 0.0246641111016186 0.0094062858549910 0.0841570361128597
40 0.012562025894028404 0.0346187026061294 0.0045466321053348 0.4476803548240637 0.1789446275573208 0.0045210865391601 0.0319599083677638 0.0194799599073780 0.0066471910467649 0.0260637405489216 0.0101213859418841 0.0053265628385926 0.0813725449852439 0.0106936550599319 0.0313999275051078 0.0160085338898979 0.0466701374279227 0.0242055433257663 0.0115689203055618 0.0013399317693076 0.0068306445316685
41 0.012362402327040438 0.0111671337963092 0.0108615150191465 0.0039209835916955 0.0044568361928488 0.2120217177254905 0.0043874921760094 0.0487295343344868 0.0110206796521337 0.0051000399462514 0.0266294075981547 0.0072535994147637 0.0107310146830450 0.0031179032742791 0.0066521584309112 0.0075340687487890 0.0128315353633217 0.0086193655515571 0.0125363723441756 0.0206348182809689 0.5717938260668947
42 0.012048708150345063 0.0241032007643161 0.0127681618613346 0.0025637515854236 0.0036517782723615 0.2633464988168478 0.0070613632056317 0.0078097406481306 0.0861896481045906 0.0044288229387127 0.3456929716043543 0.0667722045267392 0.0050544987214860 0.0048191053937530 0.0067253051353526 0.0060770702176999 0.0147421045101749 0.0165782847018458 0.0640919305134879 0.0124063559933743 0.0451171954212021
43 0.011712199851708207 0.2974821322132944 0.0341923239469199 0.0092070980299489 0.0098938156820064 0.0074995814950085 0.0640222476138300 0.0063717432354516 0.0104334573221330 0.0084759254709033 0.0132605950448017 0.0084685795505235 0.0193675600715851 0.0130981557285123 0.0103721707158510 0.0088497001643534 0.3727228556123693 0.0736304738032627 0.0256308873664476 0.0016999923103238 0.0053207095687850
44 0.011435578623167741 0.0697650834987531 0.0158806368112219 0.0165938927543640 0.0118487003733167 0.0069044105109726 0.0250222312820449 0.0085314070326683 0.0139445306600997 0.0156262608408977 0.0145635652725683 0.0098441424995012 0.0426923510044888 0.0127026658835411 0.0125734439566084 0.0136073731154614 0.3464128947630929 0.3344929638403996 0.0211495095236908 0.0018705078905237 0.0059734165496259
45 0.010996406775794217 0.0256421476581949 0.0099976379509855 0.0092675043436203 0.0195521250031121 0.0066261346327800 0.0156434992793051 0.0321741512995332 0.0125550968441389 0.1911372820020744 0.0239086235788380 0.0113457992411825 0.0237946619968880 0.0081092471509336 0.0520474086281120 0.4746018462136932 0.0319224974429461 0.0229974024922199 0.0146631246418567 0.0049341706931795 0.0090796385713173
46 0.010591456111332916 0.0119421437299404 0.0086047388734518 0.0025002493287559 0.0030623301308561 0.5932126136241256 0.0042201473572967 0.0107316977393645 0.0269325568726441 0.0036830310993538 0.0885520672019386 0.0198348888966075 0.0048500241227787 0.0027832362285945 0.0040821868947227 0.0045206775414648 0.0116513664063007 0.0089312558193323 0.0234930282323641 0.0173269931938072 0.1490847590465804
47 0.010585752580847544 0.3583492481142245 0.0220875596883082 0.0073784977246768 0.0088780991602910 0.0094622815476832 0.3175611621767237 0.0049119209595905 0.0133663131023708 0.0072841212114763 0.0178051973046876 0.0096411436691810 0.0112863258642242 0.0105361004975755 0.0077660374779095 0.0078653954606680 0.1174443787203665 0.0324006043857758 0.0289141864197198 0.0022139912779364 0.0048474536333513
48 0.009715964181828551 0.0656767597182272 0.0044268917660699 0.0078423071852069 0.0110570547029645 0.0049128470234811 0.0119657875380100 0.0076488001356032 0.0092985024854712 0.0109363747980628 0.0167566058837685 0.0050419067238039 0.0076131562979161 0.7264721875550326 0.0119729797105958 0.0104677025635456 0.0446626866979747 0.0215521338641032 0.0160513415068976 0.0015237253479307 0.0041202545165835
49 0.008632293389608168 0.0992992306475058 0.0281464788017839 0.0133233425391478 0.0085083321337960 0.0066906135517013 0.0404491657842748 0.0074472167776676 0.0076415557096137 0.0095667544159234 0.0110636050713579 0.0058799856666666 0.0318937772124215 0.0119685216105054 0.0087353769986786 0.0098092618308557 0.5688256835150318 0.1104502491311528 0.0130535267258011 0.0017024469438388 0.0055448723303601
50 0.008378486283009183 0.0214595520626278 0.0037728803233492 0.0091991784540503 0.0261576712144316 0.0034536853318584 0.0113255836477196 0.0132446275547992 0.0107858049516678 0.5279834809394155 0.0155170065561608 0.0114176113692988 0.0298024705146358 0.0063158523536420 0.0435786551388700 0.1977867717699115 0.0261941510551394 0.0239450564771953 0.0120099716167460 0.0018538082548332 0.0041961757226004
51 0.007819540295442878 0.0315254434307076 0.0021830177560175 0.1276315227133480 0.6159070536105041 0.0029825152024070 0.0142642285375639 0.0086789349693654 0.0059941759908827 0.0279098291739606 0.0092652173898615 0.0051516085269876 0.0175144179631655 0.0052376563698031 0.0607439012837345 0.0132438013249452 0.0205843409821299 0.0151063301531728 0.0115471448034283 0.0010048935952589 0.0035239529000730
52 0.007776763816802601 0.0266294137330401 0.0067274117297396 0.3660870539053909 0.0606883767873120 0.0059449692200221 0.0447248184481116 0.0285710621426476 0.0079809901873853 0.0278492054902823 0.0099995104349100 0.0050409719006234 0.2367888202420240 0.0084569606890356 0.0220937616809681 0.0184204994917492 0.0721842597286395 0.0299944778621195 0.0105073718210488 0.0015842378210488 0.0097258047392739
53 0.007066674271373981 0.0387457834463278 0.0081260525330912 0.0214363906279257 0.0827784007384988 0.0102095629221145 0.0180217566263115 0.0730477575076675 0.0167448608708634 0.0535896832966102 0.0446983821464892 0.0269270100456013 0.0319405705161420 0.0126158988002422 0.3977617251815974 0.0540223103882163 0.0390857424011300 0.0305760073567392 0.0220489139991929 0.0041375706198547 0.0134856359810331
54 0.007043860149432498 0.0456846100364372 0.0126007223595142 0.0096771631194332 0.0081802917165991 0.0053765600246963 0.0113134308546559 0.0057432208186235 0.0188313410728744 0.0111284610157895 0.0150195177991903 0.0109245894542510 0.0258106346890688 0.0068639812611336 0.0079717715785425 0.0100851128858300 0.1803216421052631 0.5802026287449403 0.0286456928364374 0.0013456589433198 0.0042729651874494
55 0.006884161295842127 0.0342838921218399 0.0098661190841277 0.0044463429975135 0.0082934890157481 0.0365993489320348 0.0088918571732284 0.0073530011947783 0.1106415360986324 0.0131118520169913 0.2403818645959385 0.3432530447575633 0.0092990348180688 0.0050730855942810 0.0197056867753833 0.0125875980472441 0.0211360960961457 0.0325035048487360 0.0663547604144218 0.0046631413078740 0.0115547551214257
56 0.006690241259339531 0.0153262974833761 0.0028362597459505 0.7036169130434790 0.0665812588746804 0.0024814640000000 0.0163749114855073 0.0125262257604433 0.0035930294595056 0.0105286083422847 0.0048808926474851 0.0026240426099745 0.0859136232651321 0.0047747238520887 0.0115257052199488 0.0076243621594204 0.0262729314586530 0.0121452207105712 0.0055419696879796 0.0007182335479540 0.0041133249121910
57 0.005227285689842012 0.1138481640534643 0.3092596257501365 0.0128096712984179 0.0116399523497000 0.0302352820698309 0.0336115134751773 0.0153820083546099 0.0307952366939443 0.0138228612542280 0.0435089032787779 0.0193279122422259 0.0267349506546645 0.0108188810109111 0.0145283860556465 0.0195384800769231 0.1362104252918711 0.0639305288543371 0.0610481357119476 0.0093741768319694 0.0235749191172940
58 0.004286203159755889 0.0366845587558216 0.0205581944910180 0.0100491952980705 0.0132608413393214 0.1202315166267465 0.0231453499268130 0.0239577612787758 0.0292901426879574 0.0184253672528277 0.0673868765069860 0.0233961259747172 0.0161971560133067 0.0109299235515635 0.0182755414178310 0.0299636467072522 0.0364314082368596 0.0256932528809049 0.0324872999135063 0.3411347997338653 0.1025010130472388
59 0.004274796098785148 0.0223920424683121 0.0087489215557038 0.0665047123228819 0.0163351796597731 0.0065734583955971 0.0230424670580387 0.0392773036417612 0.0092322220573717 0.0232493374636424 0.0112478853969313 0.0065517486097398 0.5950217358238820 0.0060470851901268 0.0176885821674450 0.0168361145443629 0.0758110321280854 0.0312761531287525 0.0114384504402937 0.0016093300533689 0.0111162208945964
60 0.00333656533394171 0.0127588421811966 0.0067839929572650 0.0041858675923078 0.0078714964239316 0.0040171333931625 0.0076042353598290 0.0175246473675214 0.0062293389538463 0.0812924634418803 0.0121832356042735 0.0050617282923077 0.0099750129290598 0.0035502174136752 0.0230729652085470 0.7587193589743586 0.0137903145666668 0.0107007415982906 0.0071049719837608 0.0027543441037607 0.0048190797786325
61 0.003174014715108652 0.0132298160646901 0.0132190723773585 0.0043278096118598 0.0056961112309074 0.0499955663899371 0.0089495981653190 0.0081592594420485 0.0107020490215633 0.0070615961509435 0.0291547485292002 0.0080281227646002 0.0066841614591196 0.0046610341536388 0.0072752451581312 0.0130035606082659 0.0177211934681042 0.0107974348697215 0.0118099474070082 0.7279058966756516 0.0416177773764600
62 0.0026606969714253123 0.0197302256162916 0.0067939788906752 0.0156502611018221 0.0126587647599143 0.0186454645498392 0.0098205827148982 0.6247955712754556 0.0097249720771704 0.0141892668467310 0.0194770153397642 0.0077909523815649 0.0575940578349410 0.0066975261146838 0.0491811444694534 0.0230693975605573 0.0252408753376205 0.0164755961200429 0.0117824999914254 0.0037511361178992 0.0469306974351554
63 0.002173045114926139 0.0176746545590551 0.8344526640419930 0.0052095947152230 0.0048018418070866 0.0073631209671916 0.0091898971758530 0.0051711837847769 0.0081692085052494 0.0051318459553805 0.0107330627204725 0.0043885851338583 0.0063709426181103 0.0040762120301837 0.0047669513818898 0.0082287669986877 0.0294572474540682 0.0129058942086614 0.0116794737782151 0.0029868986496063 0.0072419508097113
