# This script is generated automatically.
# Vector of amino acid stationary distributions.
distributions <- [
                    [0.07455235290369537, 0.0053064457326926166, 0.07948403453002274, 0.15321374245872849, 0.008181390309491582, 0.0334502141440434, 0.03124937777023854, 0.017162006985146076, 0.12617877710953734, 0.029583980318093325, 0.012660721328183452, 0.06078434361167173, 0.020128193710656033, 0.10805088501637578, 0.07626967823303671, 0.06554744465577139, 0.05626533040129685, 0.02700556078343854, 0.0032375656396036465, 0.011687957466834376]
                  , [0.09695504833486225, 0.01272040830992422, 0.06714364203614986, 0.07130474362450306, 0.013114898397071372, 0.06095263784595522, 0.03221658458223762, 0.020362921872693666, 0.06786754638786394, 0.03100534356209053, 0.014290921660653053, 0.08250957932490735, 0.033631910749804664, 0.06193593990486877, 0.052888377099174405, 0.13834177306085016, 0.08883554925219994, 0.03238236163727811, 0.005125442753293916, 0.016414373661604427]
                  , [0.07046368039081208, 0.011542893202953786, 0.034481287730713364, 0.062105930185826295, 0.01427637264024971, 0.033989031338631154, 0.043792981995463894, 0.025699290507583884, 0.12671345937767586, 0.048819071394839986, 0.02006724542368821, 0.04849050890775819, 0.021826086636403223, 0.09375533482436998, 0.15859031920676386, 0.06655917525328399, 0.05747733659409245, 0.03582284842249089, 0.007312920193268733, 0.01821422098116699]
                  , [0.07243907917004595, 0.006140805327877334, 0.1998023718535654, 0.15597607188274526, 0.008084883193125315, 0.061332474388145694, 0.028537265037556374, 0.011913309563194162, 0.056664723160647266, 0.01952995782354955, 0.008538676606472936, 0.09170608366612344, 0.026113577285633096, 0.05541142587630269, 0.03628243557672345, 0.07821120429226515, 0.048337226109826784, 0.020022196590214855, 0.003270813469041545, 0.011685413523591263]
                  , [0.08653926421015487, 0.022203370524598393, 0.03151764679171337, 0.0512488453419687, 0.038931916989994604, 0.03323541202590606, 0.03374735126960594, 0.05901417663719015, 0.052808082425001034, 0.08943601713621453, 0.040513921795989505, 0.04100372479316644, 0.029330373455100263, 0.05743935335616715, 0.05241586999663718, 0.07588899779050941, 0.0767963106214972, 0.07767448918960433, 0.014946092109561219, 0.035308785664383266]
                  , [0.049746709445598676, 0.011625710129166317, 0.005180786873352286, 0.009327228631526789, 0.05588352566104225, 0.01061155169624281, 0.0073294363434252725, 0.2021321951861852, 0.011164406456379276, 0.2504011992269968, 0.06846466157260428, 0.007796279888122398, 0.008742603670933626, 0.012035042737760755, 0.011597685651974207, 0.01978453085807496, 0.037373286693957175, 0.1971735291239301, 0.005942280276498216, 0.017687343394730225]
                  , [0.08087126408746458, 0.004109261666610214, 0.13691722437661447, 0.28795494830870993, 0.005661725852588957, 0.03104483693700528, 0.02049845569831929, 0.0121969142358071, 0.07351118212933411, 0.01996060723153155, 0.00898704171042716, 0.044368113597942474, 0.020049968578129577, 0.08878105942043077, 0.03900778230070706, 0.051512578530544875, 0.04092544193514247, 0.023420732263367758, 0.0022588994099911512, 0.007961961840015307]
                  , [0.24053233036175806, 0.024516632005383326, 0.027119123121533254, 0.03273277612411727, 0.01419741814806218, 0.07380564340697675, 0.015704983870370344, 0.025185511820370328, 0.02838880497782084, 0.03373041014181719, 0.016899351413092116, 0.0358504149323428, 0.034714560261800184, 0.029273173221274783, 0.026257734382385652, 0.16742744788716613, 0.10186203954995691, 0.05499248883376394, 0.004429208091920753, 0.012379946171231775]
                  , [0.05399725323293767, 0.011626147061117158, 0.00477827200485071, 0.008840788395425313, 0.025211719101606623, 0.00838332588574206, 0.005308173980431697, 0.2549499490653576, 0.009284475590995024, 0.142475780089743, 0.040470278584161454, 0.007256147186665708, 0.00816136163879536, 0.009005129135577702, 0.008883938955220758, 0.018540592081600575, 0.04370628814621559, 0.32716616836667556, 0.0030312381914196548, 0.00892297635691464]
                  , [0.05333650565089523, 0.006371669375956842, 0.030698833993943023, 0.07199544624499635, 0.007672743114598209, 0.025106440726123627, 0.028197890757988064, 0.01977965151079715, 0.2618551302668545, 0.03095303019004568, 0.016102655753467282, 0.05416176315396767, 0.015273091330714635, 0.08898962388079379, 0.145914058021858, 0.05404193604459272, 0.050477585402914325, 0.025260940958260036, 0.0032288145998903032, 0.010582191324438186]
                  , [0.018996617494241516, 0.006669480277954934, 0.0028135052330024446, 0.004665703579544857, 0.05985814457517736, 0.004299729819972002, 0.005027081520572612, 0.1278978825608598, 0.006014961997348758, 0.5216522881532027, 0.09601152113242371, 0.00451863078912465, 0.004757938738494123, 0.00942987514254088, 0.007218068380199491, 0.009933318214850495, 0.014799954882841804, 0.0795732289079084, 0.004382033864116359, 0.011480039609322035]
                  , [0.02589957616535213, 0.0068249605191398124, 0.0026419745792592222, 0.004655971115192371, 0.02967991448133807, 0.0041906146333574035, 0.003564808464850626, 0.3488089247789725, 0.005748642440396544, 0.21666953222556795, 0.05250327088267623, 0.004486501418160073, 0.004058542336200812, 0.005546582510489978, 0.005305617732454131, 0.009222948344993598, 0.023747693109103872, 0.23620845774575824, 0.0024536897374049897, 0.0077817696799044565]
                  , [0.11918668171173828, 0.023846392951736402, 0.03613368978587258, 0.030540714303137685, 0.013486773600807786, 0.060962339213339246, 0.019889350951874312, 0.01868405823205741, 0.0324997876183932, 0.02633702046066687, 0.013520115641741852, 0.07506303120998975, 0.02911439572498891, 0.030214409106152376, 0.02820043520772382, 0.27112734998275917, 0.12357009994482981, 0.030392817042017607, 0.004276535995281008, 0.012954001004580943]
                  , [0.025517316248629004, 0.006511916165271844, 0.0020117395836609514, 0.003566662927630776, 0.012803282888428889, 0.0030609480772073316, 0.002244510254982582, 0.38410936907730836, 0.00384626094274311, 0.08936917710339154, 0.022522553229176998, 0.0033427849911222274, 0.003315348046872689, 0.0034969697421946624, 0.003482137221780583, 0.007296926894463596, 0.022407260459152055, 0.39576354264339364, 0.0013208030964239354, 0.004010491089276456]
                  , [0.0357724769928458, 0.010805061554860159, 0.006057700934413865, 0.010090213616353955, 0.0790135118588725, 0.009292370767872295, 0.010242001854019649, 0.11965838377157452, 0.012488280988964151, 0.3803047925859232, 0.1008081831626891, 0.009384957677522544, 0.009260438647656341, 0.017093424418130006, 0.014834026629266125, 0.019949104878783243, 0.027662665235879565, 0.09531882140277154, 0.008760078002251238, 0.023203506328580724]
                  , [0.08216564811761688, 0.018719536724396517, 0.013752038233040706, 0.025946306738572216, 0.029664745762249627, 0.018980433081304607, 0.013950856416640999, 0.15996985471956798, 0.028849975830919278, 0.10409848333076525, 0.045519183541859284, 0.021869187326399604, 0.01817146299537748, 0.025259154909296366, 0.025987924855675335, 0.05127631963944547, 0.09563973060246529, 0.19594123869799632, 0.005737234468310208, 0.01850068368269129]
                  , [0.12374590302288259, 0.00987810219455374, 0.04193764682263407, 0.056251552183578385, 0.01356823775227788, 0.039106038285359315, 0.022289834071598676, 0.024466248110788888, 0.04728496890474217, 0.041270199909401735, 0.014110421302184782, 0.03286530580140819, 0.22812682827707592, 0.044685423083971845, 0.04005370414547529, 0.09829741700248511, 0.06269649608303995, 0.041943507400082826, 0.004992555104421197, 0.012429602578432394]
                  , [0.06505035166718831, 0.016575831002164833, 0.015802171164214687, 0.027687981317892515, 0.05436830447678666, 0.02133360001027651, 0.02417647248090767, 0.08922127574595717, 0.03564799536066775, 0.22156420463745496, 0.07205480100886803, 0.023425883294731335, 0.02076520589733961, 0.04271157385618153, 0.04077539494929579, 0.045060196623891394, 0.05061238671570163, 0.08694694400730309, 0.013491669005529446, 0.03272775760704225]
                  , [0.021919604502425277, 0.006574954299741684, 0.0021598484003109777, 0.004110461217274812, 0.04213103881960991, 0.003632349280390336, 0.0035558505371429336, 0.2445649993832375, 0.005179526797158787, 0.38679369551924103, 0.07129710230627313, 0.0036643890954137504, 0.0037817708180812593, 0.006331880804586222, 0.005672737966357463, 0.00792047499319981, 0.017262874358197275, 0.15204414957907264, 0.003035887456468144, 0.008366403406905615]
                  , [0.1025054752334989, 0.0187989626604901, 0.024432327826378337, 0.03358784160357185, 0.01414733629938746, 0.026951606783030685, 0.016938607237602574, 0.04847692446017806, 0.04109422764992491, 0.04050060533926729, 0.02612080332036759, 0.045114480991619466, 0.020713158429083334, 0.0314615391129927, 0.03194067757293952, 0.12961626235695292, 0.2507425338111201, 0.07998444466362269, 0.004495081255404007, 0.012377103821696891]
                  , [0.10235140098528475, 0.013980818419763856, 0.0705989351098703, 0.053991643856046066, 0.012713502031408072, 0.24739939196184446, 0.024554942164485546, 0.01471134426592173, 0.047039102264468086, 0.024403042970976896, 0.01148018322451004, 0.07577860893171628, 0.023984207621008554, 0.03766661029360786, 0.042322721804048155, 0.10448004077706034, 0.04722172286872566, 0.025558988545338397, 0.006165030255685464, 0.013597763989937766]
                  , [0.04361386954177051, 0.018926603586658344, 0.019105474747817798, 0.02190404318977554, 0.15569455395573603, 0.020269799653054893, 0.0733390314344767, 0.03613778244887778, 0.02505038506502505, 0.07522310662219463, 0.023287610263715692, 0.03185529662375309, 0.014523250236159569, 0.02845224038765588, 0.029993839236159718, 0.04285127741708236, 0.032837299273690834, 0.04196320930548629, 0.0397342107951995, 0.22523712360349213]
                  , [0.19961812414160374, 0.0069137696433583876, 0.07860649550125319, 0.12696828590789533, 0.00782669949692981, 0.052212974637844654, 0.023176078730639097, 0.014715160953132779, 0.06314869495426063, 0.028314402549498408, 0.011087918401942412, 0.03658429858646615, 0.03241620281253133, 0.07406152665601487, 0.06305924753634085, 0.07833945249122808, 0.056325571337719295, 0.03412042561203005, 0.0036104227636152954, 0.00889425249323305]
                  , [0.42392449405398575, 0.03028708301814008, 0.014159174156175854, 0.02037199031693198, 0.008544592314729607, 0.07391081385547102, 0.00802493731139494, 0.021023082355754147, 0.015131540787139151, 0.023406599064808756, 0.012064099124583089, 0.015405446380985292, 0.021230881420310856, 0.01482884664072237, 0.014143995861008077, 0.1349519509784182, 0.0739706608292959, 0.0655760029377713, 0.0023224868932548836, 0.006721319503681017]
                  , [0.054248456598523564, 0.01118322838095781, 0.09227988128026987, 0.04732350379960878, 0.012169132182282848, 0.05774196643132058, 0.04754474191759731, 0.01575073404025505, 0.06056060015704462, 0.02178332061581162, 0.011291204186951852, 0.23297655940437909, 0.014483118461354076, 0.04460436605842642, 0.040001882167455344, 0.12329694142658855, 0.06818366662691652, 0.020829505452079053, 0.004040945017073622, 0.019706241687425047]
                  , [0.047561156691102266, 0.0027339546372345206, 0.28865003450454857, 0.35397991335945606, 0.0033910722605535876, 0.027732738557065137, 0.014085351233822105, 0.006072164136058905, 0.03384698171777045, 0.01032558815697697, 0.0048645693808138865, 0.04437066959769968, 0.013472285971878141, 0.051269567235149, 0.016444075771233465, 0.03761856215021503, 0.024772354575518213, 0.012780894469982401, 0.001220318970639598, 0.004807745990899812]
                  , [0.04913445987586291, 0.011045114667876364, 0.020474699641522674, 0.03996676857483057, 0.010314501388435107, 0.02571310592881114, 0.04241224331705628, 0.017941450999873335, 0.16418633946165098, 0.037671141504844845, 0.015620947652162898, 0.037223506336690096, 0.015140594133954029, 0.07976479501944367, 0.30038936487427936, 0.047123582344670234, 0.04060706151117866, 0.024620193152827798, 0.00657447459433148, 0.014075664689720626]
                  , [0.015915061011440218, 0.009730430725221176, 0.005910622197073341, 0.006734265884735614, 0.3330670291985369, 0.0063952960171599, 0.03938858716980372, 0.017574738878749586, 0.007640109529298417, 0.047612564099102014, 0.012889478302095098, 0.012008888522248011, 0.00492203082101755, 0.009426374153575091, 0.009667720997472429, 0.0161897619621549, 0.012198780981310317, 0.019088437211040962, 0.03337013933488517, 0.3802696845360841]
                  , [0.026456698303908927, 0.006069784074050731, 0.010666544544346554, 0.02606700672061067, 0.0049663224023400385, 0.01570067013387974, 0.02394014531413759, 0.011554363238265301, 0.3275462461818684, 0.02106103693610728, 0.01136912759331649, 0.029973589981084542, 0.008688724103755104, 0.05827046017304184, 0.3337229440241001, 0.032442341605015836, 0.027172429603474917, 0.014564817060809573, 0.0029067402966162148, 0.00686000493190422]
                  , [0.2614690463780591, 0.03461505020906022, 0.009856994087235227, 0.01577416904393701, 0.01863673074118738, 0.03807962432392838, 0.008263957815133928, 0.07362932516404623, 0.013859625490221836, 0.06669371017804596, 0.028650331085864025, 0.013462687120898875, 0.01768271415191327, 0.014587798277981373, 0.013614486381125626, 0.07560809673989517, 0.09529858080335973, 0.18679165673774156, 0.0038844562266422567, 0.009540961080766717]
                  , [0.11855723353893113, 0.0068571887813282505, 0.026134747537862688, 0.035274315475648854, 0.008833958338396883, 0.026996409960763287, 0.014700573020686994, 0.01748828884435153, 0.03158517502358772, 0.030937429212213874, 0.009354234278091626, 0.02024525316106869, 0.4285580660305349, 0.030669725379770994, 0.027435198040915963, 0.078963186429771, 0.04393213887099241, 0.031963081713740356, 0.0034168639797633607, 0.008096933326870098]
                  , [0.028532913157731536, 0.015226823123334367, 0.009133774302680475, 0.010990796928183902, 0.31986372118066225, 0.01140451578067863, 0.03262258321629997, 0.04189405289820289, 0.01222191135055778, 0.1048143561124884, 0.02843887909823365, 0.016109615215525164, 0.00886255782259068, 0.014751004594979907, 0.014828609988379378, 0.02592339488301841, 0.021073638346761764, 0.04128796401456455, 0.0364021162900528, 0.20561676612798335]
                  , [0.05098618410218292, 0.01560897437696581, 0.03934871373069401, 0.04145437975197554, 0.040412362850794144, 0.028714035660981123, 0.185679629410844, 0.021755001753775108, 0.04944941686565997, 0.04576759756122359, 0.01736868241546048, 0.08166569282669602, 0.018627616462405086, 0.07609777642046789, 0.06673315743290824, 0.0596450178256787, 0.04175103186057422, 0.029405860391205803, 0.012011275425005848, 0.07751758800719807]
                  , [0.10220827692157018, 0.010431399783514848, 0.052902744203165396, 0.034641809223301664, 0.007489321843532092, 0.4555389318342078, 0.015372550385567599, 0.008879312955652946, 0.030837075508814593, 0.014151354419180237, 0.007195308593277477, 0.05763608472694511, 0.015371949432970274, 0.022988891324375194, 0.027509316639034782, 0.08090651766120818, 0.02816671696074593, 0.016621655656585257, 0.0037845170009402126, 0.007366262047402591]
                  , [0.09162669677524703, 0.007427420130949586, 0.029658971280354936, 0.018020923285546872, 0.004391395412577506, 0.6559366640428752, 0.008035942185731063, 0.005402666436442868, 0.01591899149790662, 0.0084473600251216, 0.004294047404789881, 0.03226802755853292, 0.007514249105593757, 0.01180614843434923, 0.014731389151398502, 0.05129144270892656, 0.016203000502093452, 0.010774170194774585, 0.002048390889691872, 0.004202101360492313]
                  , [0.04429906567178851, 0.009721624850661076, 0.0019078140951399106, 0.003816094570573726, 0.009202106216901838, 0.003713517237359125, 0.002129375923735844, 0.24299656575754858, 0.0034740769466677784, 0.06122886696105065, 0.017375893201357857, 0.0032221882361087306, 0.003373950196801867, 0.0033036213106128337, 0.0035659480806683463, 0.008844866488922465, 0.026737764622655015, 0.5467752149365732, 0.0009822711244238114, 0.003329165755851328]
                  , [0.04575581396658025, 0.004254086923340202, 0.3836481791618271, 0.17649411574658244, 0.005013827008578428, 0.04177829878259312, 0.020857146100795285, 0.007177264977213563, 0.03255421240639794, 0.011555842498704214, 0.005594686104012248, 0.09253884756679459, 0.01446390796720579, 0.03615011351621839, 0.01892676514636782, 0.0508767713108748, 0.029959144534000462, 0.012919793830488913, 0.0019533279992940784, 0.0075278562635153305]
                  , [0.02967982218536945, 0.013749498031453842, 0.005266797478717604, 0.007106943645568298, 0.25910106770775665, 0.009815014556476813, 0.014345627332780506, 0.08443914450617283, 0.008448246840335343, 0.2691780253086412, 0.06011393202045334, 0.008884011670904565, 0.007180092559517251, 0.010534896995761885, 0.010134981430348265, 0.01973113315275494, 0.02058834056384752, 0.06778298622811865, 0.019453666678459557, 0.07446577309185574]
                  , [0.35289051852206393, 0.0284733117218627, 0.010213002046424918, 0.011853252140710362, 0.006597093894227968, 0.061994908525605436, 0.006430469702976876, 0.010144122312721549, 0.010218272877955473, 0.012823557396477184, 0.007887485528764188, 0.018135728745955936, 0.013826770634249187, 0.011580969239877434, 0.009557814624485593, 0.3215992561500909, 0.07066505987460509, 0.027994930430171483, 0.001754439350473795, 0.005359039919785584]
                  , [0.03811780094116565, 0.003145148811103539, 0.010317112006595054, 0.006830265244376223, 0.001844306907931255, 0.8607010008652201, 0.0031599511767927205, 0.00236310640876726, 0.006145853419438269, 0.00361647761122863, 0.0019464840214384743, 0.011719318416747167, 0.002970305593164548, 0.004336831394827725, 0.006230599877811972, 0.02303010458931007, 0.006383927200634354, 0.004576315594115685, 0.0009696473660352426, 0.001595435305787818]
                  , [0.010721130149422997, 0.004417276798661825, 0.0016415972611847282, 0.0025572557830891712, 0.04537874969097256, 0.002473798723262338, 0.003184416926587795, 0.08162221298904296, 0.003509105904586536, 0.6781003926112643, 0.07825091604460385, 0.002591646681567125, 0.0034822182296131467, 0.005770574543779751, 0.004121665135557062, 0.006514814101037658, 0.008850069387956884, 0.04764916163967788, 0.002547193750198763, 0.006615808200523619]
                  , [0.6192116114911093, 0.019952978203224545, 0.004451615597996929, 0.006241528357768179, 0.0036450680265781646, 0.07358744584385382, 0.002899829455931143, 0.009195710202169166, 0.0047028755578463755, 0.009608746810826838, 0.005489903717412568, 0.0057690823603673835, 0.007748703104260225, 0.005162842715751244, 0.005019909073187612, 0.13889533333984755, 0.03816819072386165, 0.03636096634111779, 0.001053549091264391, 0.0028341088241157844]
                  , [0.07985886094273671, 0.016286779997635448, 0.02203582040639446, 0.016479177220314445, 0.007446725352215668, 0.028159879046982653, 0.01034335436958978, 0.014152956863061374, 0.019502866596998097, 0.015398731397450544, 0.009989125779993786, 0.04695694275131079, 0.015529950752647362, 0.015521543870052404, 0.016560464244988103, 0.32324214526575623, 0.30959654538912323, 0.023608275402487604, 0.0024337791517425895, 0.006896072451835131]
                  , [0.140953034258312, 0.02741019188310956, 0.006742488551150824, 0.012579472979006724, 0.015536752256606945, 0.015557468284100623, 0.006456547934462875, 0.13186822623721203, 0.011224577115302649, 0.06840931330882355, 0.026738496561381064, 0.009709022938299207, 0.012960655496909647, 0.010955532688831968, 0.011056586130008511, 0.03672534740409231, 0.08379755439684565, 0.36090637915601054, 0.002611963535965489, 0.007800389779092094]
                  , [0.014363040429148446, 0.0042348796582751015, 0.0016450651890174764, 0.0028692644386460603, 0.014059713704912692, 0.0023695604171396698, 0.001962780879607058, 0.5331603898471625, 0.0036857290469431633, 0.10367265232423577, 0.031279759690393025, 0.0030857731022926674, 0.0021465917843449048, 0.002998926241375592, 0.0030596070290394364, 0.005515537732751125, 0.01686240607718341, 0.24810805558951984, 0.0009916828933078728, 0.003928583073471572]
                  , [0.0365952738847527, 0.005287234009023882, 0.2970255039760285, 0.06712538050950789, 0.006063625830932479, 0.061216380294456606, 0.03004198160608506, 0.00821102325700103, 0.03897967346894089, 0.01108896459006549, 0.005287076655295632, 0.23967400020744545, 0.01075491582586148, 0.02704375532534286, 0.01985762282240411, 0.07261277133087472, 0.03745230485432752, 0.011704805149936992, 0.0023273728357036203, 0.011650321913334157]
                  , [0.013088589470809625, 0.009896714857250494, 0.006047618294664159, 0.006165389182548442, 0.19932664028876357, 0.006310939145386316, 0.05512378653546765, 0.011764039244444538, 0.007307114543000613, 0.027220152901192576, 0.007299922420464511, 0.013734614653232922, 0.004120303596233596, 0.008636376947269424, 0.0091258840495919, 0.014791623268047636, 0.01084379169391076, 0.013704520498430642, 0.022462015123791694, 0.5530299634651608]
                  , [0.334459442801452, 0.019236935518752517, 0.012174629291705881, 0.01326377300389852, 0.008113711938432681, 0.3283339962360532, 0.0067329536964645595, 0.011364409179997377, 0.010974302230272806, 0.01597067180064543, 0.008711177920553724, 0.015811747537303366, 0.013030854672133416, 0.010697865945288355, 0.011132963174351466, 0.111769278573733, 0.03340973912353813, 0.026982273165748326, 0.0025025647547654234, 0.005326715947439175]
                  , [0.013074183799567124, 0.008569306001310985, 0.003564850722800314, 0.004498498768617354, 0.5552474934450607, 0.0052378447771319475, 0.01324456423976217, 0.02617536947938913, 0.004926859766319798, 0.08785589177023923, 0.01960334510987973, 0.006283710148533565, 0.003597715365860326, 0.005619739115556202, 0.005469135210433823, 0.01349823348466015, 0.01030341782713888, 0.023310928260981446, 0.01945390824122179, 0.17046500019718847]
                  , [0.02607221519409811, 0.0039865894265599545, 0.011091741919101464, 0.03230033979092642, 0.0037361299556601044, 0.0129785587722804, 0.014380506930993964, 0.0107294205347232, 0.48909490309792986, 0.01633612507282324, 0.010430579660842723, 0.033425206299075014, 0.007847608943767334, 0.05047549295477908, 0.20127799786786046, 0.02757594530876526, 0.0282033785758332, 0.013256021935839121, 0.002043397137982657, 0.004757833755248835]
                  , [0.07566799591285993, 0.004240303250565335, 0.010915240547565097, 0.015185776692296267, 0.005090865977235001, 0.013657758444142971, 0.008079898076888244, 0.009448899922960843, 0.013690014329715026, 0.01813385081275444, 0.005390003279209965, 0.009076527699834185, 0.6886479938187855, 0.01432781227709927, 0.012210139134328356, 0.04829450625207289, 0.023983667665460597, 0.017637083849540103, 0.001831499025689732, 0.004490165005382171]
                  , [0.11178898852560873, 0.027542941640638155, 0.015393267661796786, 0.010772993667506225, 0.007523035833921013, 0.04412882457380349, 0.008534349917044479, 0.008507094617464211, 0.011610106464987419, 0.012659812113014313, 0.006730734396305615, 0.038447112837447533, 0.013901245397649052, 0.010782109579009255, 0.011818567367422393, 0.520013938706968, 0.11624716983543257, 0.014864534079429004, 0.0022477878329135127, 0.0064853867400503015]
                  , [0.047451521077732435, 0.008078028113204322, 0.026395304130685665, 0.09009125194501025, 0.010807804800237564, 0.020864044208587937, 0.06669613250118818, 0.017174911459266723, 0.06777042934419553, 0.04669535587559387, 0.025863518307875085, 0.035822659411405285, 0.017040208802274245, 0.336030566021724, 0.06377502499321108, 0.04178838899694505, 0.03563423961812631, 0.023672183248472263, 0.004333612576883888, 0.014014827540733275]
                  , [0.04081865479782825, 0.0023550597541020304, 0.14314337871733898, 0.54934631385729, 0.003190227267666365, 0.01887632762013105, 0.010162005194415758, 0.006632458756291024, 0.036313242827128604, 0.010565915155291164, 0.005523149316959731, 0.021041585554119214, 0.006895772245605013, 0.06804838528317833, 0.015452581515684238, 0.023722381911926854, 0.018515628933126575, 0.01414440762702536, 0.0011802600245260034, 0.00407226515994492]
                  , [0.05226481644373251, 0.011672521932418904, 0.013148337109331137, 0.010682838198037732, 0.005318509160392455, 0.01296782456948347, 0.006329302684621566, 0.018988822153383926, 0.016412742120544506, 0.01486445432519011, 0.010476990732278708, 0.030116702072086495, 0.008193720827593079, 0.009751015734281183, 0.011516884739487553, 0.19615309593512203, 0.5352616760112118, 0.02983385600780939, 0.0015192274295154264, 0.0045266580895073905]
                  , [0.01974490430621803, 0.0032184799519877454, 0.623958664424056, 0.07850287829683994, 0.0028275675932721706, 0.021920019434658447, 0.01481713506014273, 0.004311888318246873, 0.014895735497451566, 0.00617708110152923, 0.0031041979633026663, 0.11476495747808374, 0.00635833003221202, 0.014845202706218117, 0.009556541233843037, 0.032501362799592294, 0.01609425379959216, 0.006736115567176348, 0.0009751346397961491, 0.004689549376350643]
                  , [0.021595450597611213, 0.008215945257546146, 0.007466110527687246, 0.014338167453854522, 0.00554090139782841, 0.013038428820846888, 0.025492522907491856, 0.009863432191313859, 0.142410770661672, 0.019666872375027192, 0.007927995697285556, 0.01743193919587403, 0.006639186504885972, 0.037849730343973945, 0.5997907587405007, 0.023169696867100992, 0.017290547771987005, 0.011431620975678444, 0.0036583029471009805, 0.007181610669923948]
                  , [0.03479218921465981, 0.009594848887309916, 0.005841933693841998, 0.010213154061580625, 0.03556720058015456, 0.009272823196958345, 0.008558744622039403, 0.10566129069209672, 0.016178085584642225, 0.24410749503365736, 0.3324930037397151, 0.01073047318175021, 0.005826814982548036, 0.02325719521067069, 0.014342550035153293, 0.020337681692844715, 0.032918865477437, 0.062465026353777146, 0.005077782596285223, 0.012762847303914252]
                  , [0.040556951139601206, 0.017022372218337217, 0.015340743117845078, 0.01842540113105407, 0.11473328240093252, 0.02519164909867913, 0.028047310901579896, 0.02788355883708902, 0.022934219499611466, 0.06702554324268332, 0.02333399468013469, 0.02074258996322197, 0.0164716057101787, 0.02308839803962704, 0.03378254496477594, 0.03781414706811707, 0.030121026140896075, 0.03404914454286447, 0.29433303418803497, 0.109102472867133]
                  , [0.027385073707177812, 0.008988710595432305, 0.08433756475693313, 0.020313956079662833, 0.007620453206090262, 0.029448802341218022, 0.05018917185617178, 0.009682855796356762, 0.032674193119086425, 0.012592663076943969, 0.007045446081294211, 0.5096050630777597, 0.007204784153887919, 0.021981728143828178, 0.020150653112561118, 0.08360444452147905, 0.040004449140837436, 0.011979307972539183, 0.0019354373890701337, 0.013255240857259352]
                  , [0.11674143426582967, 0.27158356550218354, 0.01580986691975985, 0.01603237563155028, 0.02800652484825325, 0.039825864855349336, 0.01676154152374453, 0.03204983926582962, 0.018447221042576428, 0.045200782770196346, 0.020594121088973787, 0.030309112019923583, 0.015174004218340625, 0.01884928688100432, 0.023737090203602627, 0.12631159431768554, 0.06731393235534938, 0.06396471265829692, 0.010307006887008734, 0.022980125162117893]
                  , [0.025852760274874098, 0.009171978712349985, 0.022430097432442876, 0.018237230902439054, 0.027279767021293096, 0.012788798363530696, 0.489569708478513, 0.011542537204026294, 0.022622448001548567, 0.02433979415485868, 0.009550421434765782, 0.07014675833139762, 0.009834488451413059, 0.06280691942315139, 0.03267239254123111, 0.031057859837398366, 0.02126128743321721, 0.014995102815331021, 0.005791741073945028, 0.07804790264653508]
                  , [0.015486413806763119, 0.009892029607729474, 0.005767488322705343, 0.007209064080193249, 0.05642616257584542, 0.01173866448937199, 0.009044414658937164, 0.011031943802415498, 0.008133835672463688, 0.02957538963816421, 0.009429062169082108, 0.008067514536714976, 0.005754578398550692, 0.008572558297584517, 0.01362958962463768, 0.016964361103864768, 0.012609236603864829, 0.013570066443961346, 0.700341693719806, 0.04675592626086955]
                  , [0.018750530572681612, 0.8088787017543879, 0.006208572205513803, 0.0065235014956139745, 0.008034658580200305, 0.01071791338220554, 0.006471923872807005, 0.00946384752631578, 0.007123134704260618, 0.011564136599623798, 0.005442464574561327, 0.0083112889053885, 0.006062705483709234, 0.006613390094611427, 0.010160423295112887, 0.030347039398496173, 0.014616371808897202, 0.01314421568233072, 0.003958690449248121, 0.00760648331328331]
                  ]
distribution_weights <- [ 0.0346328482595332, 0.03373092729393914, 0.0315786940367782, 0.030241283913718137, 0.02759969836645725, 0.02757563186038676, 0.027069089208807882, 0.026612971617567174, 0.026178628484199766, 0.02611215908648127, 0.025374119566986254, 0.023980554263095043, 0.02326658124967052, 0.022977783176824643, 0.02290787570681036, 0.022311943175541096, 0.022135455464357506, 0.021968135945962673, 0.02174007715034232, 0.01982850895388628, 0.01970473835123805, 0.018382226541459715, 0.0182985667822623, 0.018214907023064882, 0.01816333593862812, 0.018135831360261843, 0.018092282444515242, 0.017230472322371994, 0.016357201959242798, 0.015965261717523396, 0.015012915691591163, 0.014792879064660971, 0.014647334004139438, 0.014626705570364733, 0.013685819785418447, 0.012828593759669578, 0.012825155687373795, 0.012438945566147365, 0.011972513758019304, 0.01192094267358254, 0.011818946528807607, 0.011728410625018624, 0.011146230382932493, 0.01075429014121309, 0.010497580743127866, 0.009944051103506605, 0.009128081945307146, 0.00852527326944631, 0.00847943230550252, 0.00780557013552881, 0.007601577845978945, 0.006824573507131708, 0.006752373988920239, 0.00665610796463828, 0.005723244348382158, 0.005621248203607225, 0.005276294949930207, 0.004596702659463523, 0.004424799044674311, 0.004215076634631473, 0.0041990322972511466, 0.002960180246670227, 0.0023722698840911226, 0.0018290544613572134 ]
# The number of clusters.
n_clusters <- 64
# The base file name of this file (for reproducability).
fn_distributions = "dists_all_poisson_allsites_kmean_064clusters_rb"
