# This script is generated automatically.
# Vector of amino acid stationary distributions.
distributions <- [
                    [0.10090574758172244, 0.020605730807957252, 0.0459116178267641, 0.05266889733031913, 0.01920722676511973, 0.05305235470493283, 0.03524194815971801, 0.029760521636392666, 0.04871464208515432, 0.04414436151952541, 0.01890864014497033, 0.0625563647570796, 0.07625599878109669, 0.04998755587991231, 0.04290027800279077, 0.11832153629416367, 0.09984024916010147, 0.04724380743853506, 0.012070079504164088, 0.02170244057277583]
                  , [0.07112454590958119, 0.0043558475195265185, 0.20803393759007052, 0.2036826783884238, 0.005992029652328576, 0.04847474035740218, 0.02410940426770407, 0.010015245046437783, 0.060929942240005655, 0.01671590290077689, 0.0072210041109094375, 0.09062289488354316, 0.020518372136574203, 0.06381244646455338, 0.03399362294666243, 0.059676319833101704, 0.041114646444693176, 0.017990677249619953, 0.0025544774154529276, 0.009061262861983884]
                  , [0.0502434756213711, 0.010135064458239383, 0.00556684259119665, 0.009944017289076401, 0.021745504460977155, 0.007951051795759924, 0.00583086648449848, 0.2831728656589344, 0.010756027401106566, 0.13690120786128424, 0.0375672850007989, 0.008007369393593151, 0.00828559629311702, 0.009827840847457171, 0.009887038673574856, 0.017581215404025304, 0.04182379178706411, 0.3124016383344601, 0.00311737313466281, 0.00925392695842683]
                  , [0.05642642013110744, 0.007575163599948112, 0.03140132575030262, 0.0674689479317491, 0.00953490626136622, 0.027057705524524973, 0.036617704278475785, 0.01899546774654467, 0.20448526856201504, 0.03587474258895352, 0.014875545656906061, 0.046228228098130174, 0.01652352142530958, 0.09298888763257776, 0.19422711520053834, 0.04880736351032408, 0.046504732654075266, 0.02613289528633874, 0.004950055183767629, 0.013324004397427269]
                  , [0.03202056269461359, 0.008591096694598059, 0.0066786264161245446, 0.010799850104597844, 0.06586246584231643, 0.008424680224693934, 0.009759256883605332, 0.14507551221303516, 0.012992677162491875, 0.3827557602850572, 0.08865274981635365, 0.009272637984726731, 0.00935540245618571, 0.016671606708745484, 0.014656151879696114, 0.0171057260593128, 0.025503184927091298, 0.10682430121652937, 0.007877371198284081, 0.021120379023887588]
                  , [0.34112804964810683, 0.024654332326590717, 0.020760530465600537, 0.027293635442500033, 0.008786429901469637, 0.08134459092873544, 0.010491178307272506, 0.02186887567671319, 0.020733216884233935, 0.025328755099559813, 0.012295872474338238, 0.02261009249798923, 0.02610301857217407, 0.020922055025566058, 0.019369201658711283, 0.1589572331514818, 0.0806543396059752, 0.06588716825513478, 0.003047180696033403, 0.007764242495714762]
                  , [0.026865247459196398, 0.011778156548480155, 0.01112085608655123, 0.012781730908429628, 0.2729355162943342, 0.012109124668221706, 0.04764626572822938, 0.030284910109215385, 0.014200277130333352, 0.07763514605983016, 0.02076019173669664, 0.018810990459931554, 0.009286841797617091, 0.01675938965767526, 0.01673366056962867, 0.024738081537913334, 0.020418965152059883, 0.031442774850677695, 0.04757841843174062, 0.2761134555416403]
                  , [0.09778852403123223, 0.007453386821941478, 0.04046820839066543, 0.0257117463456596, 0.005355105917883782, 0.5703092471377766, 0.01140566511804184, 0.0066440541623897995, 0.022745248895556576, 0.010760360551345036, 0.005329573909593422, 0.04328330069250339, 0.01221423849620562, 0.017589974951133906, 0.020019909204018044, 0.058990132216958424, 0.02198350550620702, 0.01336188654029033, 0.002910720946567494, 0.005675208997850546]
                  ]
distribution_weights <- [ 0.29471453588850444, 0.14875402837971957, 0.12471786971999647, 0.12176340525978978, 0.1107694253164266, 0.0800291997654822, 0.07557642712895797, 0.043675108541123005 ]
# The number of clusters.
n_clusters <- 8
# The base file name of this file (for reproducability).
fn_distributions = "dists_hssp_poisson_allsites_kmean_008clusters_rb"
