32 20
0 0.07928196167243381 0.1076245114757347 0.0210625991412801 0.0510228211006380 0.0585912737002127 0.0187220308477377 0.0535384659121230 0.0293605801836814 0.0305602212295532 0.0543714782741203 0.0424400125977623 0.0190292163550126 0.0653164006453017 0.0385030546138824 0.0515373562255897 0.0482542599300319 0.1275817717495653 0.1049643305827049 0.0479577132538186 0.0090574957081037 0.0205044068430733
1 0.06492732630546327 0.0782916633578258 0.0063238610836107 0.0601990380373584 0.1120914989919735 0.0100997041373053 0.0346292097795975 0.0352165921418495 0.0201738814538472 0.1324598524005545 0.0354686872389639 0.0149770904945999 0.0599902009445822 0.0221846917066218 0.1212968654532576 0.0834267145436143 0.0662202227095137 0.0593746911788834 0.0298117271152028 0.0040976505667168 0.0136661577927290
2 0.052344986415594666 0.0381796766148043 0.0085256712319446 0.0055003710560477 0.0096595493657196 0.0355327517166130 0.0074019162517940 0.0065398054136404 0.2595570013105882 0.0112269706198201 0.2228141166386002 0.0571145137457901 0.0076587217468883 0.0081779885802826 0.0109155052014571 0.0105048496765631 0.0155036122949552 0.0339974539226094 0.2340282553005555 0.0042495019164190 0.0129117672426783
3 0.05091948605347159 0.0306398532744041 0.0083232113520246 0.0057638338680289 0.0094394781239556 0.0709054592925417 0.0073356957220212 0.0085272731451795 0.1613157801170320 0.0111405574555958 0.3678303918491769 0.0907279475889595 0.0082088027563032 0.0082271805860614 0.0142146949237978 0.0126674857139309 0.0153036919064118 0.0243026215328892 0.1165324326335890 0.0074487658913073 0.0211448394916084
4 0.04870842769609252 0.2710041757325482 0.0256819199899549 0.0298752072369715 0.0396095756931759 0.0119388980202950 0.0684529227543756 0.0149711085521730 0.0259873031990166 0.0300653591023009 0.0338378714445228 0.0160109790398426 0.0299274947050934 0.0331904804741396 0.0309735403854474 0.0288156341811603 0.1346757177887902 0.0907418766438546 0.0690891096294985 0.0043075769021554 0.0108432470788986
5 0.048099141250991524 0.0647585586343175 0.0105820078854906 0.0304417995079877 0.0576838402569619 0.0124976787294528 0.0311859328872157 0.0415355227484563 0.0226536913285129 0.1519644493880726 0.0443813554153221 0.0172340223905422 0.0440609890821083 0.0206773911231823 0.0893600259316362 0.1962598785825264 0.0560809894765150 0.0525522471885582 0.0322011340432649 0.0074267239366559 0.0164617639890044
6 0.04654910120669372 0.1036970416912250 0.0043412979633602 0.1183694189800377 0.2309634932499170 0.0061916109497449 0.0353724512223411 0.0217883037125864 0.0130838315045682 0.0819658972501644 0.0216876624100676 0.0091131261261526 0.0467734603055235 0.0261364186497366 0.0892326292220943 0.0479249438745472 0.0588044368904345 0.0480619980144880 0.0253575512635410 0.0026302220621872 0.0085042021334378
7 0.04633450975433111 0.0740655275266728 0.0061385765350178 0.1990126309610456 0.1368532700980065 0.0082410234552146 0.0677181161351418 0.0292435946615251 0.0115596119664624 0.0563883848039864 0.0189482680920522 0.0080887133625837 0.1036411495499961 0.0256285875122819 0.0523519084219668 0.0365169072922008 0.0804020727086262 0.0501066665966421 0.0193216226298073 0.0036729359305309 0.0121004287550658
8 0.04126287069715398 0.0656672966097208 0.0169625288147394 0.0195547619227984 0.0327946828346408 0.0523426500448447 0.0223341394294601 0.0247424752719465 0.0917828296453277 0.0394652719552016 0.1858533789141637 0.0706332765947727 0.0262550766203983 0.0226330208760039 0.0438889012812776 0.0418190778408152 0.0446858311749685 0.0554531232909336 0.0933034586189127 0.0155702193316466 0.0342579961927487
9 0.034913262901353076 0.1312235180267853 0.0231617629709150 0.0136500841872222 0.0248116234264779 0.0191628724612217 0.0205867644002415 0.0120169182446346 0.1282740516367530 0.0241025685508535 0.0814245941275591 0.0315688302447994 0.0188480157823152 0.0199950145418520 0.0224651838310554 0.0223434699425874 0.0512198276798947 0.1004962506169385 0.2368828305889443 0.0047016453569351 0.0130641758646468
10 0.03437486827533616 0.0417266174588931 0.0164501317407057 0.0171997729442060 0.0200540669358454 0.1960138932322612 0.0192539577927648 0.0483442487002397 0.0447792856858592 0.0220976552611893 0.1037023045287329 0.0290885829446519 0.0254796161562900 0.0147594488940415 0.0244987187653978 0.0256733081556769 0.0370549417195252 0.0310763053380523 0.0469880056000223 0.0491596917706371 0.1865994508929273
11 0.03155643946796648 0.0511450514043712 0.0095110191879356 0.0036334670409226 0.0069333652587125 0.0125160503688526 0.0060625035580450 0.0036196003591985 0.2704407756035214 0.0065298810863994 0.0894810097576199 0.0236079486140862 0.0053340893306616 0.0062211777758955 0.0062422010642379 0.0063404109190647 0.0126692239518521 0.0358594857055251 0.4366151089253174 0.0018192747901335 0.0054183590333333
12 0.030305294660888025 0.0574983583190036 0.0029674333927108 0.2513217588142627 0.3481702033759020 0.0036605550824376 0.0308940642479455 0.0149467955076495 0.0064630091113288 0.0414372877350487 0.0113545708624983 0.0050927928401821 0.0458587735713112 0.0163504843355039 0.0585476651170818 0.0191717809605512 0.0378697632301807 0.0279890217336578 0.0138265976837150 0.0015261479716083 0.0050529375127702
13 0.03025356279290775 0.1277031824654846 0.0087155899005573 0.0423946637226092 0.0566243855984800 0.0123214269424320 0.0384566141760609 0.0205236637941102 0.0215121962494614 0.0453451798359722 0.0378081367435084 0.0126137267445219 0.0300720267074098 0.2619668540848638 0.0420900016307790 0.0374633760170994 0.0894078232463584 0.0587649726871438 0.0394243254781508 0.0052440010309690 0.0115478451924635
14 0.03008878721341503 0.0235043389241594 0.0057274434889455 0.0029155444045464 0.0048970840355319 0.0153914134113603 0.0036483644137800 0.0032557711808457 0.4131855977457959 0.0057858202861690 0.1207875462903082 0.0311916431756241 0.0047160573464722 0.0037948343491468 0.0047613211620609 0.0048841606639709 0.0084249345000001 0.0246980746523178 0.3115165729603916 0.0017343614282731 0.0051791095739940
15 0.02896026609340093 0.0184406552418011 0.0057560773623247 0.0035179597497355 0.0054421558052103 0.0584451574623778 0.0044843960830468 0.0055023743264349 0.1110024994538482 0.0067235350510447 0.5451654297804825 0.0965029645511112 0.0050050564127877 0.0055200467111213 0.0109429402035176 0.0080447980552764 0.0098609382348586 0.0142115765637397 0.0687285463729834 0.0050173051930574 0.0116855926705237
16 0.02852341920823418 0.1233150067640735 0.0142277373862690 0.0674418037243047 0.0512479192993417 0.0120758667494288 0.2493952344484761 0.0228551667431815 0.0142638095673790 0.0427228572329705 0.0236762827452639 0.0108253972652157 0.0691115703999060 0.0258750684712481 0.0362317158471047 0.0386181492335080 0.1041748130988848 0.0486465840628778 0.0259877657147658 0.0061278740750437 0.0131793750911595
17 0.027425554009986166 0.1456934014246786 0.0238600635803522 0.0295490793068753 0.0247234708088319 0.0099995237517469 0.0538189130025852 0.0144796837842369 0.0140150412478338 0.0257082908178451 0.0198398237158331 0.0100647519746366 0.0578697329243292 0.0252745262887786 0.0226709197037450 0.0212828460776272 0.3218435161403023 0.1389123119263554 0.0269960486231137 0.0037847167690120 0.0096133370391979
18 0.02507462800954932 0.0400881158391534 0.0051622284898449 0.0197581740084817 0.0512418536061741 0.0057027992841751 0.0200873010959731 0.0234218833228395 0.0140589625065332 0.3503000768701767 0.0236582592452051 0.0125243471097272 0.0434855373378926 0.0121513479685947 0.0757592388222663 0.1978454043048826 0.0374156169288609 0.0385774919897608 0.0182067784523572 0.0026502568034080 0.0079043202931153
19 0.02484279260119328 0.4804312221193890 0.0225295882714330 0.0121837541418326 0.0162585543495295 0.0053492096962056 0.0865398638681937 0.0063021422562856 0.0129878376360481 0.0115185860598487 0.0149274838066478 0.0078289366121395 0.0130174666557922 0.0154303385855314 0.0116634226013420 0.0110155772727906 0.1580838981690577 0.0575074538863181 0.0497357876207002 0.0018233163798165 0.0048655580000002
20 0.02299002532945536 0.0183993935576302 0.0089095625166014 0.0085397489146598 0.0090333221323443 0.2516497007408952 0.0084239247586466 0.0528889545712977 0.0164395566776400 0.0103746600530876 0.0404270246653890 0.0112144987607300 0.0160980660501710 0.0062652987448954 0.0120477291366779 0.0118953920297526 0.0179303899735811 0.0145527700402533 0.0189997796730558 0.0361047489238269 0.4298054810400863
21 0.022557010434509372 0.0483961830338940 0.0080746130286867 0.1247308963603467 0.0459598337845736 0.0101796726879884 0.0583729173281515 0.0449225039808020 0.0130314722163609 0.0567430232050629 0.0174561834421510 0.0088685343907578 0.2750653501529059 0.0131067357009005 0.0385763245577642 0.0319019066033810 0.1048780667303772 0.0605196933494733 0.0174356835986238 0.0035635571508325 0.0182168458504927
22 0.021909404087200768 0.1271936004862265 0.0090453284245737 0.0459084019359860 0.0301246719729777 0.0064330758234369 0.4824070473983367 0.0134006118003498 0.0078930817585482 0.0265056084734589 0.0126291734098819 0.0064457433428071 0.0490544635212943 0.0152083300692610 0.0205550496045474 0.0236858529418453 0.0713539360314823 0.0260637540848274 0.0160535925294273 0.0034025723144381 0.0066361070515960
23 0.020635267338797753 0.0828828621524747 0.0136433249634135 0.0253005166905934 0.0258964929580276 0.0082401934917821 0.0238725437611663 0.0125950443513790 0.0257567529514347 0.0335215424171232 0.0219161185101679 0.0144477204511097 0.0454634842652985 0.0170971237834526 0.0220896697555948 0.0228179081548890 0.2066347930142073 0.3427926902219335 0.0436535992280619 0.0031740665130467 0.0082035535066395
24 0.02054521556860987 0.0186380825235477 0.0100329970338618 0.0067230951317730 0.0081048544775716 0.4164689260468141 0.0076865303227642 0.0255287819974821 0.0272574631747645 0.0085668838600206 0.0912121828947123 0.0219852582163573 0.0118414689280983 0.0063149652165439 0.0107782953843142 0.0100063424596663 0.0182787900820664 0.0144765599347198 0.0264965874287045 0.0326958367839224 0.2269060980108184
25 0.01982288541199643 0.0513271042988306 0.0139778342755388 0.0380766272368803 0.0406352741026385 0.0421374186393157 0.0280387298869237 0.1980987733352665 0.0214842976070359 0.0465922466879289 0.0455186212496377 0.0171351748245868 0.0743308022257659 0.0194714800537354 0.0775110933874553 0.0611467987677588 0.0532681411491254 0.0410233810041558 0.0302783954846816 0.0144096554213782 0.0855381496239491
26 0.01698338065841256 0.0637035866719314 0.0044107485875226 0.0236188506886281 0.0138521425260607 0.0029118958158846 0.7500132719990991 0.0059547101459839 0.0038636666219538 0.0122621060297834 0.0060121696025493 0.0030622878530009 0.0251493707996389 0.0060560349091832 0.0091797459547607 0.0103099072680505 0.0345234882671481 0.0123312251449684 0.0081184442142370 0.0015560620016132 0.0031102760130867
27 0.016962304712198374 0.0404267278633231 0.0037911627722580 0.4042420809894952 0.1216172053380772 0.0046022267760081 0.0453328749591098 0.0215127205943748 0.0064847624209875 0.0303893330816672 0.0104857561800516 0.0048137683880040 0.1479187640065519 0.0128246898061674 0.0284797775524681 0.0163841282717722 0.0493184872086297 0.0300119499289506 0.0113520232412740 0.0021346479518017 0.0078769122381113
28 0.0143393074060875 0.0341248353140031 0.0075055495832443 0.0129421026202564 0.0260463574732762 0.0065134427183322 0.0187593221034207 0.0301432146143773 0.0120622146881348 0.2185455350454305 0.0260831006293426 0.0100018201117049 0.0269177409673970 0.0113790002230092 0.0602938206801176 0.4090241292089790 0.0316453980251202 0.0279763100815072 0.0162949745203101 0.0044082627084447 0.0093328715360769
29 0.013224198251846061 0.1057985923630832 0.0044517663863518 0.0220604362038540 0.0288916105223123 0.0066581064320487 0.0218170063943784 0.0106097934949290 0.0125162712321067 0.0243143726799479 0.0229067377767317 0.0069733714700087 0.0151613175044915 0.5465067987539833 0.0237206576695161 0.0210951019702984 0.0597834432439873 0.0330058022268908 0.0247571741857432 0.0027328494007389 0.0062387920332802
30 0.0034583711742367635 0.0279705749141274 0.0070558766193906 0.0120542121096953 0.0141694909839335 0.0806996075457064 0.0208061608282548 0.0173091676648199 0.0159630757894737 0.0161343293335180 0.0438086339102493 0.0148839201734072 0.0154832514000000 0.0134486820554016 0.0163727248199446 0.0220954781695292 0.0246453277977840 0.0214609897894737 0.0225592224792245 0.5184002243767305 0.0746790418559557
31 0.001825943340192596 0.0256717597691501 0.7403778184679964 0.0091752252854145 0.0099120049422875 0.0094461444039874 0.0160370869045120 0.0091689351490031 0.0117185005886674 0.0111478369989507 0.0146338639034627 0.0077629331888772 0.0122489368709339 0.0096801562843652 0.0100493039223505 0.0143856892822665 0.0339926380062959 0.0203364210807974 0.0186610723399790 0.0063682730146905 0.0092253939464848
