# This script is generated automatically.
# Vector of amino acid stationary distributions.
distributions <- [
                    [0.014794139488793046, 0.006398082832586209, 0.0017708137306897062, 0.0030909374938620227, 0.052257005025862086, 0.003320884833103284, 0.004052239067568925, 0.09801183540517243, 0.004634994839827676, 0.6031360855172412, 0.09726072274137974, 0.0033147977679309354, 0.003705975508275925, 0.007373602875517287, 0.005301257964172454, 0.008665636329655085, 0.012078154344482867, 0.05885948641034472, 0.0028519374937241455, 0.009121414057586173]
                  , [0.028479896546802684, 0.008084707376997222, 0.0014941602073214877, 0.0028708714114921152, 0.026391853452641355, 0.0038652630450415337, 0.002335633310305823, 0.3655466359592211, 0.0032554783021315273, 0.1600952969786839, 0.04188576621816497, 0.003095104769230854, 0.0032823930332715606, 0.003511079764782314, 0.003456790764800821, 0.00876988300908238, 0.02424461057757198, 0.30183637775718264, 0.0016997563605931632, 0.005798433728823018]
                  , [0.03695234184313723, 0.007988210511111121, 0.01665887153986932, 0.03868233643641457, 0.006957192255835638, 0.02021034311391224, 0.02990649054976659, 0.016125886509990722, 0.2729090808590103, 0.028086296567693736, 0.015260811717460333, 0.03977238210830998, 0.010140598880112074, 0.07210016868720823, 0.2702967111111112, 0.047698048674136365, 0.03707536389542481, 0.020286655355742297, 0.0037993062994771225, 0.009092904767133543]
                  , [0.09163156442386831, 0.007669515887953619, 0.11392796207444833, 0.16314632843247293, 0.009425258320613507, 0.04589220325289938, 0.02914152932828281, 0.01762658508922553, 0.06801012287841379, 0.02926180625701455, 0.013854767937149293, 0.06104061925121594, 0.024692228740179577, 0.07590643617470999, 0.05028530592218482, 0.09418396949682006, 0.05902196390385335, 0.0302713817789, 0.002885138368668159, 0.012125326234193826]
                  , [0.058608394636567966, 0.003824548389752708, 0.2275836300112397, 0.2887216852753837, 0.005077396598351408, 0.03379278969464215, 0.0202310962154365, 0.00978170164780813, 0.04929994643967778, 0.015660864576995476, 0.007484321669726422, 0.0539421353877857, 0.016745292934244982, 0.06509355866054703, 0.027850231753465807, 0.05547548438553765, 0.03366821681716005, 0.018377009594042912, 0.0015003105583177119, 0.0072813806832146485]
                  , [0.01623014640654355, 0.00612526149605112, 0.0014990232466152512, 0.0027718865410493038, 0.045301927901842794, 0.0029798025455060884, 0.0031441173379089804, 0.17014007997367445, 0.0036825944666039265, 0.5280635419330577, 0.07183095434749899, 0.0029607524465965554, 0.0034116362645732513, 0.005350850296351989, 0.00463451264426485, 0.007470223215118477, 0.013172145358781528, 0.10116472559420836, 0.0024783792817976652, 0.007587442253666789]
                  , [0.02416686412561106, 0.007319109229654012, 0.0013167434972545036, 0.002476108669255253, 0.03916940719913503, 0.003616477254606898, 0.0024926683062805773, 0.3216389330575407, 0.0031802877592891077, 0.28013941895449423, 0.055952423550206895, 0.002950901581045405, 0.0028511836165288074, 0.003865610443775813, 0.0035232889105866333, 0.007725427548326433, 0.019389315795223863, 0.208915326231666, 0.002386028331835265, 0.006924484744828891]
                  , [0.047556958304172316, 0.01218683967765815, 0.002122503877908098, 0.004570910555412359, 0.057226794398000394, 0.009325333558354305, 0.004368492623822287, 0.20182068772351486, 0.005903710291809333, 0.3158732476446834, 0.06706208199576984, 0.00464491436954427, 0.005123171985964327, 0.007124279917515859, 0.006613745925206534, 0.01589056957219781, 0.030132505102864842, 0.18756482805229774, 0.00409796157196694, 0.010790465831186341]
                  , [0.03286571385978436, 0.010764353389830502, 0.002719120899441388, 0.005376198511421314, 0.06455109732473034, 0.007197758152157181, 0.005965327141255795, 0.1493981981972266, 0.0073589648974768315, 0.4153847176425264, 0.09229212605354405, 0.0053161090050077575, 0.005800866219761138, 0.00989737544818959, 0.008844942860862813, 0.015823666613829092, 0.02432829995762704, 0.11639499843990748, 0.0054851058796225, 0.014235057648882901]
                  , [0.0889274776955684, 0.011721116148940282, 0.038403331684007704, 0.0646467016127168, 0.012820095806165721, 0.04121404784971096, 0.034554288360500965, 0.024442666547206393, 0.11544725526782253, 0.038024798102119575, 0.019820366570327597, 0.05589196502119456, 0.02384937854682081, 0.07433766414836224, 0.1097082020674372, 0.11117990375722539, 0.07840375617533715, 0.03657180684778415, 0.004917857515009634, 0.015117319938342984]
                  , [0.05921408301860098, 0.013464102852749682, 0.001974591316073554, 0.0042296855338050734, 0.0455415430123332, 0.010271313995349848, 0.003498287391366796, 0.22602232066316236, 0.004953497974909009, 0.213979242923575, 0.05062144726041249, 0.004143317403558486, 0.00476021286655888, 0.005370501832996283, 0.005483252190173954, 0.0159729123431055, 0.03399787545430648, 0.2841531878285485, 0.00321268392788112, 0.009135933577436244]
                  , [0.0742780125913008, 0.02032719935617563, 0.006539461182909392, 0.01269642767141986, 0.054280203370947876, 0.01812907220640122, 0.011293916684037744, 0.15596083350430864, 0.01574664506832177, 0.1944842942347148, 0.06968787574476833, 0.013130701471276186, 0.013197110493434538, 0.018323758742716436, 0.016893620937422988, 0.042750243801805476, 0.06318062271850637, 0.1701065764259337, 0.007593416164751744, 0.021400006807550234]
                  , [0.09643556512701101, 0.010201237217188795, 0.03933444357790008, 0.05429544596867062, 0.014936869117061852, 0.03404593276037256, 0.02520576712595257, 0.0285505197627011, 0.053177143806519916, 0.046065132006773826, 0.015547565541278544, 0.036006892967823875, 0.21925594856054226, 0.05029572933742592, 0.046995855836367485, 0.10764335944538533, 0.06311446938399659, 0.04114322842082958, 0.004248465034716342, 0.013500423853090589]
                  , [0.051800719239269016, 0.008999773876986838, 0.030500660861453487, 0.06445270261368467, 0.008558810139821488, 0.02822734533786657, 0.04044235449107525, 0.018545787930726768, 0.18968333501912427, 0.033683463437101435, 0.01782989404207393, 0.05278376593072671, 0.014755982888015256, 0.10408102810667223, 0.18496439188270336, 0.06364465126221847, 0.046058400429239255, 0.02453402917339556, 0.00413305331519337, 0.012319843634934078]
                  , [0.08756465591681185, 0.014032969470557488, 0.06363206244773523, 0.06125793602569686, 0.012279288938153297, 0.05800622616724739, 0.03493380825762194, 0.017833213206010418, 0.05895264591550524, 0.02700252844729975, 0.014822357439459928, 0.1068378259255224, 0.023434521322081892, 0.05774527568597561, 0.048031547023083626, 0.18017795646777007, 0.08814095778310108, 0.026043110324477398, 0.003694709466681191, 0.01557641028745652]
                  , [0.07470897415218825, 0.0051772857224543795, 0.0974478767583023, 0.2744634125797225, 0.0072215964350119816, 0.02601984594655813, 0.023891971512865626, 0.016931710943039607, 0.0817008592632505, 0.028253758900813553, 0.013283339912249878, 0.0407035139894436, 0.014805858504068625, 0.10777389451726406, 0.05014295081372333, 0.053130704534858096, 0.0423526598988344, 0.02987074268748638, 0.002537485629294025, 0.009581566740488254]
                  , [0.021272155387836403, 0.006427361587880114, 0.0012062139007049666, 0.002147458808285499, 0.011956861599382876, 0.002229597042970509, 0.0014859798627148875, 0.3959270491405893, 0.0023427369486556313, 0.07523396966284708, 0.01878691026465402, 0.0022462881170118645, 0.002411422603613822, 0.002371828773688911, 0.0023114956223006314, 0.005609714725650097, 0.017201088851696716, 0.42493001696782695, 0.0008301500308065084, 0.0030716943389159194]
                  , [0.05268727503423896, 0.012856090167218908, 0.0026978695303732994, 0.005458371820631795, 0.02201237273426108, 0.006587765315219686, 0.0034233739368014285, 0.2690123017450847, 0.005866327086591516, 0.11263703935056328, 0.03478246390324718, 0.0051458664601280735, 0.005169239194168323, 0.005314133625800771, 0.005619266117958981, 0.016794662973713376, 0.0419462437331566, 0.3834410267285172, 0.0018286464223768503, 0.006719668698033962]
                  , [0.016873754055439116, 0.006017794011600254, 0.0012541450835314646, 0.002353762805217964, 0.03674083673491732, 0.0026469766182157864, 0.0026593723915676604, 0.26855971232238485, 0.003292147801071413, 0.41002177707896736, 0.06619359809457255, 0.0026526718998369295, 0.002740136170975918, 0.004138464016305632, 0.0036611893122059785, 0.006252946967621756, 0.013908026471698191, 0.1412573625366877, 0.0022146463696715657, 0.006560677724668111]
                  , [0.11247376662757304, 0.025726553912398278, 0.029762262441120152, 0.028928343556247016, 0.017514461722594542, 0.05252689215653421, 0.021023173898755382, 0.022060814723791358, 0.03141856168501679, 0.032110241965055145, 0.01631340938870271, 0.06290976476543793, 0.033928682931546196, 0.03195012611057923, 0.03161584342340835, 0.2780087503590235, 0.11913321442556246, 0.033090388685974324, 0.004116533148085209, 0.015388212949018692]
                  , [0.10112543765375301, 0.00883464390750608, 0.02432211180629547, 0.032693480498789354, 0.010359896913801458, 0.026134759969007305, 0.01818101173728813, 0.02244570715472142, 0.032238591792251796, 0.03918710297578705, 0.011478097064164687, 0.022810004541888647, 0.3935904188861987, 0.034111174447941886, 0.030433487056174293, 0.095022341094431, 0.049026991644067784, 0.036009834140435744, 0.0030760976438256584, 0.008918813281598069]
                  , [0.11645217867364756, 0.027373226592869587, 0.006186458332336046, 0.011982926112440728, 0.026932953736225465, 0.018543034272002115, 0.0071280909543754226, 0.1606684233732236, 0.01179657485664419, 0.0957180489129893, 0.040935067975567174, 0.011362653541261564, 0.012796751060334052, 0.011242051218648706, 0.011760843787833528, 0.04421571972326096, 0.07756734458987781, 0.2924704652206428, 0.0033905563989528823, 0.011476624944652125]
                  , [0.014731821681324184, 0.005063051822503899, 0.001075063661510639, 0.0019521461601138615, 0.013036413459906866, 0.002017701017847817, 0.0013589992469218576, 0.502499282462494, 0.002364257718313424, 0.08087186231505432, 0.02324718217097775, 0.0022366475010346804, 0.002169448788411736, 0.002221802241334704, 0.002336468823848928, 0.005183080044749197, 0.01565082986135538, 0.31802211355406107, 0.0007992714748318915, 0.003162565512415949]
                  , [0.1835475040501699, 0.01957173945205122, 0.03071848873608571, 0.044498391424091975, 0.01861553774758289, 0.05253739460674158, 0.025112637487849483, 0.03045459305147656, 0.039944837221844776, 0.04588947593676505, 0.025842266522079965, 0.04792813190488635, 0.029422236525999478, 0.04873910581917946, 0.037842497401881385, 0.1535146038411286, 0.08771941039456496, 0.05533497541154956, 0.004976806878494894, 0.017789365902534687]
                  , [0.02938316034798534, 0.007873204655154405, 0.0012220527435897882, 0.002239908075353292, 0.009729037824437507, 0.0025844996004710658, 0.00144898993301934, 0.2932570102040808, 0.002369691857666077, 0.0640836052328625, 0.01705682786551541, 0.0022747826836733848, 0.0023685679915228172, 0.0022770200010465806, 0.002311273567242235, 0.006251161779173106, 0.019463320892464657, 0.5303399165358452, 0.000797556824175814, 0.002668397534275259]
                  , [0.02090912080492896, 0.0018753463120345908, 0.004379171809911563, 0.002955457950445807, 0.001128286256502041, 0.9273246649187241, 0.0016830458552701717, 0.0013107170060301793, 0.002574032584687809, 0.0021468449504464387, 0.0011210292367594688, 0.005247176800734013, 0.0014655323676193745, 0.0021105537157838535, 0.003250730785527532, 0.013671511386470811, 0.003087405450708368, 0.0023441996515475155, 0.0005452610780546461, 0.0008698967131096497]
                  , [0.0075826965950806235, 0.003936681561756162, 0.0010009593623380164, 0.0017167655532926568, 0.039022122262628925, 0.0016772221237766408, 0.0024595008518909743, 0.07034510847289076, 0.002463041930441688, 0.7326786482412058, 0.06656516498809839, 0.0017696946979635503, 0.002383583829674671, 0.003984353354139103, 0.0030242821824914418, 0.005100457038085107, 0.00633920950727327, 0.041262577416027534, 0.0020110012321872687, 0.004676931907960865]
                  , [0.0710297553811421, 0.015430326917397081, 0.02672692184807436, 0.05970920058432937, 0.022955687630810153, 0.019019183265604186, 0.024863600764940236, 0.10670568594156712, 0.05841836383001331, 0.08055925912881806, 0.04261554236122179, 0.03552714168207171, 0.017771899297211142, 0.052013452621513905, 0.050381138733067724, 0.06359862933864542, 0.08946608783532534, 0.13770743513944228, 0.005412050082868528, 0.02008864181248337]
                  , [0.0668648673650625, 0.004799954086147298, 0.06968989116697684, 0.17485957436851876, 0.005439165573517715, 0.024009644029513603, 0.026288026060090404, 0.014785897878223708, 0.16956619377825047, 0.02490682616830625, 0.012394502387396984, 0.05151579035628821, 0.011767290108215908, 0.10491492875033234, 0.10391708204732775, 0.055816813358149454, 0.045353922212177614, 0.02294874843871314, 0.0021903065031640585, 0.007970581501462414]
                  , [0.07101765890503092, 0.02122609543529729, 0.0232064313171913, 0.038703122969061095, 0.05208521947269305, 0.025440820546139373, 0.03613698328167878, 0.06618795917675548, 0.03455976190072635, 0.15861414447134778, 0.05521482256658589, 0.038763243188054894, 0.028984974502017744, 0.05580350357008337, 0.04017034750363196, 0.07522364334140436, 0.06027485492063493, 0.06846041692762986, 0.013109261560667204, 0.036816734927360775]
                  , [0.052988686359170346, 0.016849775865174672, 0.009830540329694264, 0.020054292502183373, 0.0482895985371179, 0.015161937981441005, 0.02135019916402838, 0.08301175631823145, 0.02951896469432312, 0.3026885365720524, 0.09332787518831868, 0.01885294576146289, 0.014542288301582933, 0.039868298103165944, 0.035335182486080786, 0.03948899505185585, 0.04587968057587334, 0.0747205306905022, 0.01067101571479258, 0.027568902525655033]
                  , [0.05989914901129166, 0.00825942469567613, 0.21791562737537887, 0.12522725265767, 0.009015902454971116, 0.059149999754888466, 0.033778812425778, 0.012305635661525677, 0.052118978452217024, 0.018577918143762154, 0.009174273614982093, 0.11181321532084834, 0.020294298299366582, 0.047284575471770854, 0.03519403615725693, 0.09539292649958683, 0.04887329064720461, 0.01953243683282832, 0.002694099337730662, 0.013498148179564847]
                  , [0.08524223796624239, 0.018575225195904814, 0.023593311411455445, 0.03458933047897066, 0.01881563847094628, 0.02795099860348641, 0.02176085415024903, 0.04800628641117876, 0.04598210343580521, 0.048819355982291056, 0.031435439228555614, 0.055854958563918075, 0.01973067551106806, 0.03805465797620365, 0.039022153905921425, 0.14357590770614265, 0.21445351494189252, 0.06389382538738236, 0.00460621320199224, 0.016037308040398462]
                  , [0.23679809385382072, 0.03770335603516056, 0.014889297454595829, 0.017585972685492824, 0.011993485261074216, 0.06536999773255814, 0.010272319873754158, 0.021371191099114152, 0.015341397883997729, 0.02475431664451838, 0.01454861292912513, 0.03256261701882614, 0.01981277382807311, 0.018982713466223662, 0.014606393947120704, 0.2768571137873755, 0.11056502200442977, 0.04516844259136208, 0.0024672681202104066, 0.008349615053709878]
                  , [0.36304068386357086, 0.038049541983949525, 0.011346296375465782, 0.015319482621094838, 0.010628471284322226, 0.06674638913155631, 0.0081250515760963, 0.019520019186013343, 0.012868875531957619, 0.022772708687302773, 0.013102618532817426, 0.019105206288621376, 0.016721252630553136, 0.014452072277156825, 0.012644038427056435, 0.2150569975351101, 0.08345688122384638, 0.04694712767555174, 0.0022597474522785908, 0.007836556673258811]
                  , [0.05604846419854013, 0.006965698369255481, 0.028433928183941606, 0.06521320764671536, 0.007847641725255455, 0.024487643264233534, 0.02526744794569343, 0.021758510800000047, 0.2776054289051097, 0.03174434464817516, 0.019253567447007305, 0.05487821348321171, 0.015508856801459863, 0.07821195605839415, 0.1281300079941608, 0.06043759424525551, 0.05736150249635036, 0.028012495284671562, 0.0031539508580145943, 0.009679531751824757]
                  , [0.05731893005397305, 0.005475112517241358, 0.013069760379490258, 0.00910171438620691, 0.0029096225388306057, 0.7989262776611704, 0.004188825301649143, 0.003415861963717959, 0.008406256898650523, 0.005215164339730224, 0.0027576930515741775, 0.01607379653253372, 0.0034491752044977612, 0.005429135209895006, 0.009541316544827635, 0.03642789031484252, 0.00844574124947526, 0.006309087011694345, 0.0013957519384108124, 0.002142887462068945]
                  , [0.09735190001204456, 0.006652160229750096, 0.013919283397470648, 0.020758622177356155, 0.006842832356519203, 0.01894696218157188, 0.010941007331827773, 0.013370322002710086, 0.01957623266154775, 0.025272394462511366, 0.0071581176723878315, 0.012909729573622415, 0.5746305462210182, 0.020252852132189095, 0.0174359653652514, 0.06839668026498041, 0.03310409140319176, 0.024352533215898767, 0.0022385794817825974, 0.005889184967479685]
                  , [0.17275317350931663, 0.036505974186024887, 0.008945409800714205, 0.013431059185714286, 0.025667913859937885, 0.03269919528881991, 0.008688085005590067, 0.0955166702608696, 0.013696934084472118, 0.07366432832298135, 0.03877187289751553, 0.01928886042670805, 0.01758814752608696, 0.015306237674223584, 0.0124208782251553, 0.11623627253726715, 0.12414440231987589, 0.15853875726708058, 0.004039667033229818, 0.012096167203105638]
                  , [0.01150961409528252, 0.010335882128709777, 0.003378504541080879, 0.004248646452358569, 0.3739806788503588, 0.004538511101843071, 0.03154572910559202, 0.016199257453608132, 0.004795044467353966, 0.04412704483598862, 0.011407014303342733, 0.008092106087472635, 0.00320427651452675, 0.006627010149328306, 0.006867537452046324, 0.013230738527960084, 0.009014871811933875, 0.016892234655107752, 0.022374291948141188, 0.39763100062480494]
                  , [0.054716202559374996, 0.0185947436053125, 0.021706930866875, 0.03898084165124999, 0.016399806590937514, 0.033001307696875024, 0.05644060785624988, 0.023533374992812606, 0.11510913229375004, 0.04276433069374996, 0.01886172829937501, 0.0421440003575, 0.017812704846250003, 0.069367839788125, 0.2603912562500001, 0.06121659962187503, 0.045469267246875, 0.03099944240625003, 0.009990449835, 0.022499430678750015]
                  , [0.059411151942695195, 0.0036343951095402782, 0.12442074291246838, 0.4136795670654905, 0.00470779631549114, 0.022832168008501276, 0.016915067911209055, 0.010562016332493734, 0.05660337500220402, 0.017008086946788417, 0.008631870115239276, 0.030844753221032733, 0.010102042031171345, 0.09431391340994971, 0.029592073546914364, 0.038157498296599604, 0.02934754565806044, 0.020884001535579413, 0.0017812557170339988, 0.00657068493954651]
                  , [0.01880966588103622, 0.004305957375439776, 0.007507194717940473, 0.019029914600255937, 0.0034360788557722816, 0.010909732653661797, 0.016543077659737754, 0.009214617848736659, 0.42229893316277517, 0.015352112575951482, 0.01017469338535337, 0.02569174506204027, 0.005806616555804351, 0.044280166340901844, 0.3195929264470747, 0.027235178944675524, 0.022142532977294523, 0.010898095769107746, 0.002189113957914918, 0.004581655483850311]
                  , [0.324188058691469, 0.04518650207761386, 0.007688990170942961, 0.01291814361642072, 0.018351090983963994, 0.05265295943232842, 0.007764885415971767, 0.05535588055805002, 0.011124224141436802, 0.051396202116741604, 0.026907344425914047, 0.012408559061257238, 0.014548797625400942, 0.012064953172546494, 0.011130724749839713, 0.10178064090442585, 0.08936136432328416, 0.1318474757985887, 0.003365952309813976, 0.00995724684733804]
                  , [0.0594121760847074, 0.011483196287099902, 0.03419104278887811, 0.08746110394762366, 0.01590028197413508, 0.026761794371483974, 0.057215658913352715, 0.02648259342968, 0.07554345795893952, 0.05999805840284518, 0.03248738333204009, 0.04655617959650823, 0.01712523202424831, 0.20352572211445194, 0.07417278601681218, 0.060990632900096986, 0.049234705942450704, 0.0355225672356935, 0.005771825298415781, 0.020163608439702566]
                  , [0.03331234360442416, 0.002088887521860752, 0.2847212225113863, 0.44285280026024754, 0.0025518756206896268, 0.020038611460637602, 0.010420228819778807, 0.005052848576447583, 0.02604797131750163, 0.008661830308067608, 0.004257814794079377, 0.03132877392648019, 0.007493507205270027, 0.04625554664606378, 0.01250035425959651, 0.028762793675992195, 0.01756052303513342, 0.011349428634027492, 0.0007381884418672605, 0.004004464199739759]
                  , [0.05731263091886615, 0.030105866664385812, 0.020626411451938702, 0.025214203368198122, 0.1264494567383512, 0.024486709696969686, 0.06641133473118284, 0.03836414231019875, 0.02904304639524275, 0.0712178033007494, 0.027155086911045945, 0.04064213176865427, 0.013937703731182787, 0.03443780479960899, 0.03805701682404691, 0.06649484856630823, 0.04440304872596938, 0.04797918227761482, 0.02719095945063541, 0.17047061684587814]
                  , [0.044044833948483936, 0.0061670998663188765, 0.3638633143136605, 0.14715920309422903, 0.006389413823606228, 0.04289003649364201, 0.02617987096380828, 0.008804221142158633, 0.036261830172807326, 0.013309280555917596, 0.006751712502119343, 0.10108230337137278, 0.013510336654711463, 0.03773765342680144, 0.022655465148353354, 0.0636711294815781, 0.03333187716987283, 0.014631199114444007, 0.001894818481415067, 0.009664395674600618]
                  , [0.0406524060032948, 0.014655893193080726, 0.002423648878682058, 0.004002962559802356, 0.1720682155189454, 0.011298711828665604, 0.007501117198352506, 0.1533744421614497, 0.0048256101018122124, 0.2817110764415159, 0.06251526325535413, 0.0051644508866556735, 0.005990064721252068, 0.006805191987479423, 0.006564378806260186, 0.019596618266227342, 0.025417954596375674, 0.12219142034596374, 0.013535559482042835, 0.039705019759143326]
                  , [0.4853731962987447, 0.03865935247191011, 0.0072341672997356665, 0.012327044835095807, 0.009048510964970224, 0.04946337764672837, 0.005619942356576285, 0.02815248848314611, 0.009404383498347574, 0.026067054537343037, 0.012968830213152698, 0.010258172883344342, 0.01278130571183081, 0.009065770664243179, 0.00884724480766684, 0.10260027894580306, 0.07466304809649701, 0.08973528193654991, 0.0019870952227362794, 0.005743455034038301]
                  , [0.04677013663890733, 0.017842858191538975, 0.03446773358294469, 0.03935017737175216, 0.03613202589373752, 0.02621515374083941, 0.20105000539640264, 0.02224905513824136, 0.05169006264823451, 0.046881858301132534, 0.019055858764157222, 0.06866030026982017, 0.016936747699200533, 0.08716275269153884, 0.07766789185542973, 0.06399267009327116, 0.038943432131912065, 0.028651017118587814, 0.0099440626479014, 0.06633620153564294]
                  , [0.040952692984328146, 0.022945449214404792, 0.0063220763427809246, 0.008538432649216401, 0.24066128186061964, 0.014079587033010946, 0.021313200168722908, 0.08538182074024675, 0.011033517251417144, 0.16623932667889293, 0.051507346512170704, 0.012491935237412499, 0.008747999211070345, 0.013141305870623534, 0.013846897793931341, 0.03157067996999007, 0.029277610553517876, 0.08275773177725908, 0.02784508207202402, 0.11134601453151072]
                  , [0.08989148749916416, 0.019918574281176864, 0.022332621096623224, 0.01778457546539619, 0.009435758966900666, 0.03395215440922762, 0.012641346246405886, 0.020585845384821055, 0.023273591861584786, 0.020302650969575467, 0.014065931674356408, 0.05691768316148449, 0.017101770959545307, 0.019524735098294853, 0.019707014443664305, 0.2851166068204612, 0.2752106807087929, 0.03146031158141094, 0.0025275126011367385, 0.008249152710130343]
                  , [0.059843990857908785, 0.015965634205764075, 0.007331286477748042, 0.01421229452546914, 0.03391196427010727, 0.011871346671581767, 0.009406962324396742, 0.2636941464477209, 0.01870851114678292, 0.10364530523793565, 0.05488080407439683, 0.015242012975201055, 0.01155375777546918, 0.01611381660723864, 0.01715346927848526, 0.037098517027479946, 0.07905817500335122, 0.20876791256702398, 0.004367600094839145, 0.017172498589477277]
                  , [0.07444908248407645, 0.00948225981629232, 0.03094986238082465, 0.019293355729131743, 0.004772168344284296, 0.6581781481729813, 0.008143945158229969, 0.005626676659067978, 0.016796873698625574, 0.008683761307743815, 0.004575117006034208, 0.03362747844887697, 0.0064585849869258985, 0.011453610312772342, 0.016776147016091068, 0.058459531186724756, 0.0155130466329199, 0.010554294925913768, 0.0020351905276567075, 0.004170872358699309]
                  , [0.6145253233209571, 0.02032759633445831, 0.00361266221700976, 0.00546967414951062, 0.0038502263607829434, 0.059422794215997304, 0.00290294597738781, 0.009608718574755343, 0.004453694938238183, 0.009497824324670764, 0.005902007038136994, 0.0058626827502531315, 0.007865607989537629, 0.004912204366520498, 0.004591517605467388, 0.16033409446506908, 0.0392593344313196, 0.0337156954978063, 0.0010185055809652371, 0.002866882485993892]
                  , [0.025686565717270335, 0.018718557406685234, 0.0066561180407381584, 0.0077818802068245554, 0.313581972841226, 0.00924046177437328, 0.03605437240633705, 0.0407167615215877, 0.01009789001775764, 0.09817951703690808, 0.02640079390668524, 0.01473801617966573, 0.006641536949860742, 0.011888984653203295, 0.012658037008008355, 0.02706586516713084, 0.01871828869428973, 0.03870694188718661, 0.034139682369080784, 0.24232776532033426]
                  , [0.12722444174945996, 0.03880320299784018, 0.019422531931605504, 0.014650961329013702, 0.01030708458351328, 0.06354049686825054, 0.01192894526817854, 0.01201494644348454, 0.01567102807379407, 0.016561976432685477, 0.009221076453203705, 0.04440321362562996, 0.018810353540316772, 0.015300704906407479, 0.016181921627429895, 0.4351731871850253, 0.09812159899208064, 0.02065357027357806, 0.0026557868614110903, 0.009352991000719981]
                  , [0.0197592909022013, 0.006337704609166363, 0.007377048129556023, 0.01787162743666554, 0.004545977031035785, 0.012768441923854172, 0.021894973674124865, 0.010291490921688698, 0.3025850959942261, 0.019107180740888005, 0.010312578605918436, 0.024510797805846234, 0.0066380909628292635, 0.04759960121977623, 0.4176715009022019, 0.02813807038614212, 0.021378382085889595, 0.011977761185853433, 0.002805027698809099, 0.006429366352219398]
                  , [0.05136299611492591, 0.01532862621756415, 0.07991769826563064, 0.03962302016624501, 0.013260175684134436, 0.05332562003252621, 0.04247656353234548, 0.018690561383086446, 0.05185092163679075, 0.024953783422479156, 0.013843150652692465, 0.2765014058547161, 0.012297322756776322, 0.0401230465666787, 0.03859163738236359, 0.11808398431152872, 0.06341364577159377, 0.023385127473798367, 0.0036235687069027835, 0.01934716132598479]
                  , [0.03594838973810399, 0.012320818729620063, 0.013578026192548935, 0.028152176408705244, 0.009227112353744078, 0.02052208222796021, 0.04209785985503502, 0.01632758118812233, 0.15686067729988906, 0.03205208334194008, 0.014766798888233103, 0.03124440696200666, 0.011011425944669851, 0.0681645633087421, 0.3949912873478414, 0.0424918445702693, 0.03164111703799334, 0.01952598635558843, 0.006507055341202512, 0.01256870943563258]
                  , [0.03544457500000003, 0.005943429624071326, 0.01570928117904898, 0.04189067995913817, 0.00520704470208011, 0.01686794734806845, 0.01972628708878158, 0.015380729643387783, 0.40696447251114476, 0.023379989665675893, 0.014771744797548267, 0.040625728272659735, 0.009604838975482914, 0.06576710936478454, 0.18130631920133758, 0.0399394896433878, 0.03398654609583951, 0.01833719075371476, 0.0026559043495171077, 0.006490684994799392]
                  , [0.4890211385474862, 0.024918340541154573, 0.004404491761638728, 0.006025960544879035, 0.004957088915456209, 0.06538055981750465, 0.0033935674689012756, 0.00839858368230903, 0.00528108595903156, 0.009627962606331392, 0.006144581358659248, 0.008672554790688958, 0.008027191245810038, 0.006144223274115439, 0.005224467820484142, 0.26561009162011184, 0.049241133068901294, 0.025020213478584644, 0.0010383318303165863, 0.0034684275128491794]
                  , [0.05117956467862473, 0.009615906910687571, 0.0949611304869207, 0.0653865351319133, 0.008575896233557534, 0.2781514032137521, 0.030306728350149473, 0.009420203486173548, 0.06583672570627801, 0.01702498736547109, 0.009057026157324347, 0.11480245665545596, 0.012900331045590435, 0.041889737821375186, 0.05452863740284005, 0.07803098502989536, 0.02906027454484305, 0.014471251670029855, 0.004187545200672638, 0.010612683617339285]
                  , [0.04800432438366429, 0.010536564134507298, 0.07274801104533536, 0.06292603246159612, 0.011299196433495709, 0.05324021683402022, 0.0564141516597977, 0.015178094613338161, 0.11560650826901463, 0.024658832551517407, 0.012555974402772636, 0.15626029674035213, 0.013250310777444728, 0.06859101613338334, 0.08851573247283623, 0.09655226722742603, 0.05119515039340577, 0.01958976286361931, 0.004283772499363076, 0.018593762811914577]
                  , [0.010895918969265367, 0.009968207709145457, 0.003255572942278885, 0.004128534079460185, 0.26879850337331357, 0.004185615760119846, 0.03824405048013493, 0.011994039911169554, 0.004602656669790116, 0.02950256778485766, 0.007924859769864987, 0.009301124360569662, 0.002866698535232408, 0.005934068137931046, 0.006800175950149812, 0.012205027225637155, 0.00823776170952023, 0.013681518284482733, 0.020083525807721138, 0.5273895745877057]
                  , [0.04941702828271471, 0.013002222878140235, 0.015524608541807285, 0.03907806056917885, 0.027320956922009774, 0.015583758309711336, 0.03209774067379078, 0.06608834879265091, 0.1203501439107612, 0.13084360927259087, 0.05314759724784404, 0.02929393988751406, 0.011095512143981964, 0.07042019106861641, 0.1372199038995126, 0.04121547040494931, 0.04818737811398575, 0.06455233239970001, 0.010288129775553056, 0.025273062186726637]
                  , [0.1041634058226415, 0.026888526154717, 0.0035103804992452706, 0.007289937390943434, 0.014424786559245253, 0.008571257227547209, 0.003831946066037758, 0.1499537281509434, 0.006575799038490565, 0.06731864669056611, 0.02519766999622641, 0.006306115724150945, 0.007877548715471687, 0.006497506239622607, 0.006096535069056601, 0.024531419807547118, 0.06180172837358489, 0.4614991199999996, 0.001862261548716962, 0.005801657818867979]
                  , [0.12711854229150735, 0.021994731742922727, 0.04284333863465953, 0.04005437859219586, 0.01458737742463654, 0.19753175592960995, 0.020784130669854628, 0.01720640630030605, 0.03405277605011476, 0.02629370501147668, 0.014179698561591403, 0.05950894131599081, 0.022073520262433057, 0.03164340656082632, 0.03546032520581485, 0.1825598503825555, 0.06316311852333589, 0.030016577429227254, 0.005895053459831678, 0.013032374032517221]
                  , [0.021350693140432156, 0.010184988150077163, 0.0024824537825617957, 0.0040492933449074175, 0.16388487430555548, 0.006026618554783945, 0.007592731268518555, 0.0817429787345679, 0.0050109239128086, 0.46944104668209885, 0.08164835055169756, 0.004726198007715995, 0.004768953926697499, 0.008078144876928959, 0.00662863828086422, 0.012964546566357996, 0.015180828665123408, 0.055819933946759256, 0.008519389586033951, 0.029898405789351865]
                  , [0.03229964651397503, 0.002755827614130452, 0.3936542302018623, 0.3038720244565212, 0.003269763657608664, 0.023947304854425387, 0.013632081741071432, 0.0055789762624221945, 0.025205566840062102, 0.008842134251552905, 0.004673078178959667, 0.04892139425582295, 0.009721966551630459, 0.03722514975543479, 0.013391531011257798, 0.03651526429736018, 0.019914686812888195, 0.01057334539169262, 0.0010749318101708032, 0.004931090407608706]
                  , [0.015289775248712764, 0.005071521008435635, 0.0015851464987327313, 0.0026786763270098407, 0.025100531430099007, 0.0026052576407921274, 0.0023971601927524934, 0.45589758930693036, 0.00357821609940584, 0.20402361741782182, 0.05524723451485151, 0.0031282787457425354, 0.0028594581607129, 0.0036843519013861833, 0.0035908723385742677, 0.006375841985346395, 0.01671744172356439, 0.1821486835801981, 0.0017149154028514623, 0.006305432590099032]
                  , [0.025687143237867804, 0.018847611451073984, 0.009661530484486959, 0.011116419701272869, 0.18407773967780472, 0.010599083504773343, 0.07624558066786004, 0.024342596420047713, 0.013034936434765325, 0.05233529077167852, 0.01572082037390611, 0.022279453190135252, 0.007103280727525849, 0.01684473494988063, 0.018350007077963377, 0.029741920851233047, 0.01991417013524266, 0.02762931678202067, 0.03515048558949882, 0.3813178762927599]
                  , [0.05652899516820851, 0.009816287688814155, 0.061303071008830964, 0.040175134377628235, 0.007643483773338872, 0.48313098528175025, 0.017964616734650964, 0.00867954653069794, 0.03775812990706475, 0.013600655084104338, 0.007378867902859482, 0.07166254244322955, 0.010764265765349043, 0.024606973456686283, 0.03353955210681242, 0.06815786625315391, 0.023129161892346553, 0.013542193669049685, 0.0033957641871320407, 0.007221899945752699]
                  , [0.011598675735035285, 0.0092353546368838, 0.0029132433477112585, 0.003486064952464757, 0.5042256571302817, 0.004491471746038686, 0.018730853299295788, 0.019910293513204155, 0.0040785453239437705, 0.05779325532570412, 0.014436297528609178, 0.0062206622473591, 0.002734796376320403, 0.004860909510123256, 0.005564166389964896, 0.01224660763644364, 0.008531763117957787, 0.019872181659771226, 0.021712306570862663, 0.267356891285211]
                  , [0.02121572198395015, 0.012536060125724474, 0.003428410488631392, 0.004006551654034879, 0.45666268033883173, 0.007290635661168068, 0.011290381518947826, 0.053350403713776154, 0.005334483467677217, 0.16731200755238523, 0.036537480744538546, 0.006777558693267956, 0.004396199517164516, 0.006043724341061072, 0.006968986469906388, 0.017325343473027187, 0.015845427061970632, 0.0460836856798931, 0.020648644955416857, 0.09694560989835047]
                  , [0.020677533986547134, 0.01315585413497758, 0.002593188642600913, 0.003419160629596324, 0.31272545695067255, 0.006002758086098646, 0.007559758801345297, 0.07048627959641253, 0.004451211496861007, 0.33046346905829527, 0.06360445918385647, 0.0051642152147982, 0.004293770362780263, 0.006314117286547058, 0.005738914173542706, 0.013792528098654652, 0.014590872399103165, 0.050889446443946156, 0.013596463348430489, 0.050480541620179405]
                  , [0.20142449014665437, 0.029109990520623276, 0.003900640319431728, 0.006933939278918326, 0.05640922629055913, 0.06819173111824015, 0.0051079197566452905, 0.09264841879468379, 0.006618657254491268, 0.17132342681026586, 0.04796189202566452, 0.007228436479834972, 0.010142393939963332, 0.008394981750229156, 0.007826946921952418, 0.058521058308890934, 0.05684327407424382, 0.14118621291017408, 0.00801816002745188, 0.012208214847846049]
                  , [0.022244596631287486, 0.008350335906783569, 0.003008186939547762, 0.005855799469773854, 0.04634309476511306, 0.005224313923857825, 0.005727019015228426, 0.08591846040609137, 0.008050904005537603, 0.4324215011536695, 0.239948477618828, 0.005852186748500222, 0.0038919532168897493, 0.014331400752191959, 0.009273613258421694, 0.013609231019842932, 0.01980097206275952, 0.05352617065528379, 0.004263475262574985, 0.01235831212690363]
                  , [0.025861732373037932, 0.003960564537857808, 0.5552586057248396, 0.12924388150507846, 0.0034882673453371094, 0.026350541385041587, 0.018159890016620495, 0.005405670374422966, 0.018420148750230746, 0.007711895756232684, 0.004115064845798697, 0.08623119629732232, 0.008119894064173589, 0.02185748256694369, 0.011834541262234564, 0.038988171108033244, 0.019183648887350038, 0.009084990307479224, 0.0011320377456140555, 0.00559178442890125]
                  , [0.30507921781716424, 0.028988194740205225, 0.012051971031716416, 0.015201655779384232, 0.015461300847014917, 0.22254171814365714, 0.007653880743936555, 0.02126304571828349, 0.012126735286847011, 0.028901936333955353, 0.015270163418843286, 0.018760118589085804, 0.01633602654244405, 0.01346160097481345, 0.013019183214552303, 0.14842177322761207, 0.050177693442164176, 0.04345982646455226, 0.0038503084692164185, 0.007973672074626934]
                  , [0.3291884880896776, 0.027462380875291903, 0.007108838947220919, 0.007783958309668437, 0.005804292196169965, 0.05366461454927603, 0.005042282803362892, 0.007503330377860842, 0.006472489771135077, 0.00984446466884642, 0.006382868989257377, 0.014488374894441866, 0.01047791972302663, 0.008384023937879476, 0.006749875328818336, 0.4110197024754784, 0.056979178766931336, 0.020051816727697208, 0.0013450577003736594, 0.004246030130312953]
                  , [0.053909991148078665, 0.00356460134348641, 0.006038139335051471, 0.007925214453608255, 0.004152090925960784, 0.009507121469072247, 0.006382441066073087, 0.0076608463008435435, 0.008219678370665402, 0.013260876010309508, 0.004112306552014937, 0.005893199988284942, 0.7816286190253035, 0.008875104598406704, 0.00797049665229612, 0.03538954110590441, 0.017661595508434803, 0.013312233703842699, 0.0012049298647610193, 0.0033309848003749178]
                  , [0.27788761454372635, 0.041496659899239556, 0.004150122517632991, 0.007089799888307977, 0.013802001331749043, 0.025126450599809946, 0.0044648653507604295, 0.0876525926188213, 0.0063370242808935065, 0.05221456717205335, 0.021757175665399232, 0.00705888185456275, 0.009909062631653968, 0.006327690781844142, 0.006840581661596873, 0.05217421759030417, 0.0710100993536122, 0.29674412975285136, 0.0018831629443916411, 0.006073303414923962]
                  , [0.1430694057746478, 0.02204194480281691, 0.02422128879553183, 0.023745900910150556, 0.012958552506070906, 0.3601540199125791, 0.012144353220981058, 0.015318576696940131, 0.020313204191355006, 0.022938686906265326, 0.011624100600291398, 0.034288364803788246, 0.01723708686304029, 0.018005861596406034, 0.02331659596891695, 0.15190809467217092, 0.04544801836328317, 0.027340956032054435, 0.00499824163428849, 0.008926746448275822]
                  , [0.07740975468105987, 0.023121326737978412, 0.015671569777232556, 0.019384117326300267, 0.01165710036261041, 0.01861608411530906, 0.011660435484298315, 0.04218738720314028, 0.02458258085328752, 0.033595437350343496, 0.023940442738959768, 0.04007428665750736, 0.01421656671246323, 0.018609180343474002, 0.021126096913150125, 0.12486547075073604, 0.4030711319921488, 0.06454593098135429, 0.002589180329735044, 0.009075914020117776]
                  , [0.0806881555747711, 0.024135154501525934, 0.007693716120549393, 0.014346587129196356, 0.016092101853001053, 0.013982980854526893, 0.008706870618514743, 0.12315622394201423, 0.01729839789165813, 0.061849708260427225, 0.03629826897761952, 0.020591116117497456, 0.011038722777721301, 0.015588951675483263, 0.015598495264496456, 0.07005300085452695, 0.24444456815869797, 0.20634066637843337, 0.0027283572695829157, 0.009367950153102728]
                  , [0.04661005355125525, 0.011571345858786615, 0.01095621213493727, 0.007896113724372288, 0.005057845880230165, 0.015883855365585876, 0.0058368737599372306, 0.011168094232217471, 0.010683480569037639, 0.011182649400104577, 0.00782687659361923, 0.029612539050209195, 0.007383047350941387, 0.008042835149581602, 0.009223866769351469, 0.30341266370292935, 0.4750729414225948, 0.017168892766736596, 0.0013151244827405827, 0.004094693087343136]
                  , [0.03267096218421039, 0.0022115233589473544, 0.13917611985263173, 0.5939409105263155, 0.0030039985552630863, 0.015455414726315744, 0.009150419199473663, 0.0062845418584212415, 0.02961149519473688, 0.009465542703684215, 0.005193322286842102, 0.018127382986842085, 0.005686233463157976, 0.06275868387368425, 0.01386487736368424, 0.021269684405263223, 0.015442346452631615, 0.01210915567578949, 0.0010572898748947446, 0.00352007900947374]
                  , [0.05591719463453396, 0.019371805911016945, 0.05275995578389832, 0.021646268914195004, 0.008772007796610151, 0.0542281015572034, 0.028551958199152537, 0.013064977351694818, 0.02766449108050844, 0.015356713230932378, 0.0089950009375, 0.21922489952330507, 0.012522067946504241, 0.025325524480932213, 0.02324138730296608, 0.2811624094279664, 0.10231013718220341, 0.016800182960805002, 0.0023886448130296537, 0.010696278653601711]
                  , [0.25300644805540773, 0.03571399147842303, 0.007978522039957345, 0.010323113668087393, 0.012039342492274889, 0.03154657695258389, 0.006282221729355341, 0.03407954449120945, 0.01085416738305807, 0.029684900474160975, 0.02030353184336707, 0.018260700255194426, 0.014162547129461934, 0.010907573321790109, 0.010212343659563104, 0.1510578666542354, 0.25260907831646295, 0.08233358420351625, 0.002080017959509843, 0.006563934674480531]
                  , [0.2561632808988765, 0.0069418073060460005, 0.0575330711610487, 0.1286979023220973, 0.007445103562332765, 0.03851818773996789, 0.020216426334403424, 0.013829547117709895, 0.0851769636276084, 0.027647259577314107, 0.013106509426966256, 0.03385865047084003, 0.016119837711075443, 0.06905450023542009, 0.0610623011717496, 0.07776869582129481, 0.04469397960406635, 0.02947557729266992, 0.002785928860192603, 0.00990446523542]
                  , [0.00851622831869929, 0.00319473768726288, 0.0011620046888888985, 0.0018063302428183922, 0.01153210569593497, 0.0015104791571816378, 0.0015900812504065012, 0.6344747756097557, 0.0026476622059620133, 0.08163192955555554, 0.028418510150135502, 0.0023372497186991484, 0.0013883973781030068, 0.002286982765853658, 0.002449112156097631, 0.004145467529539232, 0.012075260271544722, 0.19489455350135493, 0.0008237215522493239, 0.0031143926395663796]
                  , [0.20593287332224092, 0.013312808077093726, 0.009530533778702131, 0.009073034868552501, 0.006165194967831411, 0.5563615335551844, 0.0050379979190238525, 0.007514268520244005, 0.00748722171769272, 0.01068967373266795, 0.005855430029395481, 0.01237652018912919, 0.007380815519689412, 0.00676987947310034, 0.00878398157127016, 0.08538187977814753, 0.0209433404658902, 0.015376666094287311, 0.0019266736938436018, 0.0040996595135885175]
                  , [0.7391893412874586, 0.014012972976692564, 0.0020915561453939274, 0.003302091175360712, 0.002252535520532714, 0.0560009180554939, 0.0015969232219755942, 0.0065973122236404474, 0.0025538364234183597, 0.006700752930632631, 0.003832907772475011, 0.003208866532186473, 0.0042854423290787785, 0.0029489361076581386, 0.0028890196392896694, 0.09304592235849056, 0.024452406436182014, 0.02862671511376242, 0.0006907737848501679, 0.0017207815366259878]
                  , [0.5093977474747478, 0.01991240397362514, 0.0044556521105499, 0.0060553297196409075, 0.006560363420314318, 0.21848553423120093, 0.0031929990594837324, 0.010126189208193082, 0.00468103890235691, 0.0125034655286195, 0.008203509886083045, 0.0068478148552188825, 0.007835611528619515, 0.0052286307631874, 0.004861067856902317, 0.11035525452300782, 0.029308421324354662, 0.026894486565656593, 0.001588222279854095, 0.0035062598063972834]
                  , [0.05863418040158372, 0.014993267858597292, 0.01566505909671947, 0.009744341183823516, 0.0059384741657239615, 0.024073887692307623, 0.00719607178846155, 0.010020082009615405, 0.011508985492647082, 0.011324810656108353, 0.007439508596719456, 0.036697192995475116, 0.011881721946832544, 0.009963356059389143, 0.011281514648190077, 0.4658585005656105, 0.2663495678733032, 0.014503662539592746, 0.0016313034406108652, 0.0052944760299773845]
                  , [0.029171556948762237, 0.008514847720782965, 0.0030078878025330824, 0.005870210606793207, 0.034169110442717324, 0.006161483731145674, 0.005261833819804239, 0.24190837587795036, 0.009297239891191675, 0.21763412398388005, 0.2155936092112837, 0.006301609691421999, 0.004162728537708729, 0.0114701176321244, 0.008816199929188306, 0.016092613373632755, 0.03324349602763382, 0.13038255055843412, 0.003501292312550374, 0.009439103797927468]
                  , [0.040776686500888094, 0.009897429420959149, 0.001566300912966237, 0.0026160287146239705, 0.006804820149792765, 0.002640949149792772, 0.001656481329958541, 0.17694548091178203, 0.0026032175222024737, 0.04047409370278264, 0.012158888846062737, 0.0023572466820604987, 0.0022779991349911183, 0.002384502427471926, 0.0024953606471284917, 0.007476911981646003, 0.023766377013025464, 0.6579785346358797, 0.0007938341484310212, 0.0023288618111308203]
                  , [0.02110950394877907, 0.009610915318046455, 0.007409809495533139, 0.01415950031328169, 0.005783958839190084, 0.013168647018463375, 0.0276659890083383, 0.010511132266230183, 0.15095969763549721, 0.019209371691483096, 0.008808134303156655, 0.018034115294818336, 0.006408575808814789, 0.040450603591423474, 0.5802581816557484, 0.02429063316259677, 0.01758819013103042, 0.012258460205479507, 0.004362057486599167, 0.007952506496128664]
                  , [0.12705362057917435, 0.2500133179297599, 0.012522489818237854, 0.012368225689463982, 0.030402419706715967, 0.036081381595810244, 0.016489875247073325, 0.03473412156500308, 0.015368948552680194, 0.047897266592729505, 0.022021398471965502, 0.029478639476278497, 0.01207478276032039, 0.016204629044978436, 0.02030891759457791, 0.14715232142945153, 0.07135031939001849, 0.06675919913739987, 0.00892871125323475, 0.02278942454898335]
                  , [0.008882379989158251, 0.006891521167091845, 0.0018888064343111632, 0.0024430389049744997, 0.6841828749999996, 0.0029641360427295205, 0.007815294776785746, 0.020600369620535755, 0.0028876498246173735, 0.06957634717346939, 0.01525576503443879, 0.0036019301530612335, 0.00219627578061218, 0.0030466183367346203, 0.0031880193616070987, 0.00851475347130097, 0.006017958911351984, 0.0178087029362244, 0.012849580364668366, 0.1193879652359694]
                  , [0.02750046961047261, 0.00744676261047255, 0.273592931673052, 0.05463260358812261, 0.006497131489144242, 0.05056910148403576, 0.03070058730779053, 0.009050946139846708, 0.03262687464112389, 0.0109885529246488, 0.005442182740102157, 0.2958417139208172, 0.008974795757982112, 0.022896968953384406, 0.021067426989144343, 0.08429251935504471, 0.03454010191570884, 0.010765792056194101, 0.0017465188116219752, 0.010825976508939971]
                  , [0.028670891479057603, 0.010342095352094238, 0.07611867889594243, 0.021944239408376955, 0.008527170950261787, 0.031783634901832475, 0.045546847023560176, 0.011471399731675519, 0.033786175196989524, 0.014567736060864034, 0.008279640814136166, 0.477014630890052, 0.007664377344895286, 0.02444868107329843, 0.023683568182591652, 0.10202867845549736, 0.043670150870418846, 0.013891462362565624, 0.0021069487598167624, 0.014452994946989525]
                  , [0.03585613777044866, 0.007956084580474927, 0.02159485990633244, 0.092270060237467, 0.010009637511213726, 0.01746531638522425, 0.0858820061721636, 0.01497265639050141, 0.05591769601846965, 0.044173713522427605, 0.023222237984828493, 0.03165251167546174, 0.013172607634564633, 0.3833305290237461, 0.05790816654683377, 0.03780478716358843, 0.028895288792875985, 0.01981625700527702, 0.00399663543865435, 0.014102820127308704]
                  , [0.0693936267994598, 0.019774386257933825, 0.010325749552329476, 0.01883375036461851, 0.039216081195138405, 0.021092655467927116, 0.015987599478055364, 0.07383289806212019, 0.029417106354490206, 0.15432048538149903, 0.22513948278190427, 0.02328987075827145, 0.010273860943281567, 0.04403792831802837, 0.026197371480756217, 0.05137182591492234, 0.06843198640783257, 0.07182086920999325, 0.008090456575962189, 0.01915200247738015]
                  , [0.3594581686577654, 0.018108317617006323, 0.006092201048489135, 0.006635373132115256, 0.006382886302178488, 0.39671797329585423, 0.003895227643710475, 0.008878392752635203, 0.005703664469430811, 0.012176230058327686, 0.006393973754040803, 0.008650926191145384, 0.006851100709768097, 0.005814223490513026, 0.00629326404567819, 0.09296574910751934, 0.022339970730850305, 0.02096846172171471, 0.0016267297456078736, 0.004047167808151807]
                  , [0.26241310318021177, 0.012755694929328622, 0.015577423585159029, 0.023612335874911693, 0.00930909830883389, 0.04189250467137809, 0.0115744584155477, 0.020143595519434516, 0.019068625341342765, 0.027381609787985914, 0.011364035585865729, 0.016715620853710228, 0.2598852565371024, 0.020790530692579502, 0.01713420335406364, 0.11453520345583038, 0.05713434952650177, 0.04757835112367487, 0.00308571783886925, 0.008048275724381639]
                  , [0.00821170188984871, 0.009555547206623462, 0.002966248534917157, 0.0034075597919367012, 0.153802628149748, 0.0032724355097193125, 0.04168759558099347, 0.007556833927285733, 0.0035797486544276516, 0.017927469177825867, 0.005125053545716338, 0.0077887195025198135, 0.0022954140871130173, 0.004800821582433432, 0.005507681200864006, 0.009172040555795583, 0.006083812266378746, 0.008161143482361438, 0.016541096546436276, 0.6825564478041756]
                  , [0.011648564916299523, 0.002068152469897189, 0.7720767643171796, 0.05303996908223201, 0.0020948187533040424, 0.012816797815712107, 0.009573785314977977, 0.0027291234170337964, 0.007341896933920747, 0.0037826116681350247, 0.0021006843986784117, 0.06555016819383264, 0.003706961677679914, 0.008268351509544799, 0.005707089327459565, 0.01996614540528633, 0.00918998059985316, 0.0043154288759178205, 0.00054965852312777, 0.0034730321740088395]
                  , [0.02055884975519276, 0.005226788652819007, 0.4815554933234422, 0.0549714274703264, 0.004409742818991112, 0.027476125047477824, 0.023237844374629082, 0.0060413780215133744, 0.01951409453709197, 0.007727513614243259, 0.003941026582344211, 0.21833030956973304, 0.006320987993323455, 0.016858862887982204, 0.013234748945845719, 0.05277731146142434, 0.021283655393175054, 0.008386943942136418, 0.0011230781083086134, 0.007023797165430189]
                  , [0.09960990323730098, 0.02485393627141773, 0.009171906664139508, 0.006294354282789967, 0.005232097798332017, 0.03275381492721757, 0.0051615039332828, 0.005494397995451067, 0.00678067434116756, 0.009075090231993807, 0.0043380782092494324, 0.022502901482183486, 0.008801150686125879, 0.006221714656557964, 0.006803077184230469, 0.6534425792266866, 0.078526, 0.009238600977255665, 0.001404120112206227, 0.004294100020469992]
                  , [0.015049878913737921, 0.0026290675926517564, 0.0065725334041533065, 0.019532100471246046, 0.002637109194089493, 0.008390759642971285, 0.009380140824281152, 0.008327399922523987, 0.612230078274761, 0.011627120644568584, 0.009644186560702827, 0.02338787134424921, 0.00459193793051119, 0.03207858171725239, 0.18351250670127783, 0.01881691960063895, 0.01831143047124594, 0.008597118682108662, 0.0013397366036741196, 0.003343509924121399]
                  , [0.029619170746987868, 0.01226105864899598, 0.02459839368192771, 0.021172454730923742, 0.02999993091566268, 0.015130492168674715, 0.42720240481927707, 0.013981778433734965, 0.025525375590361457, 0.030095158481927634, 0.011419534667469908, 0.07530649117269084, 0.011434166893975896, 0.07031930900401603, 0.04167788849156627, 0.03924174486746979, 0.023998027943775105, 0.016988312658634624, 0.006016909881927708, 0.07401138498795176]
                  , [0.043952841844262305, 0.022403642795901645, 0.011789680066393436, 0.015795377249180335, 0.11883295550000009, 0.027093175155737732, 0.026907925026229507, 0.03603803176229503, 0.021497688634426214, 0.0802713458852459, 0.028776101336065573, 0.018695405998360625, 0.012917550109836074, 0.02134002606393441, 0.03434471046803278, 0.042799775885245896, 0.03058691816393444, 0.04040901285245901, 0.2651345450819672, 0.10041324962295074]
                  , [0.027904446374570388, 0.018811604793814433, 0.016359849742268034, 0.01638873316752581, 0.09736522957903784, 0.012689728148625429, 0.23192680455326453, 0.016055954862542993, 0.02211638280927837, 0.0366679864776632, 0.01251335804123711, 0.04730618857388316, 0.007432899919243969, 0.036863015713058424, 0.035541432030068716, 0.035277638316151265, 0.021645168762886594, 0.02063261656357393, 0.015447608024914097, 0.2710533505154642]
                  , [0.03391138041869527, 0.009601294418695241, 0.006974927660175302, 0.005466972137293108, 0.004086228436222111, 0.007905831420642655, 0.004439264836416743, 0.014912439244401082, 0.007500763483933796, 0.011730442603699973, 0.008631401006815993, 0.01913390348003896, 0.005210649774099282, 0.005792731778967872, 0.007389412308666063, 0.14128418010710805, 0.679501433300876, 0.022282099694255056, 0.0010492391567672801, 0.0031953961421615877]
                  , [0.03484281207423577, 0.012989219374454141, 0.0427801301419214, 0.02488174043668125, 0.024830233668122294, 0.02498161767794757, 0.21718438209607, 0.01428140306768566, 0.03567194219432314, 0.023280290949781693, 0.010955992958515275, 0.2552514355895197, 0.010291228247816583, 0.04769302197598254, 0.039153386266375545, 0.0697085619978166, 0.03520288700873363, 0.016992876615720534, 0.004819974358078604, 0.05420685926855895]
                  , [0.02286671725225227, 0.018349733762387386, 0.006667895677927922, 0.00886803380405405, 0.09964555761261265, 0.014195971441441482, 0.015494089888513526, 0.019034826227477528, 0.011726399981981918, 0.046082673716216216, 0.01295832481981982, 0.011069262826576574, 0.0077095633975225245, 0.01136870479166668, 0.02046641887387388, 0.026894222646396376, 0.01657209030405407, 0.019881096407657672, 0.5260564819819815, 0.08409192557432435]
                  , [0.009322137197724012, 0.010352566549075397, 0.003349914034139402, 0.004543643863442366, 0.03422389619061167, 0.00747139095021343, 0.005883455302987214, 0.007213333543385478, 0.005067043130867643, 0.020893870573257423, 0.006321093850640086, 0.0048246316130867925, 0.0035986359587482017, 0.006089324354196322, 0.00964558577098145, 0.013195514324324323, 0.008530649772403982, 0.00873351940825029, 0.803887640113799, 0.026852159302987202]
                  , [0.009301490516405081, 0.0048037285192582095, 0.0028818374764621943, 0.0055813943666191065, 0.0034332017931525682, 0.005393999116975655, 0.012230508124108419, 0.004602744437945824, 0.055735434275320975, 0.009489658940085549, 0.0036574021398002934, 0.006654156486447925, 0.0025646317146933335, 0.015438258550641931, 0.8292275677603417, 0.010365974455064236, 0.007773203295292408, 0.005647839711840186, 0.0019535747323823184, 0.003263389112696191]
                  , [0.025631635014662854, 0.0076680763489736115, 0.0037211441129031964, 0.0060661919926686195, 0.034238039475073326, 0.006881663469208231, 0.006192185705278599, 0.07875756148973607, 0.008683868909090856, 0.20832436001466267, 0.4793917888563046, 0.007177324904692105, 0.003975985580645151, 0.015085443611436954, 0.008641667413489727, 0.015494670821114352, 0.025167780117302068, 0.0444699557624633, 0.003844219483870966, 0.010586448938416444]
                  , [0.0119656899581993, 0.8818333890675231, 0.0032344752942122107, 0.003613510959807234, 0.005243813548231509, 0.006303617006431013, 0.0042841805048231645, 0.006157484856913142, 0.00410032436977488, 0.008104467078778058, 0.003281601884244409, 0.004587809975884323, 0.0032973499437298943, 0.0037615103424437323, 0.006049590921221884, 0.018294666832797332, 0.009184367696141463, 0.008313324339228004, 0.0026319506205787716, 0.005756873741157648]
                  , [0.06844639660808437, 0.4980833831282956, 0.013822167627416535, 0.01001621449912126, 0.0256454676977153, 0.028163472003514933, 0.011538774604569417, 0.020183169050966565, 0.010850409384885733, 0.0302930940949033, 0.013340764938488604, 0.018262039226713555, 0.007856280715289966, 0.010441964639718783, 0.01811412880492089, 0.1045332378910369, 0.04284350864674868, 0.03958106449912123, 0.007682030495606327, 0.02030242102108963]
                  , [0.014952706247288547, 0.007278846954446871, 0.031893253013015196, 0.0072099617201735605, 0.0034780422255965143, 0.013674593709327582, 0.02107239407375271, 0.005708858511930606, 0.009174763789587863, 0.007166408069414196, 0.004170696544468569, 0.7811282559652922, 0.0033761226594360254, 0.008690743316702807, 0.00864531016485897, 0.04013579787418659, 0.017859670737527103, 0.007157206334056379, 0.0009253476724511937, 0.006300999616052041]
                  , [0.013376247323943713, 0.004205445948356807, 0.008369696558685434, 0.008849587577464749, 0.012204457593896698, 0.006374951063380319, 0.7655619436619728, 0.0073341816150234995, 0.008201894338028155, 0.013381532140845073, 0.005747106889671373, 0.031494197300469484, 0.004202406438967136, 0.03479431509389671, 0.014132310021126762, 0.015549641009389707, 0.011064770657276984, 0.008904836319248988, 0.002547909767605633, 0.02370256358450704]
                  , [0.01455222338256662, 0.0012221993995157436, 0.049615264866828095, 0.8286098305084741, 0.0018513515811137901, 0.00643700347457634, 0.0037191934188862026, 0.0035299644164649008, 0.009574149164648875, 0.005629093573849997, 0.003278811246973358, 0.0062269761259079875, 0.002232587755447931, 0.03112264, 0.005774881924939482, 0.009819504123486686, 0.007914598353510938, 0.006013083987893464, 0.0006185776903147658, 0.002258062445520577]
                  , [0.02038110520588235, 0.004010957514705871, 0.008933999317647025, 0.043064587970588236, 0.0057304508764706025, 0.009610532558823569, 0.04489943531470586, 0.007598760117647069, 0.02373671566176469, 0.020689027114705855, 0.021773708641176462, 0.015887266932352925, 0.007092277029411766, 0.6924962705882355, 0.018236430138235272, 0.02139982238235294, 0.01540051479411765, 0.010793063676470538, 0.0020840134470588283, 0.006181078100000004]
                  ]
distribution_weights <- [ 0.01654594193805966, 0.015385273484286774, 0.015271202874579365, 0.015245536987395197, 0.015222722865453717, 0.015165687560600011, 0.015165687560600011, 0.01483203102720584, 0.014809216905264358, 0.014800661609536303, 0.014104830890321109, 0.013899503792847772, 0.01347173900644499, 0.013420407232076655, 0.01309530599441054, 0.012966976558489706, 0.012941310671305538, 0.012909941253636, 0.012242628186847659, 0.011914675183938859, 0.011777790452289967, 0.011438430388410427, 0.011024924428221068, 0.010913705583756345, 0.01089944675754292, 0.010876632635601437, 0.01077967261735014, 0.01073689613870986, 0.01072548907773912, 0.010600011407060971, 0.010448867849198655, 0.010354759596190042, 0.010306279587064393, 0.010300576056579023, 0.00994980893172874, 0.009767295956196886, 0.009510637084355216, 0.009470712370957623, 0.009182684081446416, 0.00912564877659271, 0.00912564877659271, 0.009057206410768265, 0.00891746991387669, 0.008891804026692523, 0.008820509895625392, 0.008766326356014372, 0.008752067529800947, 0.008746363999315577, 0.008655107511549649, 0.008629441624365483, 0.008560999258541037, 0.008549592197570295, 0.0085296298408715, 0.008509667484172702, 0.008506815718930017, 0.008449780414076314, 0.008190269776991959, 0.007922203844179547, 0.007902241487480751, 0.007890834426510009, 0.007731135572919637, 0.007676952033308618, 0.0076569896766098215, 0.007631323789425655, 0.007611361432726858, 0.007608509667484172, 0.007605657902241487, 0.007557177893115839, 0.007454514344379171, 0.00738892374379741, 0.007346147265157132, 0.007200707237780186, 0.007169337820110648, 0.006781497747105458, 0.00648206239662351, 0.006393657674100268, 0.006362288256430731, 0.0062225517595391544, 0.006179775280898876, 0.006176923515656191, 0.006114184680317116, 0.006105629384589061, 0.006085667027890264, 0.006000114070609707, 0.005871784634688872, 0.005811897564592483, 0.005606570467119147, 0.005452575144014145, 0.005418353961101922, 0.005384132778189699, 0.005352763360520162, 0.00532994923857868, 0.005261506872754235, 0.0051417327325614555, 0.00513888096731877, 0.005081845662465066, 0.005041920949067473, 0.004953516226544231, 0.00481663149489534, 0.004788113842468488, 0.004628414988878116, 0.004471567900530428, 0.004465864370045058, 0.004357497290823019, 0.004323276107910797, 0.004223464324416814, 0.0040580619403410715, 0.004035247818399589, 0.003961101922089773, 0.0038841042605372725, 0.0038441795471396796, 0.003761478355101808, 0.0035704100838418983, 0.003550447727143102, 0.003479153596075971, 0.0033194547424855985, 0.002928762904237723, 0.0026122169622996637, 0.0025323675355044773, 0.002004790965607711, 0.0019990874351223406, 0.0019449038955113216, 0.0017737979809502081, 0.0016226544230878914, 0.0013146637768778873, 0.0012148519933839047, 0.0011777790452289967, 0.0009696001825129756 ]
# The number of clusters.
n_clusters <- 128
# The base file name of this file (for reproducability).
fn_distributions = "dists_hogenom_poisson_allsites_kmean_128clusters_rb"
