# This script is generated automatically.
# Vector of amino acid stationary distributions.
distributions <- [
                    [0.08922658085550664, 0.02775238826978068, 0.034591366952313844, 0.04148075990269177, 0.019861423189878363, 0.045664768439822256, 0.039425672532830906, 0.031717483948711135, 0.042863725042647474, 0.04491507421704775, 0.023036479851841096, 0.06804203187180102, 0.07643268163211628, 0.049724452485617784, 0.039877610036608384, 0.14019773638822688, 0.10402667400895421, 0.045965567138365866, 0.01500054484689508, 0.02019697981844132]
                  , [0.05094832027788344, 0.012674895866628448, 0.0027144584334733574, 0.005384447276154267, 0.02701480747211178, 0.00757755208469213, 0.0037577321252002284, 0.3005167401546597, 0.006131446244917536, 0.13318788492246794, 0.041029484016446176, 0.005281297800259321, 0.005201818899202654, 0.006039998264453044, 0.006129008200777088, 0.017240837712293795, 0.038523863926759785, 0.32044694249523675, 0.0024139013009139227, 0.007784559473757967]
                  , [0.028736742375582394, 0.00977303290876947, 0.0027983953661013597, 0.005374691101005989, 0.07318164717013463, 0.006822063533197753, 0.006435390387677913, 0.14217865885977388, 0.007556258215817228, 0.4360026953621021, 0.09405700385943162, 0.0055398143368301025, 0.005247096424930299, 0.010533019078060268, 0.008986768836853572, 0.014821434724503098, 0.02153167102817761, 0.09864307545994451, 0.005714859326575488, 0.016065682434031194]
                  , [0.04907014632486161, 0.004299041084131112, 0.2669302480928873, 0.2663407926909581, 0.005019767495750442, 0.032625799664856944, 0.020524511751466808, 0.009139742828946501, 0.04682654607408015, 0.014667648605308475, 0.007253465986044677, 0.07245619026937028, 0.012196536615205155, 0.06008211299967113, 0.02748156152366068, 0.050046794730081536, 0.029726134827740208, 0.016337668380298098, 0.0015942754588089405, 0.007381013971404223]
                  , [0.038642759935506074, 0.00829977821822146, 0.019316038034455002, 0.044740742413436785, 0.007778574433028547, 0.020869844433679695, 0.03209225184023669, 0.016855107203108108, 0.2560817989764462, 0.029791566284561796, 0.015536206287959004, 0.03915892721777413, 0.010529734562328408, 0.07258441466900736, 0.2727597821766103, 0.04435069953548879, 0.03532860061323296, 0.020710573637949647, 0.004184520687907999, 0.010388077357322986]
                  , [0.41366533587563403, 0.031841156557769694, 0.008108080848276834, 0.011874288864578496, 0.009554835656789884, 0.08980828157750205, 0.005809305161041108, 0.022334339626346573, 0.009673115574841441, 0.023565600815818002, 0.012368576661722575, 0.012978737229488283, 0.014973022220855479, 0.010209208441938237, 0.009248397197487906, 0.17942438359957164, 0.06652573581163183, 0.06019221556792813, 0.0020148301053907747, 0.0058305583917305955]
                  , [0.02027952241871951, 0.014548495806913307, 0.005503214775894064, 0.0066359282464627314, 0.3259459224072917, 0.0077181997402957295, 0.041483262394093084, 0.03096323157257782, 0.008179742029369497, 0.0795304126727715, 0.021059648384069637, 0.01279588211310478, 0.004973462629212732, 0.010303656791485993, 0.011253315332137269, 0.020312759019139044, 0.014892837958008505, 0.030423393756795376, 0.03475775517464011, 0.29843935447436465]
                  , [0.07943539112085952, 0.007945950870881962, 0.022681956608722582, 0.015298089297030915, 0.004398952093668196, 0.6939152628266304, 0.007128622509250384, 0.005156794310064272, 0.013956181567295702, 0.007898942956894944, 0.00424102253245575, 0.026882038503019897, 0.0057568599095361925, 0.009731051541801788, 0.013752562077182458, 0.05282660257092031, 0.014141975090724304, 0.009430414556042335, 0.0018131862652617011, 0.0036081370371159084]
                  ]
distribution_weights <- [ 0.3058033422688644, 0.15415217019334967, 0.13349398277533794, 0.1040124336964581, 0.10067016483203103, 0.08787714595334511, 0.06913534477841785, 0.04485541550219586 ]
# The number of clusters.
n_clusters <- 8
# The base file name of this file (for reproducability).
fn_distributions = "dists_hogenom_poisson_allsites_kmean_008clusters_rb"
