# This script is generated automatically.
# Vector of amino acid stationary distributions.
distributions <- [
                    [0.045806747491767406, 0.009244840510345007, 0.02365241854688782, 0.045919106569633716, 0.010171759240867202, 0.024296268227530168, 0.03331207283072941, 0.01984179173146173, 0.2146486369203262, 0.03466412803005313, 0.016844448062447427, 0.04236347450646836, 0.013869274084177553, 0.07179544423296738, 0.25115452484064005, 0.057506280980374164, 0.04305109255466989, 0.025410079646931122, 0.004318214312905185, 0.012129396678816892]
                  , [0.04750453958014638, 0.0063086132473816, 0.3176639395225614, 0.1985102659648291, 0.0065353127081768944, 0.03912198233827358, 0.022644321272131503, 0.01049054660628095, 0.036534187457423366, 0.01674871569536524, 0.007821757811915193, 0.07960198552554924, 0.013808591236110881, 0.04387410435957281, 0.025043384489343814, 0.06400609016733774, 0.033839070706755243, 0.01824768593671733, 0.0022951515335714067, 0.009399753840556213]
                  , [0.02206020293791643, 0.006923639807332952, 0.0037477700797098265, 0.007076047023284232, 0.04362297150135286, 0.005493240413711504, 0.007398938756362905, 0.10517260402367876, 0.010682695055835075, 0.49891090197544824, 0.127755316887136, 0.0070705392906756, 0.005783217100959285, 0.014845616231383463, 0.01153854272807114, 0.016929891778156094, 0.021226130355852676, 0.07019382306190393, 0.0027943998320221868, 0.01077351115920663]
                  , [0.0732438319258559, 0.007513083730853191, 0.08630402003848703, 0.1934748443697548, 0.00873535763209525, 0.03247969557709782, 0.02953369933721907, 0.01844180072932166, 0.09528320167188617, 0.0325498472333798, 0.014930840942373269, 0.048071598224746034, 0.017087505513529368, 0.10504073574252167, 0.06855776108108658, 0.07143714805629982, 0.05211676185847646, 0.03138384149523346, 0.0031267535589625073, 0.010687671280820375]
                  , [0.026472250795383952, 0.007121725870466024, 0.0020313833550585697, 0.004320769424126943, 0.03583609895442064, 0.0037677849612493437, 0.0038083340874559947, 0.27246988456170296, 0.006297273528892076, 0.29678930026545286, 0.06821848184523552, 0.00422290974432546, 0.0034269707984167903, 0.005963459707905738, 0.007141258915039785, 0.01135653236477241, 0.023928481430703717, 0.2057717216992163, 0.002976411395760921, 0.008078966294413925]
                  , [0.010604068213979372, 0.005073773606637128, 0.001109135578634467, 0.001713262665652749, 0.05716350687968849, 0.0021303342485742313, 0.002628586513782546, 0.10901560830851119, 0.0022044641879534798, 0.6208149806432598, 0.08343333220481564, 0.00193614230949542, 0.003726666442054394, 0.003993870111686101, 0.0035058956629078434, 0.006683907764887704, 0.008635398655608329, 0.0665286369510264, 0.003927585646895478, 0.0051708434039491]
                  , [0.055935953112874054, 0.013537324569635956, 0.001041673422314404, 0.0014533431128589311, 0.06891926141858495, 0.01090824948881767, 0.0018236203605846255, 0.23216883801590982, 0.0021046590947637624, 0.2587416500629495, 0.05403469541020202, 0.0022130772973604444, 0.003637168479508804, 0.002430249919340447, 0.0025096012342875995, 0.015469787186972287, 0.029353294497277062, 0.23425149037235626, 0.003533909353081987, 0.0059321535903194824]
                  , [0.1410624073919983, 0.021716106373556254, 0.033755661043083036, 0.034084385047011626, 0.010612047929183346, 0.05978791338766407, 0.01985057394752972, 0.016565603885148952, 0.03395459618987819, 0.02461085333316891, 0.012376481639415507, 0.06622765060288414, 0.02301487811252297, 0.0324904096092513, 0.031032373783152316, 0.2831499705782998, 0.11399070249777345, 0.02899946638166852, 0.002367021489671911, 0.010350896777137818]
                  , [0.06049172822837987, 0.0032631541057575814, 0.1711277071272361, 0.2758276770922425, 0.004197633316842709, 0.027185244638570413, 0.02239708964805634, 0.01100963526542625, 0.07011982798866634, 0.018949510008001366, 0.008956512856297809, 0.059862363279588326, 0.010419971785525225, 0.08694564701774916, 0.03816143700438986, 0.0627494957084455, 0.0407752984762432, 0.020684953884496916, 0.00046221555747149754, 0.006412897010613072]
                  , [0.41823045193218733, 0.021921998392545276, 0.01138842866527384, 0.01700327971843176, 0.007824869467458213, 0.05909657944471852, 0.007382789719706108, 0.01843421632134298, 0.0134469605216863, 0.020908667249492176, 0.010406243217848398, 0.016825757583045234, 0.013250844156073202, 0.013356898766825847, 0.013099351922128542, 0.20168369608440836, 0.0756960277399906, 0.05249040170812235, 0.001586960709686027, 0.005965576679028908]
                  , [0.017527025719103324, 0.007114210237430387, 0.0006980656575111475, 0.0013017862821295386, 0.03745775636406447, 0.0014142249869061889, 0.0015678019242046518, 0.3159261923679139, 0.0013106063031561761, 0.32222934964574296, 0.05659632278167091, 0.0014193522215798472, 0.0009225548276560322, 0.0021281024562950514, 0.0017441930221022486, 0.004034099039111918, 0.012163521093242166, 0.2053774033702808, 0.002614518956682918, 0.006452912743215413]
                  , [0.12044358916462025, 0.014210384007665677, 0.019422803570531652, 0.024593378021710115, 0.014029121231449422, 0.02816483332289672, 0.014681488828832466, 0.04654225666662107, 0.03152961888012611, 0.04240113838402865, 0.02392677334927365, 0.04525396108849743, 0.02031366050328617, 0.024420944683608694, 0.027116485075973872, 0.1894863494557054, 0.2309687779757736, 0.06877658956122146, 0.0027958258753217843, 0.010922020352855973]
                  , [0.1416086495140251, 0.015842260827802122, 0.01820808323920207, 0.016365701723643346, 0.005660568434062566, 0.5505379463651371, 0.007905139715719451, 0.007782718709099709, 0.01248865887367151, 0.011672757610563892, 0.0058256098917009065, 0.02390364117101788, 0.008596400461153007, 0.010912386536385554, 0.014697121133811891, 0.1005486546772306, 0.025363349259345955, 0.015719114444770914, 0.0016729246435386765, 0.004688312768117609]
                  , [0.05154523743190287, 0.010993550807559264, 0.07286039257203789, 0.046081015038152096, 0.010952614108625443, 0.049964272998863184, 0.04917800929926133, 0.01647220988997691, 0.07252013140343005, 0.02376117787794952, 0.012055753775231121, 0.21789301634591365, 0.012881156666229554, 0.04844056829103071, 0.05727527544963352, 0.13916989288178078, 0.06691690168648193, 0.02152320756993601, 0.0028110784000468267, 0.01670453750595748]
                  , [0.05895852829778981, 0.009778172803515903, 0.006563397919986741, 0.011109419186655367, 0.028403338772773224, 0.009899361505803783, 0.007361535527782052, 0.2363822820020131, 0.012800088859392668, 0.14346992457405505, 0.04737553843008086, 0.011110269489237132, 0.012933141499558045, 0.01171009842352754, 0.012516184902228916, 0.031845754478927714, 0.0575289951384932, 0.2774143056102101, 0.0023815192509714193, 0.010458143326997208]
                  , [0.010548252840971117, 0.003971171953238994, 0.0006322135727047753, 0.0011012385355610836, 0.01666778096538583, 0.0009250964122126182, 0.0008113278609762854, 0.44505355018424136, 0.001167727104791889, 0.18835363734013277, 0.03164334075644397, 0.001160374750734552, 0.0006905701405584409, 0.0012458635632583825, 0.0012241459259694015, 0.0024947754629205724, 0.008075677486237758, 0.2815943636906452, 0.00022792253276715142, 0.0024109689202474077]
                  , [0.046899963817906995, 0.005687684919967744, 0.03844698222724366, 0.0672158769502256, 0.0034656564100238557, 0.029111070484140973, 0.030719229551506556, 0.009267172375355398, 0.24261973259841157, 0.01749608603025192, 0.009480017233792402, 0.06927235769996805, 0.014666556586260012, 0.08678372097491688, 0.18849641092475017, 0.07411213209415889, 0.04576294828767529, 0.013819475893300537, 0.0012327229401856517, 0.005444201999957602]
                  , [0.09743675521695654, 0.0032632233117946058, 0.01384469545524393, 0.021341440719505077, 0.00386722301833539, 0.017136988611855638, 0.010664078999408877, 0.00827358829619592, 0.01903041370190194, 0.01773579434739597, 0.004520877955947296, 0.012157079312298692, 0.6053778330144474, 0.02035952454230489, 0.01661369998319908, 0.07607677608906552, 0.030557792084553056, 0.01731203885003893, 0.0009153439988445663, 0.003514832490706525]
                  , [0.0311671181118169, 0.012202265465429622, 0.001149055513718419, 0.00239685032346958, 0.021773186501883385, 0.0024644945351805438, 0.0025993727976962415, 0.3395397334456008, 0.0031568810863277634, 0.15879772852668417, 0.04176979414842171, 0.003240466403013812, 0.0017936241000451355, 0.0038709613613149207, 0.002877572209795604, 0.01023160060049856, 0.027100452113458316, 0.3266218757250713, 0.0004194127615573077, 0.006827554269015794]
                  , [0.008476388942900282, 0.01461082265582684, 0.0022122689686492423, 0.0027833019763873583, 0.33377708960633645, 0.002797492842247828, 0.04106679024379514, 0.010951067087151304, 0.0035302520076148725, 0.03525712582649276, 0.006335796127222318, 0.0074161549435911465, 0.001874543920896284, 0.00528503935912978, 0.0054493038959082425, 0.012538513512252355, 0.006519555753585462, 0.012694857975297975, 0.015480348860343048, 0.4709432854943712]
                  , [0.03824406893670053, 0.002599007442441118, 0.1336942692816375, 0.547145707846365, 0.0038770927782176743, 0.013748546501172219, 0.011211351270809055, 0.007603710391334076, 0.030362530088318507, 0.013907658213083802, 0.0070610853583713854, 0.019246172501983305, 0.005159147920346713, 0.08023900208949751, 0.018204249398469718, 0.02696814733615099, 0.019319345862475, 0.015092426457876881, 0.0015951732412043933, 0.00472130708354462]
                  , [0.030389205127932892, 0.014640793409878424, 0.008156711460670563, 0.01118368681557425, 0.27086057898237265, 0.010659777713859118, 0.042486833997127084, 0.03674122830191279, 0.014469468731193376, 0.08667803242063761, 0.023892440973405076, 0.016870883092168384, 0.007085600129357445, 0.016485584841237622, 0.018832877284489284, 0.030530260534758023, 0.023484852953642842, 0.03853080575269548, 0.029008161206724368, 0.2690122162703626]
                  , [0.021584359457130445, 0.0035269719349915636, 0.006930144446525337, 0.017246919654441688, 0.0033028235663606445, 0.009946885495877902, 0.01709290558611686, 0.008743529563181389, 0.3982139024786564, 0.015309437170790644, 0.007914040253146284, 0.024250873367654833, 0.010981718184033089, 0.04768892605221721, 0.3342888122109711, 0.030981060876584737, 0.024357059882421338, 0.012623682882796347, 0.00075934444768542, 0.004256602488416619]
                  , [0.07593328921602834, 0.017164890670877297, 0.0209708337805348, 0.04180503723356426, 0.02067538201673716, 0.024249846833232096, 0.033099664024143174, 0.063281138086721, 0.08903864934313825, 0.0797410894501198, 0.036240907841585804, 0.04556345385978564, 0.0119293769824717, 0.0638664054856563, 0.0955333554245595, 0.08849243051316011, 0.08939580773831392, 0.0789327378376105, 0.004885159542156443, 0.01920054411960387]
                  , [0.09732271725422786, 0.010694949443433662, 0.017539992651231944, 0.024109467508778806, 0.013872382403137597, 0.022850883977970197, 0.023293649609583602, 0.019896673206394634, 0.025743320144749057, 0.04507027864918229, 0.012243130230153467, 0.02232337506028381, 0.39619846070412146, 0.03263538766738958, 0.03011705888978449, 0.10225918157037235, 0.05361630431143861, 0.032892305442344755, 0.00439029666931546, 0.01293018460610657]
                  , [0.011793235397551045, 0.006433956454663063, 0.0016071691052716578, 0.0023000263806754132, 0.4777065901348711, 0.0033684631014440996, 0.012275934353689616, 0.0231114361715782, 0.0023877319496476384, 0.07045050325219467, 0.017512386135269526, 0.004101086145561806, 0.0018310454391468832, 0.0034393484447718466, 0.003394431405254783, 0.00919381016098552, 0.008020132565915609, 0.021471618504231457, 0.027837737675739806, 0.2917633572215364]
                  , [0.017055237630209347, 0.0006614482559721073, 0.000940873809018228, 0.0014473184174294896, 0.011935715634380381, 0.0017014870696074014, 0.0010308104982884737, 0.42644425671974834, 0.0015078147758765868, 0.1047618588409304, 0.028504487770645712, 0.001745851492523914, 0.0012566864547646464, 0.0017489015072462558, 0.0019503836260426639, 0.00435161423331694, 0.014256679580727804, 0.37681469083916935, 0.00039963658661703, 0.0014842462574848898]
                  , [0.10571095396701043, 0.009161947185820411, 0.10529025701532035, 0.0829123361669699, 0.004358303978778441, 0.102774671793615, 0.022360982535190716, 0.007832496268626803, 0.045482133380498606, 0.012504884245817858, 0.005956168377123148, 0.11045748526144403, 0.011361273707640378, 0.045038091486678984, 0.03373962052886754, 0.19890808042839647, 0.07515658644786734, 0.015177088574410573, 0.0010338288316925955, 0.00478280981823043]
                  , [0.020328842998976134, 0.004424709906629185, 0.0008551089849725478, 0.001592175574255815, 0.01525430656264235, 0.0019660296338701974, 0.0011852477998994932, 0.396266408772526, 0.001683036670578858, 0.11922314223492754, 0.026078955754784985, 0.0017093210710339383, 0.0034650733116893206, 0.0017463199714082014, 0.0019351182769970733, 0.004872391205520495, 0.01506974092659731, 0.3776190636187787, 0.002097413939649907, 0.0026275927842616545]
                  , [0.27244542971097513, 0.008317575843182283, 0.0025815400193333975, 0.003058673975147895, 0.0033725235937157, 0.575705100925089, 0.002010283418002463, 0.004556888916206262, 0.0024572445297165375, 0.0060588447606014844, 0.003645030192122524, 0.004994396448505055, 0.0025890547263682476, 0.003011839809115212, 0.0032655814170260257, 0.07535499786998012, 0.013097257237326614, 0.010693853817961393, 0.0008047514886870987, 0.0019791313009377316]
                  , [0.020228108059300476, 0.0077933949621925985, 0.0006828431897405012, 0.0010693579573002225, 0.006913594237001379, 0.001426052517611178, 0.0008023554406690952, 0.3764659285263034, 0.0012043205779235578, 0.06662029798176179, 0.014761393458332654, 0.0012225840288621456, 0.0004993411546710404, 0.001117284848352438, 0.0012064316908132625, 0.004045328059132315, 0.014336587560634908, 0.47814847134846955, 0.0003055305384281087, 0.0011507938624995885]
                  , [0.54799041223973, 0.02003108392616512, 0.002444377844901231, 0.0032839232899823756, 0.0030843939570936348, 0.06290628788887104, 0.0021516365707100085, 0.007072508176889462, 0.0027776189292540634, 0.0072067391162514895, 0.004158052973441787, 0.005179876346535037, 0.013378443771746061, 0.0036962825121756365, 0.0032436546995004024, 0.23159251141272666, 0.04988458010229979, 0.027185755936634623, 0.000734568232589244, 0.0019972920725023456]
                  , [0.04437673450217394, 0.0038435451777788362, 0.039852208942157505, 0.02413962471898242, 0.0032873074630813772, 0.6944148282877608, 0.007485949293439954, 0.004357594861415107, 0.019051352070989177, 0.00690343384484365, 0.0036970338385514077, 0.04243425706438809, 0.0046071051136817205, 0.012257514906939966, 0.01627438557689091, 0.04765745310882875, 0.013446950124357883, 0.007516189408784183, 0.001303461631841427, 0.003093070063112561]
                  , [0.08913205586077938, 0.01252279496700311, 0.04940609482255322, 0.04829099593233498, 0.011823212623178415, 0.3090321234612122, 0.025249200348895547, 0.015202728095315836, 0.04682276539014653, 0.02521853274040741, 0.012338893282679834, 0.06152871540843947, 0.01491400160074903, 0.03630641972774783, 0.05263835526594476, 0.10724286524210902, 0.041027757460620644, 0.023619622145168943, 0.005423902701793033, 0.012258962922920637]
                  , [0.015306642711715642, 0.006848092509909612, 0.0009853661516240403, 0.0016578494393908881, 0.039634268230565275, 0.0020481412190594345, 0.001965223887148666, 0.20838002423743765, 0.002074180221634064, 0.4861644720838918, 0.07402643341345201, 0.00200084827516098, 0.004847725813752057, 0.0035173464188816834, 0.0027700260918136904, 0.006008668001440679, 0.011592051892270307, 0.12390179089906582, 0.0005402105581053847, 0.00573063794368022]
                  , [0.018107490869942972, 0.004371316895427347, 0.007162740070794742, 0.023322230324650445, 0.0024760117327784453, 0.01589280874375469, 0.016867157752308924, 0.00904630926077208, 0.36620769520004104, 0.014359780157127976, 0.011272271210151827, 0.031753659715002824, 0.004071540437331925, 0.05394311493885647, 0.34610429641440127, 0.033508983461218694, 0.024884266634436054, 0.009067083395830974, 0.004669564483117439, 0.002911678302053861]
                  , [0.04200982324349586, 0.0017955527169450697, 0.3570214011954553, 0.17656460073096045, 0.0028411343365911065, 0.046239109314957054, 0.02286466890897477, 0.003783176640377578, 0.03594653810302658, 0.00755967955163784, 0.003257780502899122, 0.112793872952541, 0.015099419469792324, 0.03900060033899859, 0.019956420633534706, 0.07006092008037722, 0.029759416910811725, 0.007685805480410573, 0.0007493410804650521, 0.005010737807748031]
                  , [0.022587598919145774, 0.00391843564966159, 0.007023439296873881, 0.021808476021632103, 0.0031983595631371563, 0.008873372340907437, 0.02132270311812024, 0.007920622848727606, 0.3685491422048298, 0.015228253739256476, 0.008131923847392662, 0.02934911314447751, 0.0012889965232784947, 0.058403833287365946, 0.3501181452289006, 0.03210235463877685, 0.025000153457391587, 0.010049051896413235, 0.0007371823129016049, 0.004388841960809629]
                  , [0.018737711043578256, 0.011651508289004452, 0.0012882903033654969, 0.002032706436142821, 0.2105462444382714, 0.003074972268541204, 0.004061670143868064, 0.12072916265786827, 0.002383393879570304, 0.38214276017520593, 0.07941068204195667, 0.002975504729998663, 0.0018268710760907857, 0.0038271438459925432, 0.0030803786137908046, 0.009146401106523627, 0.013585933142776745, 0.08018000862367118, 0.01083957305700822, 0.03847908412677489]
                  , [0.026979107348682706, 0.0018312019486823102, 0.34108473437241965, 0.4415824740678405, 0.002415885777850544, 0.01641997892309631, 0.006348155433701091, 0.004544164645191993, 0.01730625972895955, 0.00664843093424057, 0.003222484885084426, 0.03005827019640654, 0.005482658365832257, 0.0352467339089097, 0.006169293611938873, 0.0267772516660552, 0.015329631723299595, 0.009560609860514682, 0.000375407362957538, 0.0026172652383359943]
                  , [0.08857479479637802, 0.008799658827953843, 0.03806241784383435, 0.054824411068370944, 0.00940924144842998, 0.038999106826696044, 0.036192281971374654, 0.015000947284746559, 0.08935351309210549, 0.030847903814449195, 0.01103207369653053, 0.049094053972384276, 0.1516791459380713, 0.06552593275269833, 0.08816819523592813, 0.12124392785236474, 0.0624215505107946, 0.025826453362124885, 0.003242193615892068, 0.011702196088872244]
                  , [0.02919616738682711, 0.008058278940145921, 0.0010681513758844204, 0.0016976883649663429, 0.007275393945112814, 0.001979594768478202, 0.0012271253988173194, 0.3504024259148782, 0.0018826460082068317, 0.07658454891188404, 0.018514782612497758, 0.001962094191665577, 0.005373913882208969, 0.0023213409267185043, 0.0021201762892916623, 0.006444524990896231, 0.019252439533592337, 0.4624838925629327, 0.00030511867170113433, 0.0018496953232941074]
                  , [0.09183992364113938, 0.03093985875839798, 0.0026896992887935813, 0.004808292268066978, 0.007077309917531655, 0.005265614952269826, 0.0031302084156727213, 0.20369176139799447, 0.004866742053133255, 0.06636965829451201, 0.020593380089193637, 0.0054911465902084495, 0.003122661643422657, 0.00526836937845333, 0.004702980456728953, 0.024179007398510827, 0.06213473684219581, 0.4488199341200029, 0.0009308486060951185, 0.0040778658876763005]
                  , [0.1822136456982752, 0.06456197334612532, 0.007801860860841269, 0.01175700092041933, 0.025584722428682087, 0.028525363789264794, 0.009982289502756043, 0.08755825298848956, 0.012728385172222845, 0.09747316773378464, 0.04268569434513697, 0.017771586152343404, 0.00909388778526139, 0.015214689211497049, 0.01285120742480973, 0.09924006432061426, 0.09998180021220297, 0.15893328203268728, 0.003220881781182469, 0.012820244293403298]
                  , [0.0777195011652497, 0.021641630935222995, 0.0025335168819155167, 0.004685914675396123, 0.05076225046093722, 0.012714540958153265, 0.005634089957978609, 0.16633190262133327, 0.005147596027573973, 0.22834980371304697, 0.09186944445597497, 0.009071279211781809, 0.0032111216122927277, 0.009458140004948809, 0.005946597704774854, 0.03801411441433792, 0.06075911344252988, 0.18653074110865883, 0.003976988058569651, 0.01564171258932299]
                  , [0.07770120798526747, 0.006473660932243318, 0.05805917502598057, 0.11621679129801935, 0.005316137541256516, 0.02782518971014735, 0.03636836847385942, 0.012490899851585338, 0.14395956918803138, 0.02764740170415957, 0.013622110671841011, 0.07409474975264514, 0.0021695845725959156, 0.1103328855614701, 0.1076663217278419, 0.09051824459045087, 0.059140673248924545, 0.02075070021126871, 0.0006331761035795232, 0.009013151848831969]
                  , [0.013610623033739269, 0.0020806415721518145, 0.6940834527922036, 0.07227559350669364, 0.0022464012547861525, 0.014706332313087786, 0.010799521492814814, 0.003339298931304683, 0.008894545740126016, 0.004680506236243441, 0.002212358674293163, 0.10287565728370433, 0.002970383945251764, 0.010122410449709577, 0.006128806480227576, 0.028008703853059834, 0.011456963732553543, 0.005435607096254476, 0.0005942250569727633, 0.0034779665548217925]
                  , [0.010612007789850485, 0.006155285672939841, 0.0009884782966317206, 0.001976629498876133, 0.04768764012191534, 0.0017594494234953403, 0.0021511369567129065, 0.10265378212908297, 0.0027283477791861612, 0.6217998809571132, 0.11493650824830685, 0.002227853333612167, 0.0008383215313942348, 0.004660328905529618, 0.002211484733696631, 0.005525826478887965, 0.009586226236959804, 0.053408153516668035, 0.0005303848454828153, 0.007562273543658053]
                  , [0.11172665136070167, 0.002424229112850955, 0.10275916324677385, 0.13489110782518557, 0.003591978919808931, 0.031913876872300344, 0.013243371484397158, 0.007361804647340407, 0.06815399684673114, 0.014956421118596484, 0.004954891372548787, 0.039893989303311055, 0.22058795210729917, 0.047650363327173914, 0.03129915927858091, 0.09829062780749186, 0.04505874378762435, 0.016352878908381663, 0.000927187664915428, 0.003961605007986521]
                  , [0.1285376869922097, 0.0023697025690917663, 0.04867165167261057, 0.06532646990275151, 0.006057299655028631, 0.05525247991990331, 0.01898015999873084, 0.017568346556637703, 0.06673600692687447, 0.026560943255719338, 0.015034499366071102, 0.07864359808015278, 0.019842903230828032, 0.06184364556296648, 0.04734258432925399, 0.18611949636455563, 0.11535269730320685, 0.03257139767439165, 0.0008474128042330423, 0.00634101783478248]
                  , [0.08564129491234321, 0.027667610213821497, 0.007690404041646162, 0.00652521893327249, 0.0053029634167469945, 0.02401878832806184, 0.0060916957055795725, 0.009416841659170071, 0.008539212900924593, 0.010938953600086457, 0.006704381662438333, 0.03107953701822855, 0.007655362067625378, 0.00796422873647219, 0.008000682482405534, 0.4600703184328079, 0.2640588777413935, 0.016648273111689628, 0.0011827328716867375, 0.004802622163599294]
                  , [0.05724133934429261, 0.016621182448831744, 0.03761860924179155, 0.04424745037753644, 0.040318994869017355, 0.030292060286417975, 0.16240773804819375, 0.025525949486593816, 0.05142939189554344, 0.05266977492608573, 0.019992315226581868, 0.06930527141074184, 0.019247652987169555, 0.06900567658316555, 0.0663143994310735, 0.07868792404435554, 0.0483848504873784, 0.03408372997747592, 0.009147863867211503, 0.06745782506054193]
                  , [0.032879732898646874, 0.003946069059230479, 0.00039636276925705523, 0.0005243328715912661, 0.02992675120479677, 0.004277067690525726, 0.00046726197527966634, 0.353748469102525, 0.0005245412253589745, 0.20714758473729247, 0.044251798431131154, 0.0010667091984337986, 0.0013160815796177236, 0.0009935134057512708, 0.0006215522785021492, 0.006175843093286535, 0.0205735622105986, 0.28874522068095965, 0.0006450444547097884, 0.0017725011325048408]
                  , [0.4444396361616842, 0.04497820639397856, 0.0034586812804120346, 0.00494465590569683, 0.012352292450951877, 0.107887433055433, 0.003512176912821579, 0.02872613915708229, 0.004464602454816439, 0.03142308828391349, 0.013872056593227837, 0.0073133607017111845, 0.005072771479214014, 0.005393594853077553, 0.005353484082782472, 0.1303299930394197, 0.06051653571851039, 0.07872183214700176, 0.001959475417269368, 0.005279983910995345]
                  , [0.22275520750814218, 0.01085069163170928, 0.015057876152853866, 0.016710683693104775, 0.007130106516431249, 0.06253597342298389, 0.01059606990332522, 0.01414756458547501, 0.015320267235593281, 0.02127596782611101, 0.010077558919164812, 0.028122289694758884, 0.16422576110820736, 0.01961046176357561, 0.014631872262020373, 0.23595944774350425, 0.09196749529514091, 0.03162813316568685, 0.0016007318881220286, 0.005795839684089248]
                  , [0.360362342151181, 0.02541604036005273, 0.006118226201977079, 0.0068401462115390095, 0.004094185646476517, 0.08652296222880101, 0.004693084731302684, 0.005255070882518722, 0.005747906890229962, 0.007326070147604885, 0.004442862295951521, 0.01693602867497719, 0.004169805122729506, 0.0076579939202968085, 0.005998354675283972, 0.38328501657506747, 0.04792109567751473, 0.012791866226541136, 0.0008590954649358864, 0.003561845915018277]
                  , [0.3098333501228658, 0.07317304846835843, 0.002699065410872364, 0.004546400379071872, 0.005342700459063933, 0.018013444791345028, 0.0033424066580079064, 0.05815900531928374, 0.004301318896263482, 0.029390039978612167, 0.012489153044006848, 0.00693050899268737, 0.0038068862238435914, 0.005263092243173826, 0.004450446022967418, 0.10607793715417885, 0.13885803368309532, 0.20887684392722766, 0.0009776114740166048, 0.0034687067510577106]
                  , [0.04713374993812807, 0.014519262792812406, 0.00515526867073096, 0.009188846030895339, 0.11475820028378667, 0.011392740547191, 0.014388192361950072, 0.1308464591109602, 0.010751582485405028, 0.2633127429814176, 0.071188417961801, 0.010689879187151847, 0.009309354122575596, 0.014281410885759623, 0.014199500235468702, 0.0315986668015134, 0.03870990111514611, 0.12316437413971003, 0.019806856921692054, 0.045604593425904213]
                  , [0.07552290137433969, 0.0008607232270525604, 0.22561172586843212, 0.3533180971450867, 0.0013450349796649231, 0.024878771785106446, 0.010005695275024666, 0.004158073884174336, 0.0528964888298399, 0.007990861739808468, 0.0032803132721413815, 0.040867185002903594, 0.014152301893125255, 0.06813681773518149, 0.022947090466310924, 0.05010425211995023, 0.030584076425763957, 0.011214367637871437, 0.0003876716896590901, 0.0017375496485628266]
                  , [0.6059657846265695, 0.02854615866602074, 0.0017217026746064086, 0.0026709206797888834, 0.001984029949214036, 0.05796349402323744, 0.0015587277774026396, 0.006107502180354106, 0.002199214906119875, 0.006411092387852506, 0.0037291850711769444, 0.003998382533029716, 0.0014517342852583166, 0.002846138573504926, 0.002413558846456318, 0.1982527318493154, 0.04333361434633034, 0.026767042825672088, 0.0004175943206993911, 0.0016613894773902685]
                  , [0.008961314156072311, 0.0020523091964664507, 0.002452006330481874, 0.0032125574151269107, 0.31507713881275945, 0.003077403262667658, 0.028994751350479596, 0.007275475287260198, 0.0035324234258328007, 0.021131053884700792, 0.0058849424051702, 0.0051767442524134144, 0.0017877531748359593, 0.004417608370691945, 0.004754388953299718, 0.00763349702313881, 0.0063744929589692415, 0.008615695125172771, 0.03392477826907085, 0.525663666345389]
                  , [0.04270366460316393, 0.007603894798912863, 0.0035603281105940805, 0.011159038166736118, 0.01864457885260014, 0.005468427158402293, 0.00718620205200444, 0.22676038719119196, 0.01672093621010795, 0.22290491319075856, 0.0885057187232068, 0.009488153280508524, 0.0029082586812661697, 0.0207239991383872, 0.01670203129070616, 0.024662193367186926, 0.05952611974954029, 0.20519482838418845, 0.0010232771582928226, 0.008553049892244168]
                  , [0.02472972243007406, 0.006082028887912164, 0.2825012325912147, 0.035352505193803486, 0.005260156662907513, 0.03200621229797962, 0.026205168432788088, 0.008041623371095222, 0.024377340151962308, 0.009873007869434347, 0.004847976187141045, 0.3512604446639204, 0.004431578354264304, 0.01662575993005635, 0.0157859589094743, 0.10072279306653695, 0.03274818997617138, 0.009801166014137786, 0.0012959826693831242, 0.008051152339742658]
                  , [0.06325485697109666, 0.013158808147903385, 0.01189398631561337, 0.02397244969267709, 0.0262562835569665, 0.01865916904754576, 0.02084145236471117, 0.06734873705321, 0.028545657794319234, 0.23822102098896286, 0.15864507119205212, 0.027707464388112106, 0.008264313890695263, 0.07066949127547029, 0.029586718869491487, 0.056141364517104796, 0.05595490470324139, 0.061888377816048876, 0.004411593824034059, 0.014578277590743533]
                  , [0.04666385553012688, 0.0013840871850506233, 0.026852407546086227, 0.08958090949911102, 0.002321251880845725, 0.013884043401140661, 0.018460202830009053, 0.012090646535576314, 0.29729596432988586, 0.02284125628081173, 0.013790110992802874, 0.03993765481294256, 0.003868677897418081, 0.10828603235261845, 0.20225576722825364, 0.04215116163068162, 0.03933697949275173, 0.015364897420103269, 0.0008330764083073906, 0.0028010167454761547]
                  , [0.01599152378992684, 0.007637481004193052, 0.002820863999737979, 0.004197350799380635, 0.1950812771316326, 0.003984160532585081, 0.008226060508912416, 0.09954151915417209, 0.005255510246942714, 0.4293335081947044, 0.07587439819922562, 0.005546554869378654, 0.0040543335569391365, 0.007135578547526145, 0.006231588255302353, 0.012078592357016396, 0.013759620654456234, 0.06328405326861747, 0.002349409114921061, 0.037616615814429065]
                  , [0.02859673839274505, 0.0018556996007032412, 0.005857280821242395, 0.003124248730595112, 0.0009006050645031554, 0.9140465904564584, 0.001759818745489015, 0.0012289667552962114, 0.0028088347741936585, 0.0020165959393176128, 0.0011279256460867296, 0.0060285304567032055, 0.000713837471366914, 0.0020677270084142898, 0.0031913729075663147, 0.01792066383010843, 0.0034696464968173783, 0.0021356549278881507, 0.00029099325633103373, 0.0008582687181738238]
                  , [0.015684390834847836, 0.0028167788425663845, 0.0016364501912045984, 0.003201796130469506, 0.005195581789015177, 0.0018242616193035876, 0.0017897949785062976, 0.4167042571980666, 0.0031913964612055408, 0.06063965431939322, 0.010978298742921064, 0.002568997463089768, 0.0012289844824198931, 0.002895982585449676, 0.00287409011013984, 0.004805425868017171, 0.01391034895756361, 0.4452799197873309, 0.0005026690040142643, 0.002270920634475116]
                  , [0.08752336735564586, 0.015609940484448859, 0.007326406737128804, 0.014344218291997654, 0.01044297759655986, 0.011248124762038868, 0.010052568136594761, 0.1442693767776991, 0.022447156099571534, 0.06013230801955714, 0.034563520000895014, 0.028121489801475864, 0.005220088861870518, 0.02000349088794513, 0.019427427252517424, 0.08620156850039297, 0.21426783671815808, 0.19910264857935012, 0.001798482759879686, 0.00789700237627264]
                  , [0.02925414532488671, 0.0027974085089945166, 0.10948084522052959, 0.05246790708219699, 0.0030273756807894527, 0.39352364476748863, 0.025729494390263244, 0.0032381060070331273, 0.06545630259479626, 0.006254281501337957, 0.003486885503167366, 0.1564143184188083, 0.0032028217767558057, 0.034556331715481586, 0.036184743347546386, 0.05318508801552839, 0.012108629911605866, 0.004912371898051021, 0.0008375048084164067, 0.0038817935263222147]
                  , [0.037893023060887654, 0.0019113784056463694, 0.318642569831622, 0.3557342411973876, 0.0017192686676634043, 0.027462896726835034, 0.014775365530571466, 0.0038253822464112295, 0.0359648839436201, 0.006357509622275208, 0.003381112633058535, 0.05212475713859007, 0.001526601956222583, 0.05603877003709172, 0.016114862604376123, 0.03632529337434182, 0.017213464186020353, 0.008943424005262839, 0.0005514084706777511, 0.003493786361438286]
                  , [0.14114740025325268, 0.03310200273834323, 0.0011353842649424238, 0.001794345429077602, 0.01640926315176785, 0.01259411936736135, 0.0015372156117439467, 0.19131877593604932, 0.0018432631654356118, 0.09929140784247957, 0.03603833898684241, 0.0035415757672293503, 0.002529233313763434, 0.0024944064516097307, 0.0019751715664506355, 0.034432618040025016, 0.06874211350543516, 0.34575011495398744, 0.0007319327743812542, 0.0035913168798219434]
                  , [0.009437418445172301, 0.0008879035260389936, 0.001181678831482589, 0.0017295296672440175, 0.034109621457343364, 0.0016280448221730835, 0.001796381197561515, 0.18964530178464076, 0.0021357770029906205, 0.5524985405385165, 0.08326996963581929, 0.0018020853922841506, 0.0017160723332174908, 0.0033416031569039792, 0.0033451156843409754, 0.004582854483935339, 0.007993183608195308, 0.09555479777783353, 0.00045488932278445453, 0.0028892313315217813]
                  , [0.13699426343645968, 0.015328510984897084, 0.00032274536921243085, 0.0004458558173939604, 0.06030217236650128, 0.03816501596656261, 0.0004018375962241254, 0.18784621941909344, 0.00043321914261020076, 0.22527330219866717, 0.03417697295291331, 0.0008265340477527648, 0.0014446972162808131, 0.0006682760991049609, 0.0004860053025532834, 0.030214291478154347, 0.04449199310599755, 0.21902208831390274, 0.0013231188353358318, 0.0018328803503821676]
                  , [0.019371427330911736, 0.0050463126956155815, 0.0031386139426929876, 0.004844400573390499, 0.323611501133145, 0.004538097440841498, 0.013929895902407225, 0.06591300840145319, 0.00650548584463594, 0.234325873847075, 0.05578774469554147, 0.006667646543085637, 0.0029037115298171895, 0.008912533156319059, 0.00847832832746473, 0.012542183095039803, 0.014060227273609909, 0.050185767065671, 0.02773885958261005, 0.13149838161867208]
                  , [0.10629197606948228, 0.005420600952598403, 0.00341688037469559, 0.004590983983039808, 0.004604354478263448, 0.012289826868326909, 0.004670517033725812, 0.010010425919219568, 0.004897741266061872, 0.01432260017832515, 0.005044952957772386, 0.006192553411477575, 0.6989694638361238, 0.006965488059818674, 0.005439265072853676, 0.05440667223671163, 0.02699562617481902, 0.02066411054672674, 0.0011252703633690584, 0.0036806902165887083]
                  , [0.03140217473093665, 0.012887078176254861, 0.02115355408062744, 0.036053685215273336, 0.009794001771772894, 0.027587267877772232, 0.12334042961390412, 0.00878737849462815, 0.15034888791738413, 0.025191267775127663, 0.009537017139933534, 0.08795680256960237, 0.0052206104366856135, 0.10306603819125312, 0.2197205155010466, 0.059354264108748014, 0.028398572729440318, 0.012941294057334142, 0.0039378002665309796, 0.02332135934574338]
                  , [0.043855961934376256, 0.006997942405388402, 0.007902196497582581, 0.03162423527756611, 0.00673895903992736, 0.010312488613036368, 0.01921544026174188, 0.034891717900092496, 0.26423186135884275, 0.06601053777501245, 0.03380617875229008, 0.021644055355208216, 0.004018137776230506, 0.08702883908623021, 0.2312631566089882, 0.037178139213072336, 0.04470661351742481, 0.04058622760801036, 0.00141051040243358, 0.006576800616544872]
                  , [0.016852445702814554, 0.0064960716624530715, 0.0014006560290642561, 0.0025705235811113065, 0.016936401889219018, 0.002427958770131377, 0.0021634968436486917, 0.21102325217802984, 0.0026949973180985347, 0.4284780523817953, 0.1555542848852532, 0.0030301715579124336, 0.0010794661150816676, 0.005600069296828001, 0.0034161774700473355, 0.007413030719823455, 0.016170472569226303, 0.11397061318572611, 0.0006960109328273784, 0.0020258469109081527]
                  , [0.01619958776341954, 0.014869906055625128, 0.004804182131498232, 0.009830732352317625, 0.00510374636600818, 0.011284297804478715, 0.027120355224019864, 0.009106696022957375, 0.1502960869692376, 0.018135016905629246, 0.007856316571492635, 0.014589576068001455, 0.005196783046520626, 0.037466281595877775, 0.6066740085486673, 0.024492137301068525, 0.016552382254566525, 0.010630472319858496, 0.002860637215738996, 0.006930797483015959]
                  , [0.015731726521554686, 0.017057059935002925, 0.002961140161084962, 0.0035175465779786886, 0.4689127314340365, 0.004805710484619473, 0.010782957610821306, 0.051221371293692676, 0.004680150292217765, 0.15397718925663811, 0.024622626332382085, 0.005610631592151836, 0.0035242102026581813, 0.004947106639630733, 0.005714144826803391, 0.018306361203331824, 0.0126091071488147, 0.04590136767150613, 0.005604836840800469, 0.13951202397427379]
                  , [0.20632132489138783, 0.027869853039792523, 0.0015452257211183169, 0.0023370614324346164, 0.0628842774816396, 0.06563379833467305, 0.0018360091661199255, 0.10534143844141196, 0.0021060597654593543, 0.1459721795171982, 0.04253385792202165, 0.0039179765361209784, 0.003861904157473584, 0.0030487807887875223, 0.0026145665225997474, 0.07681711330267753, 0.07606270821767169, 0.15796005858200426, 0.005125107604599855, 0.00621069857480805]
                  , [0.05387235453612058, 0.015601022202256806, 0.013064066286363744, 0.021109001637584265, 0.09737144954225302, 0.012281778825030853, 0.055417994695132526, 0.09052786764355161, 0.023447380000721687, 0.1638946808133559, 0.052566524841808314, 0.03332704783430239, 0.00660186137497664, 0.04231735280823317, 0.026225179613149834, 0.05306146861657347, 0.054236382736386236, 0.09449846333693285, 0.004083812028483974, 0.0864943106267821]
                  , [0.2376712787740592, 0.16963596575467843, 0.00629216975274986, 0.006946749870787762, 0.009693588447793106, 0.03408599535276409, 0.006740444018184676, 0.015748965488433103, 0.0074013950660974884, 0.020859645615055086, 0.010279162180758854, 0.017115040328983068, 0.006701820213758253, 0.008918622408077153, 0.00824847650387678, 0.2865030819040955, 0.09493115214052397, 0.042457269394882965, 0.0024320009480484615, 0.00733717583639229]
                  , [0.0224416620992617, 0.0012789870950009547, 0.0021203478930139933, 0.002462613801967689, 0.0013655853228397596, 0.9301698081658548, 0.0013400577697504719, 0.0014776731730588252, 0.0017863597478099671, 0.0027071028264527347, 0.001106396985685781, 0.0031441820797755145, 0.002213711831201293, 0.0017939687728107453, 0.003166054452630175, 0.013732337000976503, 0.003337632252215267, 0.0028954357806031607, 0.0005999900566239269, 0.000860092892466556]
                  , [0.07792284855906946, 0.004522062013756836, 0.023290680355938703, 0.05341676587916598, 0.017752413919080022, 0.014332105908324835, 0.01149781595740475, 0.15492157952648744, 0.031127887337077793, 0.12630139948766225, 0.05268572187272437, 0.02194363616725704, 0.00948231405289222, 0.036380048993815466, 0.024453893791131734, 0.053061079383994104, 0.08584695736741157, 0.18891514299549717, 0.0018624899890581552, 0.01028315644225001]
                  , [0.04403021923366086, 0.0068124315852146145, 0.05135814142118983, 0.016798916829779076, 0.004075474307204066, 0.035797346402124376, 0.009711254154604386, 0.0079988072122236, 0.018904799228105257, 0.009992789076902668, 0.005439259917670286, 0.11947268841274009, 0.00944586533108993, 0.01378507948011965, 0.014808760459953167, 0.36447446227308955, 0.24996928235292892, 0.011991422398895423, 0.001107279374168383, 0.004025720548335959]
                  , [0.1376407524154491, 0.018098284792489837, 0.004025060799561048, 0.004360084587239386, 0.009538887786407156, 0.022736104878456183, 0.0043533534157615995, 0.02902460571649637, 0.004971081869844292, 0.023778270170648225, 0.018581220825566545, 0.021467441845861808, 0.005586089035862264, 0.007114767298461188, 0.005140297254290455, 0.2677452765116484, 0.3560078860154903, 0.05281170078658141, 0.0016175936927247901, 0.0054012403011594445]
                  , [0.10727098463263937, 0.0027115603848042896, 0.026881342940486923, 0.05532285300509165, 0.009278891464733577, 0.018116150785324883, 0.014428200917887846, 0.03647521272242167, 0.07616126085158322, 0.04955278492307471, 0.018582440499847686, 0.026508564211410866, 0.21733160194475307, 0.06755061960592557, 0.06398243491356738, 0.08243784266738192, 0.06457957796436921, 0.054037581369346534, 0.001682400567814488, 0.007107693627535273]
                  , [0.10137735287353332, 0.14252744896593858, 0.021275628607709776, 0.022859462369310055, 0.02979590883786527, 0.04005277375718467, 0.030607899821181516, 0.03106503472982478, 0.028546379000359213, 0.04850125552955694, 0.01999227320073703, 0.05837186681231926, 0.01326682361178127, 0.028525390103960487, 0.03673433586897344, 0.18515753718535938, 0.07625562429908604, 0.04800942169160877, 0.005999748982178746, 0.03107783375153153]
                  , [0.08905600167268446, 0.01020123131131093, 0.12165309017768075, 0.18116046975606678, 0.018209857681235123, 0.028706332058504334, 0.02060372253047869, 0.04495671823558987, 0.0340270302129277, 0.05900071608917188, 0.02573473008530374, 0.04335358987777161, 0.012308634653831117, 0.05321759883892645, 0.024779114711984754, 0.0760075625133494, 0.06417946247202977, 0.0724040536252146, 0.0037546181903420324, 0.016685465305595802]
                  , [0.11406656104281075, 0.001363441838411832, 0.10798624777416352, 0.27700664826262905, 0.0016923004072815894, 0.017688366884137132, 0.01129744068730775, 0.007159718322348861, 0.11554868446912307, 0.015481274755375285, 0.00607745079952978, 0.04198250358777174, 0.001335582252508085, 0.10435803964877782, 0.05822632759414039, 0.05877524210037055, 0.04219483073063844, 0.015527741017662171, 0.000404119972407691, 0.0018274778526044023]
                  , [0.07769635578668524, 0.0015440025258197092, 0.10089814099542685, 0.1527962521820848, 0.005790165669731971, 0.04062185187409983, 0.034858378571632265, 0.007977592085301204, 0.11309731727521628, 0.02014042574940449, 0.00871583837116765, 0.07645352000286082, 0.0037455053661937993, 0.09797259658184675, 0.09712758447547669, 0.08300158432721609, 0.04671493651635043, 0.015253257533578094, 0.005008589058213474, 0.010586105051693514]
                  , [0.05573151764821002, 0.010569040691810213, 0.00029807523009839376, 0.0004421597724643015, 0.09844055320377387, 0.01137953532959013, 0.000542341870682174, 0.21775365549432563, 0.00047727443063988055, 0.3163425668161033, 0.052106085120472344, 0.0009239068917406906, 0.0017675594457197026, 0.0009694200449461867, 0.0005049334454378263, 0.011971967033733762, 0.02443766802136995, 0.18334114199140905, 0.005244389273222849, 0.006756208244249531]
                  , [0.04781607720942403, 0.006461147709745422, 0.007528039673338275, 0.030499784806149736, 0.010646188277885917, 0.0071901286961701715, 0.01199694041692949, 0.15618399698542093, 0.10230305447196053, 0.15242170447905454, 0.0524709518679888, 0.014341595517284304, 0.003377431758731558, 0.050416779904395866, 0.09333545993422836, 0.029106445234881637, 0.059881356820470306, 0.15419457777293674, 0.0018170601059333104, 0.008011278357070136]
                  , [0.08402580628419994, 0.005067231716960395, 0.035145835935032566, 0.12652748344847745, 0.0058737387565506605, 0.01266206446812906, 0.015262249434032966, 0.058935767549427656, 0.10764642355227783, 0.0481728805121734, 0.01983613243846663, 0.03312080355488443, 0.00503359183768877, 0.08620405045641391, 0.0678682987885322, 0.07211717621955935, 0.11323333137478823, 0.0966995689399163, 0.0011124266945661406, 0.005455138037922092]
                  , [0.037719740015510365, 0.007710535546896633, 0.020393815457263164, 0.08730985019560224, 0.009562317423673684, 0.01671607147828161, 0.08838068417441831, 0.015392288602188301, 0.04477278075380924, 0.04533313355878425, 0.02125403108756719, 0.030523299594479688, 0.010183849385038057, 0.41118157180617526, 0.044750121917156716, 0.04129430905440569, 0.030115631202230826, 0.021763937427524763, 0.0031216174330591915, 0.012520413885934717]
                  , [0.013733830596430843, 0.0009155638308223898, 0.0012002321337099484, 0.0021336841632308974, 0.06537260693150157, 0.001857215641228664, 0.002388237045055237, 0.2088073037748039, 0.003340599705244521, 0.44894928248348925, 0.08404087883618824, 0.0022759940872526716, 0.001332268703591731, 0.004012109744285243, 0.0037342128123069615, 0.005490454221443504, 0.012634167432781316, 0.1192439189061418, 0.0053883011377513675, 0.013149137812739927]
                  , [0.12807974704829597, 0.004702608090108189, 0.00301676619051533, 0.00473335521658843, 0.018691814508513843, 0.014546255614243934, 0.0028612481343147007, 0.19299538525667911, 0.004201733635711873, 0.10459053229112578, 0.05327063112319693, 0.007395998902207386, 0.005274712770487491, 0.004884086404009587, 0.004476162970817581, 0.04583739769821125, 0.100843630479673, 0.2942917630934324, 0.0014669515197550226, 0.0038392190521121423]
                  , [0.03319113732945798, 0.0038965469751791014, 0.0067125801339057, 0.006442720506581986, 0.003541070914759579, 0.008898691024173849, 0.004701048637990644, 0.008737479337215364, 0.00826701533889538, 0.00963328570339959, 0.006132565204984072, 0.022086923307325743, 0.0046504983332768006, 0.006406803671471163, 0.00787381469281179, 0.3091563175556457, 0.532630372439309, 0.012873676700790378, 0.0010067377857415013, 0.0031607144070846713]
                  , [0.02592793595536863, 0.0030667445473553023, 0.00043052617848960193, 0.000795358863895284, 0.07795199199765125, 0.00440168742876647, 0.0007086941093660854, 0.17364156549456292, 0.000719703724185017, 0.47315428826528433, 0.08990425793147572, 0.0013014701420942332, 0.0010764888326487898, 0.002185701500148765, 0.0008640542805047126, 0.006723432014766003, 0.015642872764070167, 0.11016443019495488, 0.003210689079052252, 0.008128106695359703]
                  , [0.173128244897397, 0.012855093174696108, 0.017631642176174057, 0.0334508993503453, 0.006223493107459726, 0.04816476242770947, 0.016921338742728692, 0.026622915135587188, 0.030837426924249022, 0.03706047894223014, 0.02652018454365291, 0.06835248681546285, 0.0037060043288743866, 0.06050802463478584, 0.024588527899130314, 0.2173673411045624, 0.14019155834261304, 0.049557172223898445, 0.0010179546071596162, 0.005294450621283236]
                  , [0.37262622791567745, 0.006229980201329289, 0.006931284138138258, 0.010693105812028546, 0.008475778049169696, 0.032656077541736314, 0.004227220948795661, 0.0541247537113129, 0.00762440456951443, 0.03548523889424648, 0.018924845659061447, 0.009108383602178903, 0.01153927270883841, 0.008009781022343126, 0.008250921389652293, 0.1106220466658981, 0.11892023714327135, 0.1695560357509682, 0.0014028839887715945, 0.004591520287067713]
                  , [0.03284990611453968, 0.004200685802703649, 0.005792504611954863, 0.01646024376080018, 0.011466874044149767, 0.01212011564411895, 0.023437780987713024, 0.022412919186727148, 0.2336302578676775, 0.04475346589358496, 0.01966798952615968, 0.02000642901594027, 0.005125689358581453, 0.054188328182787314, 0.3733909895969525, 0.03507238489011904, 0.03209065336944092, 0.026077128556007807, 0.013933892522260129, 0.013321761067781419]
                  , [0.06519213789983028, 0.0022180060523051192, 0.036356236603218135, 0.10117711247863392, 0.020052087345638268, 0.012491001564025342, 0.038626372770851715, 0.04174278438074896, 0.11219950991365708, 0.07719818060650728, 0.03458960033092448, 0.040752299139608435, 0.00335165719576468, 0.10272798990230796, 0.10497123828204287, 0.05736587822689764, 0.06427676436890135, 0.05172627436204016, 0.0039484463219332565, 0.029036422254162867]
                  , [0.0452988149456838, 0.015684191405415288, 0.03195557397092409, 0.01335361181368961, 0.00888980910113986, 0.030259943106777865, 0.040418726305211004, 0.014124844758664464, 0.015164093253390533, 0.017897734666915927, 0.010047348035812973, 0.4621780420222569, 0.006577041056270642, 0.020876190871520577, 0.014558695620932979, 0.1571868578685061, 0.06234129806266026, 0.01883777545737829, 0.002447942115952267, 0.0119014655608965]
                  , [0.04444179629632076, 0.007014295231378418, 0.005527656543089693, 0.019578377075115973, 0.049235965687754554, 0.007965761678347567, 0.02023043633857833, 0.11973088683598454, 0.047115304350309396, 0.26007484425377625, 0.08104899263864579, 0.012522748279250331, 0.0035760850922876915, 0.03727641271612018, 0.06057049829867591, 0.027856799834490267, 0.0414770151105364, 0.10435839493145986, 0.014968622476433406, 0.03542910633144495]
                  , [0.20955374711901426, 0.018980653986315325, 0.012933689659382155, 0.016253403850250175, 0.022675932602291313, 0.30195086651622866, 0.01203198496824501, 0.026030149260214745, 0.015941315896705235, 0.04363743787921401, 0.021467171909871, 0.02239699403563112, 0.012335451270474312, 0.016698135096525915, 0.01966694184175443, 0.11164343865176135, 0.047284265463528194, 0.04713709654878763, 0.007735778695974345, 0.01364554474783092]
                  , [0.0868361888689773, 0.001360053437971042, 0.10141661313947713, 0.1422008624335564, 0.0016652186631567773, 0.038500229189628594, 0.027151467061506947, 0.003431265667277673, 0.15739940476404296, 0.007523338424052446, 0.0033167299420712466, 0.08861794076060513, 0.003810807588619044, 0.09182939483963883, 0.09983177833438565, 0.08971158452453298, 0.04453226085730729, 0.007321447546066803, 0.00047558719122969655, 0.0030678267658956985]
                  , [0.07808959730279405, 0.007453629151650599, 0.01976091806505171, 0.033428000743658925, 0.05949412386839462, 0.02016615862049354, 0.02579950712638437, 0.06741949661534254, 0.028545723577438904, 0.15920461851065454, 0.04148494488952018, 0.025781273194963313, 0.11762186959390313, 0.04140825402190319, 0.03624553149415566, 0.06933810813833607, 0.053830594569062785, 0.07550488529874912, 0.0054230003712660855, 0.03399976484627668]
                  , [0.020746070834805255, 0.043204359276928214, 0.009487486188633546, 0.008237682002374591, 0.180458933431874, 0.010177904527356368, 0.12232822246631235, 0.014152852716321522, 0.010041354730758933, 0.04019431294529878, 0.008438168944973396, 0.033448449147912035, 0.005463841398862622, 0.017496891764216507, 0.019142291606077964, 0.04104627217584813, 0.01607352953739964, 0.017357108397840354, 0.0065069292768346046, 0.3759973386293712]
                  , [0.17358975975219174, 0.008319150455729016, 0.012635538469372874, 0.030583362573951986, 0.00591988238707127, 0.07487306364396369, 0.013748339708923838, 0.012193176361619073, 0.14176061625551928, 0.0204194873661747, 0.011756354697107188, 0.03428893884783365, 0.005742731830810862, 0.053305738171612126, 0.13280441469004095, 0.17016428052025137, 0.06660948222751051, 0.023714870627475113, 0.0020002737158800687, 0.005570537696960797]
                  , [0.01840213062187611, 0.009907340610239278, 0.00442673625133512, 0.0060537476568473, 0.09136926108310849, 0.010810055150920638, 0.010036116699700089, 0.014999719710023054, 0.0074525077649885245, 0.03947730619992807, 0.0109939132358569, 0.007666271850897869, 0.004534964602023263, 0.00795144301613323, 0.01186010727742996, 0.019674141706755025, 0.013898628945874023, 0.016858716288364023, 0.6262024590525406, 0.06742443227515857]
                  , [0.033894714192110625, 0.006919925451441171, 0.018314258545646403, 0.02143680506546759, 0.13720081465955603, 0.01241770896378817, 0.17167819603283302, 0.014168119136699351, 0.02217527778885205, 0.03749864471543694, 0.013349602143805622, 0.042512391036224936, 0.005352236618066919, 0.03453634474376977, 0.03030071592128373, 0.0399179125102432, 0.024695972707676483, 0.01942915622200176, 0.018502722639650023, 0.2956984809054461]
                  , [0.02350448915361703, 0.009452075511239588, 0.013429077454349793, 0.013246012466637582, 0.023407037863349855, 0.011250262798782875, 0.5010664001995366, 0.011956382261505132, 0.017173194897262583, 0.02506240620224676, 0.009641854976318441, 0.09325460792152111, 0.006491612138442711, 0.0716518647909246, 0.029231338902493267, 0.03978384256588201, 0.02164627527245286, 0.014827953572458332, 0.002806989467409787, 0.06111632158356883]
                  , [0.38706188399631897, 0.03268449534670036, 0.0009757638382522931, 0.0014692886015786719, 0.010738365799210198, 0.07642813668269005, 0.0010310964415441606, 0.040898420398192976, 0.0011619156768573138, 0.033091245209872236, 0.021895709620359628, 0.004175058830550672, 0.003835382795228507, 0.0022716518682868447, 0.0011923280462705513, 0.1641610094362895, 0.1169946544495642, 0.09686463820052349, 0.000809453962416156, 0.0022595007992932126]
                  , [0.03873060382975694, 0.007624885584915259, 0.1500809271091962, 0.07777067490730402, 0.021986817435219144, 0.027318999497268216, 0.13078595400460663, 0.011999397380046324, 0.04242154236069497, 0.02297430692383965, 0.009286033128421077, 0.17402167260639048, 0.006450693566026127, 0.055863628627301175, 0.03740875798106925, 0.07624353277467381, 0.034329170713251034, 0.018089051826422058, 0.003052927970199039, 0.05356042177339861]
                  , [0.4535943397640226, 0.012797911204931907, 0.0009337857077956468, 0.0011709671853582055, 0.005240418644776975, 0.21988332897465487, 0.0008616728308662586, 0.007757645735477041, 0.000874321960266164, 0.007742170105645689, 0.0062993618869955454, 0.004101080301501753, 0.0035964612637357056, 0.001696564286026382, 0.0009906730890630224, 0.21074212492062155, 0.03855126731453739, 0.02038960359612437, 0.0008903823073284115, 0.0018859189202706668]
                  , [0.06026054146878795, 0.023430492251474696, 0.01955669082669201, 0.027560628079554478, 0.05233474941248234, 0.03569000660620568, 0.03304133854311858, 0.03561777868048744, 0.03746011426079343, 0.08068538511011485, 0.030798566512997422, 0.03219797667461014, 0.01751068253071187, 0.0377940523163224, 0.05660921349533488, 0.07343339622681194, 0.047422797218125874, 0.04494496224211259, 0.20563459215662674, 0.048016035386634744]
                  , [0.03799862821906571, 0.012119245479686526, 0.009905056511207568, 0.024745426639576372, 0.05940140007316008, 0.012516776315084062, 0.0880255458536884, 0.030403828421773443, 0.11899437024449233, 0.0884915723888617, 0.028199710745576166, 0.032148109600240816, 0.005423790103469444, 0.06477128181411279, 0.1805602045121605, 0.040882955082583536, 0.03542536240236515, 0.035874160725849355, 0.006965325429899784, 0.08714724943714625]
                  , [0.14545411251966567, 0.00995785463430406, 0.016589755638064918, 0.020676435420954303, 0.0602178699393936, 0.04189953837803345, 0.03996871325206951, 0.023820103003587847, 0.022571219241294144, 0.041389505931277104, 0.02194777157488554, 0.05971421740615376, 0.009203458597386343, 0.03153796500000187, 0.023652983194641725, 0.2114571944656221, 0.09958015863113232, 0.04202285849551592, 0.00618397299418765, 0.07215431168182812]
                  , [0.12541151590305916, 0.012953403343293568, 0.009000825767059843, 0.016806361783003567, 0.011783464150295207, 0.014974456978000929, 0.01087468086707257, 0.09836145682408236, 0.017909755059300772, 0.07610710526512343, 0.021798109547253825, 0.015914587802821525, 0.2127298698666034, 0.020566575814917668, 0.017637776898130817, 0.06311364520203977, 0.08050664158660621, 0.1633993260845547, 0.002253594925136147, 0.00789684633164469]
                  , [0.05602672439553392, 0.007970931845452925, 0.0012399369755260524, 0.001711934265941102, 0.24873650607704967, 0.016934648431315945, 0.0023895783644955846, 0.11279839034256799, 0.002400569576581669, 0.23619742626958673, 0.04678357783576159, 0.00308618121731883, 0.0035864716444866536, 0.0030201542001761245, 0.0029447719330610795, 0.018179827192111933, 0.025757776968286395, 0.11032613054954103, 0.034096402756161506, 0.06581205915904331]
                  , [0.2692710936466377, 0.0029797499670976336, 0.019161647263790202, 0.019234450492555264, 0.005126449001843384, 0.1373073241391673, 0.006143664712258303, 0.007092713642903307, 0.012245375481197201, 0.011710264793120335, 0.006529804708874835, 0.033117267012122434, 0.006808533522837074, 0.016538947546550678, 0.011212852795538112, 0.33433736782785606, 0.07658429921506704, 0.018785005792703105, 0.0014658815037811481, 0.004347306934098879]
                  , [0.11084201098134047, 0.07083461905785775, 0.007187846444125514, 0.009517447823300697, 0.1517111599737868, 0.031562012877442806, 0.0182080361319453, 0.049034367410488715, 0.010688977533051609, 0.0913934002153187, 0.031016705863368757, 0.019583246854551595, 0.008421042442645372, 0.01273983821549459, 0.015105372064460432, 0.11387536202849567, 0.06875320710969898, 0.07701464690829303, 0.01607582281152987, 0.08643487725280319]
                  , [0.010672937328316569, 0.004589342473929694, 0.0029521142029575614, 0.00357413524514245, 0.43025633080806747, 0.004533442005092055, 0.021837143361253135, 0.012376640279039161, 0.004032781229591761, 0.040562236565724115, 0.00822802352932726, 0.007256082541399113, 0.0026029534126856078, 0.005246650236277121, 0.0048761450312702435, 0.01214990687766218, 0.008350991940310803, 0.014323434407004582, 0.0018729349891031324, 0.399705773535846]
                  , [0.1511389154728323, 0.012801998331181853, 0.0038310001255809265, 0.005334098857509936, 0.037761888934524264, 0.03177296949285037, 0.0052768232701720695, 0.10110853579731797, 0.005888174437924505, 0.1154458366306199, 0.032958508579117494, 0.008896757569827536, 0.16339014978571212, 0.008515917348620693, 0.006562009270617082, 0.06806257003576376, 0.07201711222594402, 0.15262866293709426, 0.005665999918142914, 0.010942070978645831]
                  , [0.011925046732641338, 0.8815206115541341, 0.0035972797461900634, 0.003931627404307139, 0.004903405487510639, 0.006400897086200115, 0.003986566471042296, 0.006297457167084985, 0.00407558219407906, 0.00861245025656977, 0.0034537804603453374, 0.004897184799562729, 0.0030879805546160694, 0.003957828553214102, 0.005624887198570789, 0.018573524506816, 0.009104572289869918, 0.009140188293266977, 0.0018038880041034492, 0.005105241239875]
                  ]
distribution_weights <- [ 0.017444247989505505, 0.01392516968003194, 0.013189414247419153, 0.012875720070723778, 0.012687503564706553, 0.012368105857525808, 0.011712199851708207, 0.011532538641419038, 0.011523983345690983, 0.011281583300062738, 0.011130439742200422, 0.010591456111332916, 0.010448867849198655, 0.010371870187646152, 0.010300576056579023, 0.010243540751725318, 0.010132321907260594, 0.01007528660240689, 0.010026806593281241, 0.0100153995323105, 0.009986881879883648, 0.009827183026293276, 0.00981862773056522, 0.009647521816004107, 0.009479267666685678, 0.009422232361831973, 0.009407973535618548, 0.009396566474647807, 0.009328124108823362, 0.009319568813095307, 0.00904294758455484, 0.009034392288826784, 0.009000171105914561, 0.008965949923002339, 0.008945987566303541, 0.00891746991387669, 0.008840472252324188, 0.008777733416985114, 0.008732105173102151, 0.008703587520675298, 0.008640848685336223, 0.008637996920093538, 0.008609479267666685, 0.008583813380482518, 0.008521074545143444, 0.008464039240289739, 0.008464039240289739, 0.00834996863058233, 0.008227342725146867, 0.008195973307477329, 0.008190269776991959, 0.008190269776991959, 0.008118975645924828, 0.00803342268864427, 0.008013460331945475, 0.007964980322819825, 0.00795642502709177, 0.0079507214966064, 0.007930759139907604, 0.007907945017966121, 0.007822392060685565, 0.007816688530200193, 0.007805281469229453, 0.0077938744082587125, 0.0077938744082587125, 0.007725432042434267, 0.007628472024182969, 0.007423144926709633, 0.0072691496036046315, 0.007234928420692409, 0.007177893115838704, 0.007152227228654537, 0.00713226487195574, 0.00699538014030685, 0.006918382478754349, 0.006898420122055552, 0.006884161295842127, 0.0068756060001140705, 0.006855643643415274, 0.0067900530428335135, 0.006735869503222495, 0.006730165972737124, 0.006681685963611476, 0.006610391832544345, 0.006587577710602863, 0.006579022414874808, 0.006539097701477215, 0.006513431814293047, 0.006499172988079622, 0.0064449894484686025, 0.006439285917983231, 0.006413620030799065, 0.006413620030799065, 0.006367991786916101, 0.0063594364911880455, 0.0063565847259453604, 0.006265328238179433, 0.006208292933325729, 0.006136998802258598, 0.006077111732162208, 0.0060400387840073, 0.005851822277990076, 0.005823304625563223, 0.005740603433525352, 0.005643643415274055, 0.005558090457993498, 0.005558090457993498, 0.005546683397022757, 0.0054867963269263674, 0.0054411680830434035, 0.00538983630867507, 0.00538983630867507, 0.005369873951976274, 0.005352763360520162, 0.005338504534306736, 0.005250099811783494, 0.005247248046540809, 0.0051873609764444195, 0.005173102150230993, 0.0051417327325614555, 0.005084697427707751, 0.00507329036673701, 0.004996292705184509, 0.004617007927907374, 0.004411680830434039, 0.004103690184224035, 0.0033964524040380997, 0.0024097416300690126 ]
# The number of clusters.
n_clusters <- 128
# The base file name of this file (for reproducability).
fn_distributions = "dists_hogenom_poisson_allsites_clr_128clusters_rb"
