# This script is generated automatically.
# Vector of amino acid stationary distributions.
distributions <- [
                    [0.03057880756162648, 0.0073608217954994155, 0.001151393032422847, 0.0019232032339851057, 0.03923419066972884, 0.004015043245209771, 0.0019150836031659527, 0.2831338217077426, 0.002226604589359383, 0.28640598512623283, 0.05920916497583155, 0.002496404907776384, 0.0023052683216999883, 0.0031183701895642012, 0.002596992377641953, 0.009711673149646938, 0.021426647331208037, 0.23398857633305392, 0.001585957008295709, 0.00561599084030823]
                  , [0.06306487474317055, 0.0038642403233597883, 0.2210466438048073, 0.2057873607262103, 0.0047447663453934075, 0.04164655189658844, 0.02395999417132996, 0.009158926876826462, 0.05763773333607048, 0.015704143187442225, 0.007370282368705981, 0.09130248231696181, 0.008972335605672212, 0.06446647652669171, 0.034284720154451755, 0.08025558747615949, 0.04190261419559254, 0.016924217224488256, 0.001212678019515496, 0.00669337070056197]
                  , [0.04851400303012593, 0.007986708703261208, 0.020412982050980365, 0.04664771626921365, 0.00930077071378978, 0.021922136614708265, 0.043058210048954076, 0.019564286622073986, 0.20517216651725176, 0.036876017660153304, 0.01800068660026026, 0.04942432263593445, 0.008004002735287582, 0.09211541374716223, 0.2216262414972225, 0.06257145963101343, 0.04730383163894638, 0.025854990868202688, 0.003187958044760544, 0.012456094370697378]
                  , [0.14651673792399997, 0.012183770300557789, 0.028552154478177095, 0.03428891669672611, 0.012459432761150694, 0.040404118817025464, 0.0215302255042381, 0.024935932314148847, 0.035234309214459705, 0.03740109943029523, 0.015443459142174444, 0.04839274581084832, 0.09742922070397832, 0.03664361576760183, 0.032303227844481745, 0.20191870502375456, 0.11679649704508875, 0.04333364227370834, 0.002830596281732823, 0.01140159266585192]
                  , [0.06942367869370018, 0.012699669351347129, 0.008400607491649148, 0.017370093711137156, 0.031118582026294125, 0.012293036543847417, 0.01291880754826022, 0.16210366896272707, 0.021906004242936743, 0.19410374385048715, 0.0718566317072013, 0.017069693115065634, 0.008370475703875361, 0.025305602036175955, 0.022379677158334887, 0.04578127219996301, 0.0709737387551369, 0.17719169541226312, 0.0033918757261796584, 0.015341445763417545]
                  , [0.3677658404948179, 0.04104850525769074, 0.004503529039099638, 0.006029406235300652, 0.009044091348711286, 0.06216491640221797, 0.004336229743838318, 0.02427123742321001, 0.005520239223033546, 0.023929719544407996, 0.012972894618628269, 0.011999953348375234, 0.007079943089972446, 0.007049700935324207, 0.006027275404173945, 0.2275760966599365, 0.10782460133255092, 0.06404707946507442, 0.0016309219735012339, 0.005177818460134839]
                  , [0.025307574172660195, 0.013609012918235725, 0.005646790150012577, 0.007429162516925554, 0.3216636088955336, 0.008667382401952315, 0.0357871850706341, 0.03251380877973169, 0.009092500919544649, 0.09388946362532018, 0.022988032338614912, 0.013465226740824683, 0.004948080673503678, 0.012107733991945197, 0.012668101093381024, 0.025826518379407554, 0.01883209098558008, 0.0343286677139135, 0.02809143821122877, 0.27313762042105016]
                  , [0.10601896163439763, 0.008117553915242295, 0.016501804543197954, 0.013632137706028984, 0.004822408693904635, 0.6340998193324467, 0.007228815862644884, 0.006200758094823826, 0.011492340083118372, 0.009715249378557791, 0.005086503803329609, 0.02447431016518183, 0.005276688597953668, 0.010184893205999489, 0.013140971490251192, 0.0860683839259248, 0.020648565974454847, 0.011646592748462704, 0.001583698027603107, 0.004059542816475814]
                  ]
distribution_weights <- [ 0.21130439742200421, 0.15680146010380425, 0.14791821137283978, 0.11849369759881366, 0.10667313066788342, 0.10534135629954942, 0.09190098671077397, 0.06156675982433126 ]
# The number of clusters.
n_clusters <- 8
# The base file name of this file (for reproducability).
fn_distributions = "dists_hogenom_poisson_allsites_clr_008clusters_rb"
