# This script is generated automatically.
# Vector of amino acid stationary distributions.
distributions <- [
                    [0.0751932627563984, 0.012061795269779851, 0.05483575072165814, 0.08143695581432267, 0.01860134642953374, 0.04987238222089162, 0.06386092894225821, 0.02349605248136094, 0.08710452027726487, 0.04364781193893548, 0.021167293834532093, 0.06162293059458153, 0.028815590229964584, 0.09204116852970211, 0.07861777798880912, 0.08545369167603781, 0.0568945523290372, 0.03224026624953473, 0.007021714045490893, 0.026014209243528444]
                  , [0.04036123066399542, 0.012087417160432705, 0.003528436973149182, 0.00691062990087634, 0.07693377568103646, 0.009371901790010462, 0.00781936435533381, 0.1906483568911867, 0.009672092504575194, 0.2930448833568368, 0.08910960058760693, 0.007242744306784243, 0.00666320876435908, 0.012127074871367466, 0.011168764274060203, 0.019540020826682658, 0.03047713869901178, 0.1456296678977025, 0.0072629542119043815, 0.02040073625189623]
                  , [0.037721156501050505, 0.00973195544627857, 0.0019234901724871148, 0.0037262780490769157, 0.01886337264601253, 0.004503358184291123, 0.0025172171175188683, 0.34428587344491335, 0.004169806842012201, 0.10988305045614719, 0.03171711268071934, 0.0037193042104540844, 0.003758751435720943, 0.004023094708311491, 0.004094257759505761, 0.01125303787184559, 0.02940919800927194, 0.36804779739376625, 0.0014749884041345912, 0.0051768951850471]
                  , [0.13838519152442888, 0.06415108737264223, 0.01097752565347522, 0.018883353720199916, 0.03434633077870317, 0.032168436897341945, 0.013302114167056086, 0.09499381520741496, 0.020074346569368323, 0.08834568800653464, 0.04372693813820901, 0.02046967896370414, 0.020747566985982763, 0.020855772010123688, 0.02026656008825806, 0.0770650357548671, 0.09718379103426447, 0.15704370787875388, 0.00740941666808533, 0.01960364443697308]
                  , [0.03291077763820561, 0.007875888130533705, 0.014363609710104766, 0.03361436636228386, 0.006612495861021965, 0.017795270722496516, 0.02756775527038529, 0.014982985824262662, 0.28417984026277987, 0.025910043770177582, 0.014009015358103269, 0.034122443683439425, 0.009580215256675878, 0.06213538673737343, 0.31170085391058794, 0.04004613623641302, 0.031900354689465546, 0.01821975451572476, 0.0037886649305976915, 0.008684141033030803]
                  , [0.1554701361115957, 0.03175748294564802, 0.023270074631226805, 0.02113858591910753, 0.011849866358677026, 0.07106223692671068, 0.014160861809755234, 0.01687764993547726, 0.021220890838505712, 0.022390212987120198, 0.012455493481615308, 0.05080296876168523, 0.024706938854834076, 0.02173593456084588, 0.020520772469566594, 0.3232195499272937, 0.11439847244505372, 0.029977386279155797, 0.002960641578000715, 0.010023843105072806]
                  , [0.01903526999986642, 0.014054924663350336, 0.005292324952272165, 0.006270412418616013, 0.337158009679572, 0.0072457752111228305, 0.040596034951241325, 0.028436964353948442, 0.007698642967374887, 0.07624648858366939, 0.019655632914986107, 0.012350447517612183, 0.004772756905619832, 0.009730978257864956, 0.01056989394953848, 0.019837247172671275, 0.014209454635923616, 0.02806963934641899, 0.026420481803612117, 0.31234861705700623]
                  , [0.016269357976471985, 0.006766823918541373, 0.0018637660797596184, 0.0033757655739998227, 0.062442076342281064, 0.0036422309591144647, 0.004327236453653533, 0.11455803485040714, 0.004745337254905883, 0.563966375846034, 0.09106527162852762, 0.003528538179335898, 0.00369505652143293, 0.007404611886919446, 0.00579316854740107, 0.009080837670887201, 0.012994245111469328, 0.07018592506975468, 0.00348212234205074, 0.010813219745660452]
                  , [0.4758814343022432, 0.028440039920764437, 0.007163872890132282, 0.010947637020124072, 0.007806086507800299, 0.09896769688752408, 0.005135207575323618, 0.017514852151737773, 0.008646169082365332, 0.01867883097771318, 0.01039519866949595, 0.010621336192043213, 0.013841552754895951, 0.008997830968704008, 0.008373911071506576, 0.15495569927450353, 0.055974912467542326, 0.05075284647233145, 0.001768887575432739, 0.005136004576034983]
                  , [0.05457116941349948, 0.0035023574361756522, 0.1904376735698112, 0.3683565958546695, 0.004549637912957746, 0.02661710308556505, 0.016937999387997234, 0.009587471394643693, 0.0502800179901536, 0.015393157361805174, 0.007597136374753819, 0.04064524947577785, 0.012484594527569913, 0.07206010571189451, 0.027502409738725784, 0.044026448610821306, 0.029331283814493844, 0.018243743963666806, 0.0015081434031557423, 0.006367704710909847]
                  , [0.07956158238773273, 0.007935983373307287, 0.022055071426364134, 0.014958709399909745, 0.004384303441421669, 0.6980612484376053, 0.00693138402950836, 0.0051274160545713016, 0.013476526153340253, 0.007856756563301467, 0.004212241185039416, 0.025947854584369507, 0.005775288890026278, 0.009480901460988386, 0.013382326860511731, 0.0520177611698992, 0.01405723950338271, 0.009420340098060045, 0.001800452684060397, 0.0035566074011208412]
                  , [0.09786497416644102, 0.007271120590847545, 0.01820415351845834, 0.025243747367451864, 0.008229444061106643, 0.021647091183500437, 0.013724040479375369, 0.016710035273580906, 0.02427569568896116, 0.029747204222041843, 0.008924345829768074, 0.016865004129163173, 0.5101998464662877, 0.025548023422150026, 0.022362780103800158, 0.07653982496524957, 0.03885378777552126, 0.028198313851791806, 0.0025593683114360655, 0.007031199917411451]
                  , [0.03061093920645617, 0.004900432133478535, 0.47936029111793294, 0.12902620412516058, 0.004577870563521075, 0.03301722745370822, 0.020455129331815036, 0.006413639969997151, 0.024576655556193646, 0.009433490752252888, 0.004852335066739238, 0.10894212767828465, 0.009631014213585549, 0.026272209150311886, 0.015582445002079413, 0.049327689390236545, 0.024085268378750375, 0.010510903254777784, 0.0013348409316565873, 0.007089278566590692]
                  , [0.03970882872574973, 0.012472867287713359, 0.1022669281615605, 0.037118997944238286, 0.010698211978373916, 0.059533547063924525, 0.05597499680462209, 0.013089785440157223, 0.04387270591911372, 0.017720907009541265, 0.009671455348881686, 0.32163042086292787, 0.010098861763595972, 0.03268853290766458, 0.03182744352231531, 0.11272099261210666, 0.05180646731495812, 0.016401383359482644, 0.002786423468122543, 0.017910239285805166]
                  , [0.07339013193086484, 0.018071296247566843, 0.014916255223067686, 0.014736605407651975, 0.00871420700794253, 0.01975233184394235, 0.009769417469627539, 0.027706594215348657, 0.019793060249580455, 0.02323264417798386, 0.016601912923257557, 0.03796701378532274, 0.01178125034534052, 0.015241324704217414, 0.016734854672782167, 0.2122170273263233, 0.4073011817876708, 0.0428849763705112, 0.002157779582056169, 0.007030129473542913]
                  , [0.02223888346135379, 0.016345726582333173, 0.006533476784445526, 0.008438195740278528, 0.08158653126356213, 0.014322569917426746, 0.01448769768170907, 0.017475781747959676, 0.01095155262217952, 0.04334234100960144, 0.013483412182909216, 0.010106891192510792, 0.007057148585693722, 0.0112861376485838, 0.018835518229956806, 0.02488009537686029, 0.0161974406048968, 0.019229429493039046, 0.5747032621219405, 0.06849789718674992]
                  ]
distribution_weights <- [ 0.15618262704614155, 0.1068100153995323, 0.10181087092910511, 0.08422688644270804, 0.07571436719329265, 0.06862487879997718, 0.06363428962527805, 0.06194319283636571, 0.06014087720298865, 0.05792505560942223, 0.04426224833171733, 0.03159185535846689, 0.028799977185878057, 0.0269007015342497, 0.0254919295043632, 0.005940227000513318 ]
# The number of clusters.
n_clusters <- 16
# The base file name of this file (for reproducability).
fn_distributions = "dists_hogenom_poisson_allsites_kmean_016clusters_rb"
