# This script is generated automatically.
# Vector of amino acid stationary distributions.
distributions <- [
                    [0.09440056602654337, 0.011490571757314499, 0.07579515255328778, 0.08708602305399143, 0.013963994557007874, 0.060980451756987734, 0.03342521644510356, 0.021521808224965112, 0.07303290002262217, 0.034412978639402854, 0.014178041458425559, 0.0725662568811583, 0.03311532129071989, 0.07330148008646692, 0.06071544895284536, 0.1061538233611504, 0.07645092371154226, 0.03415811721194459, 0.006154355528609486, 0.0170965709504826]
                  , [0.06400022678538556, 0.00715271017143266, 0.04061837229113925, 0.08201332653164548, 0.0101582688893555, 0.030271704690333506, 0.03390529603227849, 0.023523324889988186, 0.18849425429804414, 0.03683078565995395, 0.016593196967836586, 0.058633641437859624, 0.019546480116110418, 0.09213774465535102, 0.12331571800690466, 0.0642401196352129, 0.05948569496260069, 0.030820813308400273, 0.004299362694580008, 0.013958957852071203]
                  , [0.07605388381528926, 0.004448255443621719, 0.09352807281862317, 0.17327405560624667, 0.007091957459846587, 0.03436486052523831, 0.028235633588173367, 0.015141383969994988, 0.12684396539743828, 0.025137658721998177, 0.010446691328127734, 0.06222294917119958, 0.02046878865537813, 0.09782345828800386, 0.06809715717435816, 0.06324156662338423, 0.0551613790635784, 0.02482525923963258, 0.0029395867104696693, 0.010653436930514067]
                  , [0.0721489663278399, 0.0056967819377869485, 0.2198738498528541, 0.15243465156562647, 0.0076354050012947886, 0.06525841526603884, 0.0276592701592113, 0.010975668379046441, 0.052762805274279, 0.018176363323131786, 0.0078219944889935, 0.09405064743084182, 0.025713589664861668, 0.05181774223131255, 0.033688424196586186, 0.07434779388404944, 0.04676463863449082, 0.018753523310771375, 0.0033910176177457084, 0.011028446301000569]
                  , [0.22576058059787107, 0.01984618117317868, 0.03560665844445149, 0.04296812925043028, 0.0140543031485755, 0.07584578414494234, 0.01874975698170693, 0.02519013507043158, 0.0354252680947797, 0.036011716967238074, 0.016556379006692577, 0.038743674989483105, 0.03893741075154566, 0.03644018609535346, 0.03389017013576388, 0.1406773386066672, 0.09192241196507103, 0.05450766303397264, 0.005385319140486953, 0.013480930570527159]
                  , [0.08329090641052986, 0.004005600803378907, 0.15274450492369243, 0.2739929650783071, 0.005514240301965928, 0.03450593354748407, 0.020403432307697467, 0.011125782803731846, 0.06965956164278578, 0.018593477783405213, 0.00807173239526824, 0.04859371094968343, 0.023859167459246915, 0.08279796279506828, 0.036676083067644125, 0.052388441998000614, 0.04195110688170611, 0.021714744368610456, 0.0023508328295101634, 0.007759809498367281]
                  , [0.02753108779788445, 0.007993990306347423, 0.005377750917873077, 0.008656543403953082, 0.06788360538251659, 0.006903890402561161, 0.00792909944863585, 0.12356631298162579, 0.010131767263502144, 0.4401511306375273, 0.10120341115457987, 0.007602192430679437, 0.007716147164741064, 0.014698293606069009, 0.012242087806792791, 0.014132840307071022, 0.020912062193067696, 0.09042788531458795, 0.007384744113349119, 0.01755515844251108]
                  , [0.0541298874668825, 0.010826774861443924, 0.006181372552914184, 0.011117198706064015, 0.022801679078083587, 0.008768603748454201, 0.006369590640270817, 0.2504074818221964, 0.01142482667692108, 0.13793465735501909, 0.03855515759493668, 0.008613157175596214, 0.010027067953635446, 0.011013005429422934, 0.010751823055563763, 0.01928430292603766, 0.04575442114733595, 0.3230081428466295, 0.003436873090175145, 0.00959397800964085]
                  , [0.11839935888077321, 0.01935698946762581, 0.047124139821750045, 0.041274133559096884, 0.013406751071344265, 0.06219936956691751, 0.023129730847941565, 0.01897930983436589, 0.04245862195292913, 0.028508408758078772, 0.013292682339014355, 0.07950781924081449, 0.03293538194901874, 0.037997901662239916, 0.033126953527372, 0.22493891294082927, 0.1125019451807586, 0.031544188873395475, 0.005034690683023447, 0.014282707540947258]
                  , [0.08210694020338458, 0.018590488682852086, 0.02901660086632505, 0.051919767351343, 0.032519241446592115, 0.03005580709051393, 0.03003757774677847, 0.06480149785669925, 0.05930960027945972, 0.12050676583760303, 0.04797823344511734, 0.03627721172255864, 0.026233096829529606, 0.06039928050302743, 0.05925238403741654, 0.06131766060471976, 0.06786307388293744, 0.07917665675205714, 0.014161800360503038, 0.028476309355845345]
                  , [0.0428163642422102, 0.009356164504379554, 0.00660380755034911, 0.01147265471069793, 0.049295851134526336, 0.009015961661878721, 0.008313961411741656, 0.20737582254140224, 0.013352987851110672, 0.2507525754493371, 0.06802554350914355, 0.008902473414410146, 0.010085215437563747, 0.014031015054077396, 0.013601051336551526, 0.0180810418593517, 0.03621278095204454, 0.1979438129471786, 0.005960398236826007, 0.01880051398657867]
                  , [0.0801148881050593, 0.012781206316104049, 0.03328828498526823, 0.05733295356174761, 0.013887139570334165, 0.03548078450206242, 0.04750066348817239, 0.021829154098829948, 0.10016685100934418, 0.049015236104891044, 0.01622028126508962, 0.038546142682043955, 0.023505972716726997, 0.0892049929278559, 0.20809842175267246, 0.05818568586581363, 0.05355664095378399, 0.034560309915817926, 0.008920194573448944, 0.01780420328436741]
                  , [0.0275837610217856, 0.006478017325425048, 0.0034947075920545093, 0.006119747212559014, 0.027739844790089684, 0.004598594253139757, 0.004291982103032801, 0.3261521480563864, 0.007444418667749045, 0.22113419935924852, 0.05107938232806498, 0.005316225576078658, 0.005055460292524582, 0.006902238916018655, 0.006370790869457542, 0.009870739985305424, 0.02574445063989736, 0.2431579232943188, 0.0028401022837077922, 0.008625252858863747]
                  , [0.043894412789640846, 0.008019773041505869, 0.0206646631835177, 0.044838794688277187, 0.008521394006860424, 0.02354146571786312, 0.03404621846599777, 0.016585196929165526, 0.22894477377583441, 0.0328227373081211, 0.014816132635451465, 0.03996509209587514, 0.014941952803018636, 0.08347230640854135, 0.26161243598319184, 0.0436547064840066, 0.04072823680902154, 0.022231105239687743, 0.004668433722390848, 0.012030168664094024]
                  , [0.1065556539680346, 0.013110303458056157, 0.07427684219784011, 0.05590036167602593, 0.012887545236112203, 0.2359925400431963, 0.024587611606565873, 0.015022841513088539, 0.0462259311887689, 0.024883979505831683, 0.011304218351879055, 0.07476772695809943, 0.02673690713589634, 0.038684855003023766, 0.04072237666090714, 0.1012599254790495, 0.049934625454859605, 0.02638392950323968, 0.006349723822980564, 0.014412098355680403]
                  , [0.061712075137517614, 0.009104444051198854, 0.10410066635666462, 0.057990003650387874, 0.01217740431690769, 0.06090958160966149, 0.04178618626939357, 0.01575808607801485, 0.06513288290726378, 0.022630042353402838, 0.01089766053667145, 0.19660312492066392, 0.018026817610543054, 0.048531759849259545, 0.040656666981576155, 0.11619992175246849, 0.07156119917577568, 0.021898745129231116, 0.0046647550779795426, 0.019657978557739805]
                  , [0.07977792388962826, 0.01686822870188981, 0.01633192706565533, 0.029544038964244446, 0.02853508554493836, 0.019336365026262008, 0.015738494409546635, 0.15620682848017067, 0.031924910387720704, 0.10977137730369976, 0.04130347314080399, 0.023418478992103725, 0.021245253211338855, 0.02785925301836574, 0.02847929974651751, 0.04733269494366067, 0.08653864003815104, 0.19302821278945992, 0.006712308427202558, 0.020047204266258563]
                  , [0.05611042407729896, 0.013755023185410928, 0.014862493169880253, 0.02376032853291881, 0.05753259400177706, 0.018424379984895448, 0.01990492935539761, 0.10386603249489118, 0.02837970379520221, 0.2635137524655699, 0.07291519958862747, 0.019577623888938165, 0.02079766881483784, 0.03418654505375392, 0.033160006467525566, 0.03658188852954247, 0.04485585451443806, 0.09590164679964455, 0.012216667286539314, 0.029697234051354958]
                  , [0.02289666137905899, 0.006419395747530809, 0.0031999659705857983, 0.005965181218314526, 0.04461430445506881, 0.00411330573320131, 0.004668522355311688, 0.2298419741746865, 0.0073167957790769775, 0.381614779796709, 0.07524107790051253, 0.004889877484483211, 0.00484888840271663, 0.008655301733831222, 0.007778553904470478, 0.009081644177745901, 0.018819830111990524, 0.14579234141809855, 0.003811386114518308, 0.010430210570207845]
                  , [0.027918684033221328, 0.006386166675278353, 0.0025791270800214275, 0.004484900349325555, 0.011857137288766483, 0.0035144822514706006, 0.002692549155788898, 0.3714803627229118, 0.004769802173078791, 0.09108911312962793, 0.02192645506599076, 0.00400823433810063, 0.003981135274463591, 0.004198093809812807, 0.004169219732687621, 0.007961884392957544, 0.024666337139494808, 0.39637970299628883, 0.0015928146285778717, 0.00434380478147911]
                  , [0.09441658110468909, 0.015099473506945101, 0.03052282653118301, 0.042583722627015985, 0.015167479581616568, 0.029469328264193052, 0.02036286084795376, 0.05217215514496126, 0.050158885234455115, 0.04465479294117633, 0.025720045524284516, 0.0477922454749697, 0.023911209375034943, 0.038955584919362365, 0.039392062457350586, 0.10775195578260455, 0.21692550657220075, 0.08430527191759109, 0.005837374134520379, 0.014800644866598264]
                  , [0.19389380247123505, 0.005172799653226621, 0.0921833799929965, 0.14955294094347177, 0.006083846509454746, 0.04827870668434217, 0.021705035766783384, 0.01252323795827931, 0.062102468354177084, 0.0245752400870433, 0.008852984776888524, 0.03513352233496747, 0.03235140663411706, 0.07736898816308153, 0.06381992719359679, 0.07145598486243122, 0.0545953043791896, 0.030433613545572898, 0.0029392478260830343, 0.006977561854727199]
                  , [0.12039570432372491, 0.011263896567829066, 0.04904925043640395, 0.0644509371830276, 0.01509534832503524, 0.04381668281898804, 0.02518055576970369, 0.02517731846391863, 0.0511034856016932, 0.042612762218302784, 0.015009319898810703, 0.038732579543438825, 0.17156144396290968, 0.048867412113485185, 0.04339689951925015, 0.10033892907377547, 0.06900295433481156, 0.0438482328441847, 0.006145112987200182, 0.01495117068524495]
                  , [0.38507723279195705, 0.02505253933616175, 0.020706729319080942, 0.029242351503701393, 0.008414934844326545, 0.07341590811070599, 0.010332324996243479, 0.01958390715666771, 0.02117502830372331, 0.024228657673958737, 0.011932315898132793, 0.0199438683485803, 0.027128179052590858, 0.020518052558280903, 0.01949977323588556, 0.13243227293006293, 0.07859863190918129, 0.062391181543475865, 0.0027520348106065675, 0.007574071564467912]
                  , [0.0515765780399233, 0.0030984585712867697, 0.31521290391338674, 0.30356761892410117, 0.0036508939230855755, 0.033204468722454084, 0.014890671654110734, 0.005933350705424854, 0.033218723129919914, 0.010225199015337721, 0.004794878690086733, 0.055287385175482116, 0.01650601698669229, 0.046877812038908305, 0.016158510755385172, 0.03945952275121226, 0.027364989699221933, 0.012205447379947956, 0.0015330410409044922, 0.0052335315334386436]
                  , [0.030054301713069588, 0.013764542916705012, 0.011335978684767635, 0.013247747809480043, 0.29440578416935076, 0.012637393200529104, 0.0371184556443856, 0.04035408190750112, 0.014295973096755767, 0.10472949035780026, 0.028014612703635523, 0.018533787353888637, 0.010239783135757078, 0.01728877089852745, 0.017153248530717844, 0.02667127842153693, 0.02243312228370916, 0.04045687847100773, 0.0384437961929361, 0.2088209636067656]
                  , [0.05614181158629457, 0.019646096414974633, 0.023973936879326203, 0.02833661858560213, 0.1400460252907248, 0.0268464589397786, 0.051561172393285656, 0.04892079131287495, 0.03151192763036444, 0.0949329012655745, 0.029612173546377487, 0.03317252411398249, 0.019986244650438377, 0.032760580991001376, 0.0350219322058145, 0.05094564384633131, 0.041861789171665865, 0.05547455842870332, 0.03809071586998158, 0.14115610776072932]
                  , [0.015475026972764441, 0.004621395158568338, 0.0029244884432393092, 0.004223638419257478, 0.05105135979344422, 0.0036969839391419873, 0.004548265931429291, 0.10368347765244636, 0.005521076985779812, 0.5968300873704505, 0.08666451616666676, 0.0041190086617256885, 0.00500020060737533, 0.009283328930344635, 0.006368161847553552, 0.008798283475656733, 0.012223950807423264, 0.061633309601108716, 0.0040772499537840515, 0.009256198632320987]
                  , [0.13029569584239797, 0.007482482647522356, 0.038827675226009155, 0.05249247326323419, 0.011064554770485915, 0.03649550130650232, 0.018214868916243666, 0.02035991581339127, 0.043306503921924144, 0.03578440333091636, 0.01154355578039645, 0.0270081442168238, 0.3041611003142366, 0.038341886634034324, 0.03430786555595839, 0.08305093879381198, 0.05412056466159052, 0.03821326775441125, 0.004769960624607212, 0.010158633353275232]
                  , [0.059097208359204643, 0.014648302818699973, 0.044872160650012094, 0.0485766758270677, 0.04093106546446761, 0.03320858526073234, 0.1500749283422265, 0.02341469453310692, 0.05441324914504002, 0.04830789053116676, 0.018002011312151314, 0.07552503233567799, 0.021998458662866864, 0.06980529569852043, 0.06635745698277952, 0.06246602243390733, 0.047537482750424465, 0.03354663249090462, 0.01379431911848169, 0.07342252897162255]
                  , [0.1017881545031254, 0.009325680291363688, 0.06004232137772676, 0.039139712733766936, 0.0073202745896159965, 0.42721460020410784, 0.01661974814096183, 0.008943985081515289, 0.033945518180890366, 0.014761490502870303, 0.0070053604998086515, 0.06193373836764897, 0.01828168502921288, 0.02623598172343411, 0.029649404974741684, 0.07836044090572776, 0.0301330409618573, 0.01723358402347249, 0.004241339157800752, 0.007823940469830277]
                  , [0.015966206281521483, 0.00829829902797865, 0.006248046855103398, 0.006996215617611844, 0.3412509741160777, 0.006178797813742365, 0.036553689054302826, 0.016617308084723094, 0.007855986136757934, 0.047130336536357356, 0.012886877623348914, 0.01203889797971984, 0.005051135996531047, 0.009038768890860527, 0.00948868445376936, 0.015308448684856563, 0.012253541410673773, 0.01810946328445634, 0.036948464768512275, 0.375779862441629]
                  , [0.2632054183895536, 0.03026483261575081, 0.012940159473204621, 0.0205978299436888, 0.014039095110854168, 0.03311351703658872, 0.010032816284956472, 0.06731363793253538, 0.0175977965012242, 0.05784568947905329, 0.025500685902475517, 0.01580867625340046, 0.021034632277883568, 0.01825827498000535, 0.01729303203713283, 0.07224800943552774, 0.09962109676414599, 0.18950741347932573, 0.004039939418117518, 0.009737446484629968]
                  , [0.12146322384984906, 0.018136038956903668, 0.028059906364260246, 0.02810104575487249, 0.00880843905160586, 0.03660259210952507, 0.013973441753225367, 0.01878715560938788, 0.030971435452923336, 0.02058147375789174, 0.012701121176228377, 0.05074813052292066, 0.02367803856176228, 0.024553478796321773, 0.0235453543363986, 0.24054907788910207, 0.2493165669777661, 0.03695473319242378, 0.003653683898984345, 0.00881505559497666]
                  , [0.032519502914726474, 0.012940295868015135, 0.01567413435535498, 0.017236852085273577, 0.1817330917811401, 0.015706690895663622, 0.0780095026746217, 0.025011027149301736, 0.019036361168509888, 0.05880904621653073, 0.016913241824214234, 0.02712949063882418, 0.011962166705762577, 0.022963041267462146, 0.022690224476135005, 0.03058225703288705, 0.024691962348661382, 0.02941188663707798, 0.0479122091153959, 0.30906701266006975]
                  , [0.10101246930481284, 0.007099874286616153, 0.035979364496286304, 0.021760091291443823, 0.0049440791873142514, 0.6053265105466429, 0.0102714275317885, 0.005996932909833649, 0.019207113942364837, 0.009697331167557846, 0.004856415910873487, 0.03953318051619131, 0.009821553261140818, 0.014740678277332185, 0.017405770415329667, 0.05346763622103387, 0.019239126433452193, 0.012113691292929094, 0.0023841903844176934, 0.005142557235888308]
                  , [0.06343992277836842, 0.007647818719368061, 0.03715198780981318, 0.09841597915995753, 0.011231894907488927, 0.025990440254595203, 0.05179363007792802, 0.01892177658028254, 0.09078231299559467, 0.047462994421084766, 0.02182759821540331, 0.0431862064823029, 0.02067839516102077, 0.23721576955795262, 0.08142610672565702, 0.04924112187604432, 0.0464127787877867, 0.027962007871790977, 0.004868509016861623, 0.014342748687832255]
                  , [0.04152142704176903, 0.004258120812825545, 0.2793788088452095, 0.07560096183276005, 0.005912708183620122, 0.067446896985258, 0.02895432058460279, 0.008071298250122753, 0.0442847980058968, 0.01141205854316131, 0.005306318168059029, 0.22827384247338225, 0.01180639751531529, 0.02996209527190827, 0.020542684159541406, 0.07132155795921376, 0.0395449276953317, 0.012157987206224324, 0.002559333327272752, 0.011683450633415186]
                  , [0.3186175204552951, 0.02496238426662814, 0.01539287042032337, 0.01739381371774993, 0.007120744282414937, 0.06263484518327285, 0.00893622042395244, 0.010806077517485926, 0.015144608503629212, 0.014452327067634566, 0.008261492276476462, 0.024284202837182457, 0.019220998462223665, 0.016135065875783575, 0.013390707583965739, 0.3042153845265587, 0.07998141078192016, 0.030183916961398834, 0.0022250887242989074, 0.006640317227977397]
                  , [0.05225141649019937, 0.0035549073409783753, 0.01885218004154808, 0.011087023166024577, 0.0022827233945384162, 0.7947675356006051, 0.00467425765153294, 0.003298381811861345, 0.010080243341933227, 0.004842733596414933, 0.002596995432065669, 0.020275119798626187, 0.00516173725297369, 0.007371574583849884, 0.008609456609314843, 0.02917911822248287, 0.010247126263193074, 0.007011102825431284, 0.0013474704784720952, 0.0025088918517339742]
                  , [0.019004738070656904, 0.004424561546612927, 0.002572364073400911, 0.00437987417115402, 0.015017968425141377, 0.00324249108334778, 0.0027378107430972784, 0.4693968461670391, 0.0053130337571601766, 0.1253875573983878, 0.03355913512210601, 0.004378249084890998, 0.0026661681632653457, 0.004023646322414608, 0.00438529374035327, 0.0069618989151087884, 0.02095926699708451, 0.26556329592522765, 0.0013502034404218634, 0.004675587592351153]
                  , [0.052373163032591555, 0.0038578786961275605, 0.028429577983353826, 0.07631418321009292, 0.005469688677238481, 0.0220919127201682, 0.02081939182828105, 0.014660168771859113, 0.3512443392325208, 0.02211715349395492, 0.012396405419134391, 0.05542855063798845, 0.01292467372104435, 0.08700816759365702, 0.11313958868021723, 0.0417914519919396, 0.048589219773961786, 0.020782344172419802, 0.002422877149448029, 0.00813926542123707]
                  , [0.5593473856325946, 0.02171258474419225, 0.008846885950857752, 0.011332672631879918, 0.003910945273588137, 0.07702498593799142, 0.004426182461579661, 0.009878848734274644, 0.008115623692101545, 0.010857551510900648, 0.005815449454610436, 0.008952529334167118, 0.010883103928877796, 0.00818443842030036, 0.008102691857755653, 0.1465632606736954, 0.04726738593459614, 0.04368362231057897, 0.0013644226763938165, 0.003729428923874265]
                  , [0.024443412274443133, 0.005041553691959251, 0.009037214592299017, 0.02315456796036247, 0.0043064654150622925, 0.015095746614194008, 0.020528222044167606, 0.010026630398074887, 0.3961580109475273, 0.017874749779539345, 0.009144949940354918, 0.028369657614194067, 0.008866922243110656, 0.05145345915251038, 0.30508181691204206, 0.025662178354095976, 0.024514862410343542, 0.01300148899471501, 0.002458744754152516, 0.005779343035862507]
                  , [0.02891682277546357, 0.011057524881238161, 0.00723922147330551, 0.009512654720560412, 0.22296094445285924, 0.009611632267322874, 0.017613832819386572, 0.08330729631768265, 0.011321189350814179, 0.2800854004354414, 0.06596341589170768, 0.010822778822037069, 0.008769525265808459, 0.013402334820143833, 0.012565477524801194, 0.018967832006815608, 0.020527578409693326, 0.0650407871393411, 0.020501088238924665, 0.08181266268080276]
                  , [0.1436808168773872, 0.023506885550821234, 0.008831450822765506, 0.01608320084950346, 0.013618193317226909, 0.016917540258785335, 0.007798483942131413, 0.1279686431149733, 0.013916524970588186, 0.06805635149159667, 0.02518109752883881, 0.011454510325439385, 0.015385264235294172, 0.013913181516233816, 0.013810293905653151, 0.037874336518334474, 0.09021240455882348, 0.3405925504201682, 0.0030082240865164393, 0.00819005472708172]
                  , [0.12040188635142911, 0.0051128485545367305, 0.027625637413965135, 0.03595809733800114, 0.007826009104354513, 0.02649103190485321, 0.012675231636677524, 0.014701237785728044, 0.030141244648187206, 0.026152107379628003, 0.007933226611164398, 0.018491932912334554, 0.46243990159217224, 0.0290608805342413, 0.02679537087895652, 0.06916910384807212, 0.039378638403990016, 0.029155301016688992, 0.0032157036364665326, 0.007274610233646693]
                  , [0.04820913077881621, 0.008402201663006216, 0.00247293102628518, 0.005105150429127708, 0.008454700681853486, 0.0043731261738705965, 0.002677590013629296, 0.24901311922702424, 0.004391408720599607, 0.06460948002686913, 0.01790922660299845, 0.0039006083099689254, 0.0038985094505451824, 0.004213866017718129, 0.004690845439252279, 0.009124262325155993, 0.028364195895638582, 0.5252760404984425, 0.001099312364797534, 0.003814295796339521]
                  , [0.056609665949068994, 0.0022690402678793072, 0.18965987150181945, 0.4429586762251226, 0.0033758796036807565, 0.024390883736785794, 0.011864829278193883, 0.006344176058634722, 0.044632952144232844, 0.01106186074662982, 0.004895531881874578, 0.02970744120907339, 0.012113886932377495, 0.06940383936935585, 0.016350000851487155, 0.029130181279691934, 0.023915614902632158, 0.015498632764177095, 0.0013444331763963254, 0.004472602556601764]
                  , [0.03782075155746371, 0.0034548976350726648, 0.4619271679876702, 0.11656430659599319, 0.003919722417877532, 0.0384555331743725, 0.01879091016710699, 0.005839998050858615, 0.02590615189916334, 0.009416317473139701, 0.004312254260237736, 0.1311319291061208, 0.011580955128137418, 0.026334611978643802, 0.015246038336856067, 0.04398957232650812, 0.02676396628819904, 0.010374708661602713, 0.0018411864587406304, 0.006329020524438553]
                  , [0.015863054563279855, 0.009460027016644392, 0.005352820803921465, 0.0068051727856505845, 0.49246009915329675, 0.006871436318627307, 0.0180108389645722, 0.025670905165552524, 0.006958215762255006, 0.08839137471925133, 0.019882383914438494, 0.009381353813725464, 0.005398770061051654, 0.008641363226827035, 0.007564384686942885, 0.016462825835561495, 0.012765549795008796, 0.02391799194251345, 0.02441449348573972, 0.19572694229946527]
                  , [0.31522315370751786, 0.016885994114572606, 0.01831416966658085, 0.019227151766220293, 0.007144903063851703, 0.31750167790937217, 0.009155343221163719, 0.009916431752832106, 0.01576913654067963, 0.014924400993821058, 0.008133938940525227, 0.021290006413491224, 0.016915437646498457, 0.014874484952883522, 0.015379689428424333, 0.10736464276004126, 0.03624368332131817, 0.026647970862512985, 0.0030007723287847742, 0.006087012227343012]
                  , [0.059278492671978794, 0.010247410120849934, 0.020067549740504655, 0.015080054537848532, 0.00542560020212484, 0.017146417408764963, 0.008133017878353254, 0.0161811463118196, 0.02266998439309418, 0.013822244824966912, 0.0095253175763612, 0.03924099821062418, 0.010882449624169972, 0.01310362924780882, 0.014186021852855231, 0.24242607978220443, 0.44790934687914996, 0.02734285737503312, 0.0019068705638778174, 0.005424509260557788]
                  , [0.01403636136457205, 0.008284411569068256, 0.007155327317714108, 0.007129653797670617, 0.20600371786836374, 0.007353862816088838, 0.05257336962053083, 0.012296801998916515, 0.008827555166576427, 0.027973487833152663, 0.0072342521920368, 0.014415897670097388, 0.004622558016793069, 0.009586372750000058, 0.009508559219664023, 0.015116320070422663, 0.012093794631635915, 0.01446745125135425, 0.02410331054550382, 0.5372169360780078]
                  , [0.09063709239208138, 0.0205629139337366, 0.023875159177893852, 0.016420618627165318, 0.008539277006048902, 0.0408715292708276, 0.010698388637338468, 0.009792807173494802, 0.01780713933516625, 0.015069984218311822, 0.0072981125592521436, 0.054136578254055545, 0.019244989343964812, 0.014074964422601081, 0.01668672702996977, 0.4319164943634868, 0.17392567291998892, 0.017495578414627462, 0.0030512890879846, 0.007894683704701606]
                  , [0.03170469073534173, 0.0074390942011661855, 0.011427679784580584, 0.020760976838354393, 0.00651174057434397, 0.017501353770651012, 0.030735814033689655, 0.011358975730482626, 0.17005900609653396, 0.02577863943958531, 0.008151150849044369, 0.02277564295432465, 0.010093214569484876, 0.05169118551992226, 0.49373155166828714, 0.029200154606413987, 0.02389389727567228, 0.01457511163913179, 0.003938839948169747, 0.008671278283770598]
                  , [0.03406205440674836, 0.008205629701890985, 0.1115519312102337, 0.027634466789766388, 0.008866314124582896, 0.03947909779644048, 0.05797686421208748, 0.010339970507230158, 0.04241999674453095, 0.01345909358398227, 0.007630527241750083, 0.4123678754171303, 0.008773869073785603, 0.027085230913607712, 0.022798375886911408, 0.08672312627363739, 0.0484945430292918, 0.013442522160548698, 0.0024964187856878067, 0.01619209085131629]
                  , [0.08299408336754839, 0.003524296974733521, 0.014176095870509262, 0.01899671448559026, 0.004903749168969615, 0.014773862287406167, 0.007870689617054883, 0.00891030507185165, 0.015866157811290985, 0.01808246729372276, 0.005529880874457153, 0.010204309902882014, 0.6688102885906057, 0.015566397098302404, 0.012885882553099061, 0.04708909693249114, 0.02500999825898144, 0.017896012179234186, 0.0021230855874457104, 0.004786621988037941]
                  , [0.04328257488851477, 0.015178262684476237, 0.019275554795961228, 0.0219381009175431, 0.10812636543962972, 0.026927633853596943, 0.031555507034076564, 0.02638545597812368, 0.025747467398401253, 0.06378823844341609, 0.022383803374000845, 0.023668729023979814, 0.020162023769877996, 0.026135755542700916, 0.03605845679343707, 0.03940243543542275, 0.033193215889777083, 0.03431464326461929, 0.2695337833403446, 0.11294199787547335]
                  , [0.11912516811612904, 0.20811657384946294, 0.020395945440430205, 0.02318541003870958, 0.02673155126451613, 0.04573374517849465, 0.021190965573763442, 0.0348172419139785, 0.025942797948387105, 0.049195064404301034, 0.021953832107526883, 0.03547237346666667, 0.02105209138494625, 0.026331593565591414, 0.031060548954838684, 0.11200883398709678, 0.07083786584946238, 0.06843884018494624, 0.01231869944, 0.02609085835483871]
                  , [0.03391964530689318, 0.00999841745656279, 0.029054863885741286, 0.025530566779981174, 0.03304195449055714, 0.017463281869688346, 0.35260935457979226, 0.013843761841359783, 0.0324838582483475, 0.029298741898016963, 0.011740591298394717, 0.08637702084513696, 0.012639804251652561, 0.0801096241029273, 0.04498810108120869, 0.036675850590179415, 0.02770893644948059, 0.01936965520774324, 0.008528305920207745, 0.09461764880028341]
                  , [0.035142061348200616, 0.009430167133299536, 0.008296558864673093, 0.013349074792194618, 0.04017871166953877, 0.009709632544348729, 0.0108937324713634, 0.09540506785098837, 0.019893812305625883, 0.2668568365534716, 0.29515688950836266, 0.013786676130765278, 0.007327113758236154, 0.028987010692853525, 0.016613161564622413, 0.018970233466801836, 0.03197575258489611, 0.05659000322605167, 0.0058720667674100335, 0.01556544170552459]
                  , [0.01814958098913047, 0.004613756214130424, 0.008073866063043486, 0.00985074723478261, 0.06175148830434784, 0.015198857288043502, 0.009703928103260874, 0.010932061760869582, 0.010016907616304332, 0.031676675726087004, 0.0114488723728261, 0.010025065388043486, 0.007032550467391315, 0.010321539358695682, 0.015251932473913037, 0.015162839016304407, 0.01496169609782614, 0.015746313679347756, 0.6706819347826085, 0.0493993808043478]
                  , [0.019726582986857838, 0.7829714731182797, 0.007749287559139832, 0.0084419690083632, 0.008260981334528059, 0.01351028951015526, 0.007876363544802877, 0.01063313618996417, 0.009313169211469526, 0.01211726903225803, 0.006349761647550779, 0.010494023665471905, 0.008181096569892458, 0.008595843761051374, 0.012259761357228165, 0.03011629859020308, 0.016375923763440818, 0.014845068387096816, 0.0046741825352449255, 0.007507503203106319]
                  ]
distribution_weights <- [ 0.038112974735688476, 0.03330382700863348, 0.0327616003923958, 0.03255084093025395, 0.030060047286759324, 0.028747590636148696, 0.027529017745946713, 0.026032625564739557, 0.025969397726097004, 0.02467801702170056, 0.024409777706247294, 0.022756273925988942, 0.02243247075233464, 0.022344334977257137, 0.022177643402654035, 0.021735048532156145, 0.021593264893987992, 0.021566440962442663, 0.021300117642099776, 0.021169829974593903, 0.02055287954905139, 0.01914653913803212, 0.019010503485195104, 0.017343587739164088, 0.0169891286437437, 0.016653829499427116, 0.016609761611888367, 0.01589892742593721, 0.01585294354328808, 0.015799295680197424, 0.01501948567027257, 0.014360383352301685, 0.014084480056406896, 0.013959940374232165, 0.013166718398534647, 0.01289847908308138, 0.012612995811634688, 0.01169715014887282, 0.01161476235912646, 0.011436574813861075, 0.011170251493518189, 0.01093650009005177, 0.010721908637689157, 0.010150942094795773, 0.010120286173029687, 0.010030234402841804, 0.009988082510413433, 0.009840550886914136, 0.008953445150807975, 0.008702449791348132, 0.008598986055387586, 0.007441725008717778, 0.007213721590582501, 0.007073853947524726, 0.0069684742164538, 0.0059146769057445365, 0.00516743881269615, 0.004853215614593752, 0.004554320377374397, 0.004454688631634612, 0.004058077643785853, 0.003780258352780684, 0.00176271550155004, 0.0016036879073884603 ]
# The number of clusters.
n_clusters <- 64
# The base file name of this file (for reproducability).
fn_distributions = "dists_hssp_poisson_allsites_kmean_064clusters_rb"
