# This script is generated automatically.
# Vector of amino acid stationary distributions.
distributions <- [
                    [0.0965332916559977, 0.009053165539190857, 0.05382731066761682, 0.06403931376945932, 0.015561400584672305, 0.056521277382464936, 0.0394479225829228, 0.04595611290814899, 0.06011704413695922, 0.06281042514719126, 0.014846919506165245, 0.06019508760438113, 0.06105084451078687, 0.05843342859507849, 0.0560443600051282, 0.08611283068940472, 0.07402513479799812, 0.06358274191605069, 0.005030212246100596, 0.016811175754281607]
                  , [0.03776976341424978, 0.004655870710613801, 0.0039052741704450025, 0.006446692278406285, 0.05926031273977994, 0.005307060537861824, 0.005060077887076276, 0.18751653671974672, 0.007075776535755795, 0.3556166138804975, 0.08697948263143569, 0.005699611929123477, 0.00506598610061867, 0.009336064501547968, 0.007583118206212216, 0.01241459471615009, 0.031949108675569285, 0.1539668134515054, 0.003097277229671627, 0.011293963683732377]
                  , [0.07408710520941969, 0.001988830284686192, 0.23170658134108538, 0.21467311242085282, 0.0030288993190276114, 0.04935631120320011, 0.022047150586449012, 0.0055624876505185805, 0.06007996798182108, 0.009861088998322847, 0.0041756262391081074, 0.09045042667961664, 0.016030924303620644, 0.06377640116013998, 0.032549892516988546, 0.061038043827462335, 0.04261622818904709, 0.011452347396658883, 0.0011758004700170512, 0.0043427742219572865]
                  , [0.2807809115603472, 0.013079217774552645, 0.02283812841958206, 0.0258978898099256, 0.004689922416961862, 0.06490022889608897, 0.0064134997639838575, 0.019668585008690315, 0.022080670385254842, 0.02246765754498443, 0.006899669273336501, 0.03556899353183967, 0.03529878936916362, 0.020485937753403863, 0.01242712233457285, 0.21239781216521697, 0.13154366994496106, 0.05682920496733468, 0.0015368206170410618, 0.004195268462758079]
                  , [0.05459730611148011, 0.0029881705630926286, 0.029748105658728537, 0.06463262128191284, 0.004244444501796411, 0.02632310649122979, 0.03512521247010191, 0.009905179522246033, 0.24647084390283092, 0.031086054570795676, 0.007737838805952112, 0.047487524712828834, 0.007732474901743689, 0.09120774877399315, 0.2164365135145986, 0.04704615154919141, 0.0474993790619135, 0.022193120521543614, 0.001754836997049524, 0.0057833660869707005]
                  , [0.030939424894710132, 0.0028706571548475163, 0.0017006881674334951, 0.0028878073802653162, 0.016831332683574306, 0.0024710750485044232, 0.0019043096144748695, 0.359030553766808, 0.002957947467939236, 0.13620839750603472, 0.031689414830493444, 0.0026513685565481967, 0.0021729062489485567, 0.0031400681182077654, 0.0029197092908614633, 0.006095693654519401, 0.02485001581417653, 0.3651438052283678, 0.0008143154036369684, 0.0027205091696477545]
                  , [0.02441908750605326, 0.005132101676576077, 0.006053839204323515, 0.007349051691791348, 0.3152919379353001, 0.006774961651716094, 0.04614763662198762, 0.029772172517424856, 0.007810159538230115, 0.07476455628625228, 0.015919642986865525, 0.010895458511026575, 0.004801217725930258, 0.009748146480832321, 0.00888754449335023, 0.021901137277434472, 0.01357158931512202, 0.03038048522981266, 0.0474974038681551, 0.3128818694818158]
                  , [0.0987260984112222, 0.00348367923597712, 0.034834957206428645, 0.022907535568522215, 0.0032645283738765595, 0.6262172300469313, 0.006519125563402566, 0.004519943406868791, 0.020870541215561113, 0.007057614155892536, 0.003620961459470306, 0.03755480894615173, 0.0068534141889563345, 0.01616523991174305, 0.017559422306114875, 0.054069209453079754, 0.02049444382561018, 0.010467398370330405, 0.0014415556763851928, 0.0033722926774752394]
                  ]
distribution_weights <- [ 0.4216971118289706, 0.12488072930437881, 0.11710562114645483, 0.08828139070589092, 0.0800981755894559, 0.06724951237924441, 0.060896072593222744, 0.039791386452381776 ]
# The number of clusters.
n_clusters <- 8
# The base file name of this file (for reproducability).
fn_distributions = "dists_hssp_poisson_allsites_lclr_008clusters_rb"
