# This script is generated automatically.
# Vector of amino acid stationary distributions.
distributions <- [
                    [0.08402471024867945, 0.00262292251736414, 0.19050204299861867, 0.18698501166449863, 0.004245962003025176, 0.04744355381703697, 0.02152486315435734, 0.008292348853808404, 0.06899463518314554, 0.015243654076286218, 0.00600174244633821, 0.08740489443163194, 0.017210129041904304, 0.06904240252170164, 0.035656802291990135, 0.07743608508959843, 0.05240519274887838, 0.017174033969832605, 0.001576849574414016, 0.006212163366889901]
                  , [0.13060353460637325, 0.0105127093983912, 0.05462139540235038, 0.0631125795197427, 0.01674585130116621, 0.052434017887166284, 0.028525137645681705, 0.02654040638650835, 0.050970222697565536, 0.043435672426848475, 0.015889461618745188, 0.054874399442847964, 0.07549440073204275, 0.05094407550583044, 0.04547630842567742, 0.12154175242057018, 0.08716569478925465, 0.04689741212814123, 0.00642819833512847, 0.017786769329967374]
                  , [0.029325841534266848, 0.004596084704230246, 0.002618347576299457, 0.004594032807369709, 0.030337245700401527, 0.003933664735229933, 0.0034535397327825823, 0.2860170293214599, 0.004928132449709773, 0.27168737530537107, 0.05750740549533596, 0.004225706586318132, 0.0036552784420009815, 0.0062021944565099135, 0.005218876049100166, 0.00919020106820466, 0.02311252735384045, 0.24081637622167149, 0.001924587078545818, 0.006655553381351466]
                  , [0.06114884236310617, 0.00582000276014199, 0.029817908164826327, 0.06567844654926347, 0.009094838891090333, 0.025022648811044913, 0.038665815051995824, 0.019400128491986728, 0.1925250698162481, 0.038106686101582826, 0.01451213024323539, 0.04850852985959547, 0.012814984604289498, 0.10164591050410364, 0.18115646751995912, 0.05736024537014771, 0.05439850445774199, 0.0284365337489627, 0.003369002069782291, 0.01251730462089556]
                  , [0.07443199238798376, 0.009848878445871893, 0.013778661187053969, 0.02337676237670571, 0.03138862643315278, 0.01712010457000197, 0.01395932769185245, 0.15675333354837642, 0.025682633310524422, 0.18608891892750565, 0.052715299424467094, 0.018749755861919598, 0.015642265256139015, 0.026794213331090395, 0.025235069979830476, 0.04055229306833083, 0.06463947942930096, 0.18077129642385892, 0.0053696809685406105, 0.017101407377493254]
                  , [0.03215795437427875, 0.009256926180283816, 0.011459606607010897, 0.014160856112156376, 0.26910750503100284, 0.012950697056365233, 0.04424647479290214, 0.03092218203154347, 0.01537707847074496, 0.09028396704536706, 0.02196931092745382, 0.01957553797057934, 0.009080464217519521, 0.01898643033265541, 0.018245891347618188, 0.028339972774022944, 0.02453827478160715, 0.03514163288893206, 0.03292538177208891, 0.2612738552858671]
                  , [0.28437835636953107, 0.028064110784646455, 0.014875237568937523, 0.018888054855242455, 0.008454786652152832, 0.056976812181612414, 0.010393072663524168, 0.02134415036902575, 0.016630258844749758, 0.02489042168011239, 0.012526618339279767, 0.026158663531802007, 0.017520983640252386, 0.017404458438810402, 0.016344082376442023, 0.21903623033178535, 0.13583857941845848, 0.060497886761968954, 0.0025429832736859133, 0.007234251917979833]
                  , [0.12325969990863793, 0.006386880969346868, 0.045451398842392694, 0.03058500479643151, 0.006083967326462648, 0.46228533747904244, 0.013130608301211716, 0.008287810691505464, 0.02589470419565986, 0.013554228637974858, 0.0064843673894390726, 0.05077115690107136, 0.013568718696894135, 0.021805656806091457, 0.02204666760037749, 0.09009153930929528, 0.03419972768364625, 0.01691742233730898, 0.0026761646670432136, 0.006518937460166818]
                  ]
distribution_weights <- [ 0.18111710178915624, 0.16591942857361827, 0.14546618077030668, 0.13861075026536532, 0.11397296914098275, 0.09602201095182805, 0.08881786933679746, 0.07007368917194523 ]
# The number of clusters.
n_clusters <- 8
# The base file name of this file (for reproducability).
fn_distributions = "dists_hssp_poisson_allsites_clr_008clusters_rb"
