# This script is generated automatically.
# Vector of amino acid stationary distributions.
distributions <- [
                    [0.07513129093201795, 0.007738898135977557, 0.055672352458775845, 0.1010837850121293, 0.011585623462252372, 0.03420769464730948, 0.04255308477414724, 0.021950337847085367, 0.12667857123790804, 0.04105785049868359, 0.016863090083631644, 0.0579782580980978, 0.022772251094000544, 0.1078748606937251, 0.10279114438159323, 0.06332826306792305, 0.058366269214270926, 0.031559960755406034, 0.005175618396914461, 0.015630797043561063]
                  , [0.1328911528048862, 0.030117969465746512, 0.055992273134969656, 0.06222093570307855, 0.015906889824259935, 0.06539269544291576, 0.02818371764150716, 0.025462786127303218, 0.04761981472154705, 0.03987508727797751, 0.017343326008320448, 0.06152128229582197, 0.050485896584616025, 0.04841856676212404, 0.043425742099592886, 0.1234513080553904, 0.08457078588508854, 0.04357434392226291, 0.006576416043848785, 0.016969010571526288]
                  , [0.037400279022142, 0.007686696273828955, 0.003633731851605905, 0.006576300872073726, 0.017083845591449306, 0.005190000808158866, 0.003938548607493916, 0.3281303993005894, 0.00697216795358796, 0.12483843052368435, 0.031821072634657215, 0.005479189229190794, 0.005588978753305766, 0.006388741068625893, 0.006372969890342209, 0.011378284118289783, 0.031094596056287675, 0.3519375813945174, 0.0021561352515076047, 0.006332049089596035]
                  , [0.03855113768767211, 0.009549432861997999, 0.007815176127556826, 0.013093105690922612, 0.05521751341597905, 0.009826279771268029, 0.010096872873893511, 0.19302292633583373, 0.01574390779569928, 0.2783473468792206, 0.07771702497049249, 0.01070866932318134, 0.010960808267916847, 0.01747309070742694, 0.01654255848867231, 0.0200158701681918, 0.033003417439484976, 0.1544804821766686, 0.007003266701852962, 0.020831108723906037]
                  , [0.0755550631866799, 0.003836959965639099, 0.2017178903077365, 0.27944635206321317, 0.005101026551361194, 0.037415393986956126, 0.01907429594554124, 0.009321310581161812, 0.05779730746727704, 0.015880424562674453, 0.006895242779204912, 0.05216525917504086, 0.021565300295271483, 0.0688006233648314, 0.03038504772577459, 0.049968495769296434, 0.03741717741710768, 0.01833831752519737, 0.0021816057428898058, 0.007136903777750229]
                  , [0.05182053458494857, 0.005657029301993219, 0.24263965244518798, 0.09167793827576798, 0.007627317899863401, 0.06293659250511943, 0.034107116512491494, 0.010043789316552705, 0.048157335914061426, 0.014979716764778328, 0.0069665493793515144, 0.18643796172320773, 0.016607584534061408, 0.038278134252081895, 0.027019492648020633, 0.07829218183098971, 0.04521679705327649, 0.01533186949651874, 0.0031549899625017445, 0.013047413224744082]
                  , [0.021301427657625188, 0.01045990915631137, 0.00875515133135573, 0.009882289378717567, 0.31227727504662134, 0.009242551458571883, 0.04127121302680655, 0.024733366295401474, 0.010949534633856228, 0.06952290687115915, 0.01788177295698241, 0.0155192563234442, 0.007357854983330022, 0.013004512532210324, 0.012704679039379822, 0.020150786503602434, 0.01650453599219468, 0.02582173536748568, 0.036033539838631265, 0.3166257003468249]
                  , [0.04169418823436891, 0.007128477759711111, 0.018663953159939795, 0.04178923266092294, 0.007402029798770159, 0.021885774236370725, 0.03027795831201516, 0.014966537837021461, 0.2662890860100816, 0.028833233289100264, 0.012853347806706448, 0.03798458098988308, 0.013426658854431006, 0.07348005907303443, 0.2720282974539734, 0.03930026871518969, 0.03745095343366821, 0.0201815477490443, 0.004077530485689808, 0.010286284076931499]
                  , [0.12234881156659472, 0.022466255569622076, 0.01515332010892742, 0.026993779243160446, 0.022390232393664448, 0.021706941615370998, 0.013854595691720678, 0.12176467344456451, 0.0275022269789057, 0.09334987725557958, 0.03657469717260616, 0.02092942151778264, 0.02141663427591783, 0.025689700343628465, 0.026028945681965468, 0.05217769882685386, 0.09778962203167749, 0.21093608779733544, 0.0055787535173866185, 0.015347727822894223]
                  , [0.39364331488952076, 0.024416313064887632, 0.017802791056663797, 0.02425267541848311, 0.007665354356526932, 0.07904736732088535, 0.009071223283874465, 0.017822111831785066, 0.01797745873518617, 0.02117082412450509, 0.010519486863614567, 0.01903373431255785, 0.022774093055960683, 0.017996345084088868, 0.016627123117916878, 0.16063903371294244, 0.07145814213146305, 0.05858514408749406, 0.002589830373840661, 0.006907630503201336]
                  , [0.022553768269375607, 0.006693689255863867, 0.0044615111712409256, 0.0069011755287700025, 0.06705292859863682, 0.005614565541953734, 0.006879711236155061, 0.12203614211761196, 0.00838396511593642, 0.4856381398830566, 0.0965059028479385, 0.006323264958102197, 0.0065732771150422385, 0.012727545631112225, 0.01002315239596279, 0.011934937044132198, 0.017311664065770213, 0.08009491321757102, 0.006337545265725644, 0.015952204376075408]
                  , [0.04810463489817499, 0.01719305476063288, 0.023345663992911558, 0.027342106870682316, 0.11809676009751748, 0.023924612232513354, 0.08470347286935026, 0.04035226245084999, 0.030878690775436604, 0.09485832955933267, 0.030239153137894555, 0.038135707429584075, 0.018398362023693875, 0.03705047823137773, 0.03846721752510375, 0.04436072332321629, 0.037622025471919666, 0.045212243989778314, 0.0766235702105427, 0.125090931956215]
                  , [0.10817738359038703, 0.01786545067650447, 0.028655170603363787, 0.026249133304661006, 0.009348291717293282, 0.037917629281844126, 0.014351322030462245, 0.019925914458815266, 0.030707949448857273, 0.021741034655780797, 0.012579734093778128, 0.057985343129062644, 0.022070364520210207, 0.02362675059015178, 0.023247463408946657, 0.25820474133767257, 0.2388623498561164, 0.03573502285768597, 0.003578132319010465, 0.00917081573136783]
                  , [0.12949754171036762, 0.011815731218431155, 0.05788267286204058, 0.041081675640702156, 0.009279071254690137, 0.35397659407569815, 0.018325179897037854, 0.010975916567581179, 0.03524831845282513, 0.01817956338793221, 0.00858992348025241, 0.06072356764037297, 0.020674980980855705, 0.028513696093198017, 0.03127892271969283, 0.09054180598628633, 0.03743870183598469, 0.021155898119582975, 0.0048801001219418525, 0.009940137084256763]
                  , [0.11759581214810808, 0.0062216254347674015, 0.03197086838509292, 0.04265292123915404, 0.009266899088756376, 0.029828094568811803, 0.015242277096951076, 0.01680061935496486, 0.03531558932194509, 0.03072203998342951, 0.009692725916064189, 0.022081741139190106, 0.40707402916365526, 0.032673131075259175, 0.029130114256387143, 0.07365792582550013, 0.045563215328994947, 0.03192917645155461, 0.003992341711249704, 0.00858884879324542]
                  , [0.07496261971468286, 0.0052028580248365125, 0.027967651168819357, 0.01662840368312641, 0.0035914760190485367, 0.701005681736427, 0.007554625387835273, 0.004620542667102628, 0.014851658706425803, 0.007258744854234639, 0.0036965477198331563, 0.030545159096876932, 0.007393015334041776, 0.011167877953073748, 0.013110853584369024, 0.04075182335595153, 0.014552643418492668, 0.009472690265615105, 0.0018607579743214388, 0.0038043645147155143]
                  ]
distribution_weights <- [ 0.12955192538348642, 0.12893114296772315, 0.08013074750633237, 0.0766244764543361, 0.07637348109487625, 0.05615398469503106, 0.054259065530864764, 0.053599963212893884, 0.053218680185928166, 0.05176060790692862, 0.05144063672349508, 0.048934515119117415, 0.04885979130981258, 0.03492859086223612, 0.03179593885676404, 0.023436452190174012 ]
# The number of clusters.
n_clusters <- 16
# The base file name of this file (for reproducability).
fn_distributions = "dists_hssp_poisson_allsites_kmean_016clusters_rb"
