# This script is generated automatically.
# Vector of amino acid stationary distributions.
distributions <- [
                    [0.08478242643112052, 0.004879438473529877, 0.13722073119645806, 0.22913318141051425, 0.008469406440741673, 0.035452667969901416, 0.021892539424248868, 0.015906649857989272, 0.07021474185040258, 0.025756963890685162, 0.010699682808940065, 0.050531531957831936, 0.029032400873102795, 0.07925265032196864, 0.042130055083016975, 0.0624242836948272, 0.050491815954312486, 0.028100837245778252, 0.0033844916611223577, 0.010243503453507124]
                  , [0.11395214142888661, 0.008548827484753555, 0.0446576913551033, 0.057896103042641214, 0.014588009789754159, 0.03967878413998537, 0.021602085203644976, 0.022476438155965714, 0.042821717135568906, 0.03844824586435684, 0.013527435922668666, 0.03445387625560523, 0.2690732327116471, 0.041337380158249656, 0.03571296964710482, 0.08409950547285705, 0.05671356368473953, 0.04000567026547553, 0.005721463205024015, 0.014684859075967638]
                  , [0.13470386464866296, 0.02141819154523561, 0.03997338402001001, 0.03970465116153078, 0.012725387854288794, 0.055717384395270825, 0.022682214028005965, 0.01854476625502273, 0.03893064954313257, 0.028603116753629584, 0.012647768048506697, 0.06321908147215201, 0.037895487267428064, 0.034071057396116, 0.03315986546645785, 0.22400144040113287, 0.12885972057245254, 0.03388171065175939, 0.004794511599047083, 0.014465746920157528]
                  , [0.06780252527007422, 0.011544997884934757, 0.12510647207741057, 0.08379455301016098, 0.015040154693227547, 0.06144436999851689, 0.04443229392593385, 0.01864157275896939, 0.05912307004575936, 0.03012667133369984, 0.012527906490552012, 0.14282184648741472, 0.022825066401699325, 0.05215625610700144, 0.0486981933839924, 0.09087281068201998, 0.059939876286690466, 0.02760301877787312, 0.005930579172303946, 0.019567765211765432]
                  , [0.11242462261320962, 0.01447086824598242, 0.04128196221837403, 0.05351071930975786, 0.024495420126238728, 0.04375415775221242, 0.023435033945304738, 0.05506671289044289, 0.051189750258292636, 0.0698901140338842, 0.0244770667248381, 0.04712782503415554, 0.03588596113054089, 0.0423883628718644, 0.04470646049237306, 0.1016384155980237, 0.10692935951578085, 0.0780140295085462, 0.00760135697578252, 0.021711800754395032]
                  , [0.07922207197376888, 0.01005540508476163, 0.06101863749804243, 0.11516899338258657, 0.01502658720332671, 0.03369504955170794, 0.04038612761240952, 0.025383731513975633, 0.09053573946416438, 0.05309460284856338, 0.0203024766463629, 0.05038149061565052, 0.022278847213209916, 0.12924352342684967, 0.07082199804850645, 0.06708091685042947, 0.05641566410784514, 0.03765709482850637, 0.0051424050846117855, 0.01708863704472096]
                  , [0.05434106754856236, 0.010470681848532379, 0.03558239646838556, 0.06982382616959867, 0.010246841029626353, 0.025554583416030098, 0.03621346914830796, 0.020416093500772916, 0.20169056465591262, 0.036781712257000575, 0.013019517795145293, 0.052720836592645134, 0.01589590938994295, 0.0880269899535672, 0.17974398132704547, 0.058751039927503856, 0.049549753094097135, 0.02532941360985619, 0.0024972344959499084, 0.013344087771517249]
                  , [0.03000549483752317, 0.00864903127273541, 0.008194720502707746, 0.013938297644110012, 0.06465368986352628, 0.00863707843613957, 0.01171484703397735, 0.13573808940997695, 0.018249135656313187, 0.39610987055315083, 0.08589406336211447, 0.01159034969894204, 0.008747148021621, 0.01878527492441413, 0.016812215232191778, 0.01950236213852719, 0.024734428485689495, 0.0913792541024161, 0.004572202693531965, 0.022092446130391383]
                  , [0.29735973644636604, 0.019514665753654768, 0.0326753511470443, 0.04720849240216235, 0.010283186484228718, 0.07394187372425827, 0.015235368548756833, 0.02616488594135538, 0.031458610162017314, 0.03399937281326082, 0.014270004163811275, 0.026166867272697056, 0.02965908493404289, 0.03223725797202474, 0.031217262350615258, 0.12610834379670316, 0.07472918095652545, 0.06560760712796465, 0.0032658058286705554, 0.008897042173840358]
                  , [0.11381336084985524, 0.014795735306451775, 0.06860594084374388, 0.06854049015356377, 0.01810865937035898, 0.1628323465538956, 0.025150978659818444, 0.023739320256899538, 0.05122695134341411, 0.037989283189144844, 0.015112066152645879, 0.06001970231538804, 0.03276493752626707, 0.04199764283902557, 0.043340517502844574, 0.10050148747494858, 0.057122772339287996, 0.037325338229667895, 0.007623120931792422, 0.01938934816098561]
                  , [0.06839658837608868, 0.012100753081942386, 0.052307280727828906, 0.05515436686229268, 0.044987219819670445, 0.038070881761723435, 0.13223739242434457, 0.024407533273632886, 0.05223793464601366, 0.04865150348732158, 0.01730337857772086, 0.06826219638508749, 0.023422921065656816, 0.05981122273179377, 0.05764445654144999, 0.06938746321936362, 0.05254399782291953, 0.03625984688729685, 0.0118669990359639, 0.0749460632718879]
                  , [0.03862888583018714, 0.009907556274038993, 0.0074367417250055575, 0.012544282708802909, 0.03197744176134269, 0.008462287515270468, 0.00847179542864533, 0.2699048040707634, 0.014169777794069057, 0.1833654410296352, 0.039418652140329774, 0.009622888861734062, 0.008921524717079238, 0.011832680517228506, 0.012682607986734321, 0.018081425686226164, 0.03703256718662269, 0.2587234214192997, 0.0033099682032482402, 0.015505249143736586]
                  , [0.05509698312893244, 0.012750592964275905, 0.016737904685937367, 0.02383839970389577, 0.06809220527952439, 0.021786283477692334, 0.019851985872032487, 0.10573732939501514, 0.023629143440916142, 0.2511679648145301, 0.05588020672966884, 0.019256604196289964, 0.025082204619972737, 0.02969544315770036, 0.030287449614852534, 0.040196300872506224, 0.044347753205145654, 0.10873220443081942, 0.016300850910040018, 0.031532189500252154]
                  , [0.035564090235833505, 0.00957241609274594, 0.011618811064128444, 0.015337866993769142, 0.24466405964549168, 0.013879468736625739, 0.03150112756593726, 0.054662346996444254, 0.016194122847080654, 0.13462799829032204, 0.03555183379762705, 0.01728859080765601, 0.011338537980294189, 0.01857388968072056, 0.018809748070744113, 0.026972094861354975, 0.027752161898546117, 0.05306829053532341, 0.041030460110148124, 0.18199208378920675]
                  , [0.06913401897830662, 0.015351746726272417, 0.018624017192235897, 0.028530251396246747, 0.02807333385531542, 0.02086891933040438, 0.016976894071764868, 0.1702333666929374, 0.03117320893131147, 0.1370969411878853, 0.03678940194538655, 0.0240482981048046, 0.019292855361665806, 0.026992508396781783, 0.027241737350795384, 0.04517535157245422, 0.06539432439453519, 0.19485656699518153, 0.0055691648842463035, 0.018577092631468183]
                  , [0.06236507240054414, 0.018309715796322828, 0.029632515370384447, 0.05083207346414159, 0.014701753890357046, 0.03684556606764723, 0.037078486361455804, 0.021047267833976674, 0.13180897827403276, 0.04639597680344677, 0.015476360744130035, 0.038539907543605194, 0.02741333177302162, 0.08174871383095515, 0.2136218248608881, 0.06176901636925458, 0.05120986157637747, 0.03139779685068233, 0.012194784452808227, 0.017610995735968013]
                  , [0.07168596208636657, 0.00414393428917688, 0.045328818371890185, 0.07554575167114864, 0.015033254093141478, 0.036611945478835145, 0.03342823318275255, 0.022743984718817174, 0.15259655081897425, 0.04046742692035237, 0.016269281033223736, 0.0475639690944517, 0.027238009969930095, 0.07529505527904971, 0.153150496439006, 0.06276432683058202, 0.05884494453966832, 0.03419491042353229, 0.007248992733668011, 0.01984415202543297]
                  , [0.06040906390579824, 0.002188495996322171, 0.24451283200630594, 0.14229976175439724, 0.0067252093744315945, 0.06507334636042642, 0.024285752140004824, 0.00992277721546758, 0.05392934445304602, 0.015459129881349475, 0.006608362714338944, 0.12078222435103486, 0.02400082828439603, 0.04312805695420373, 0.029523929879944986, 0.07608403129421809, 0.04460359800696098, 0.017299254515655955, 0.003183014981762701, 0.009980985929934365]
                  , [0.10306505999058511, 0.009698489593068918, 0.1268327604463684, 0.113198405407329, 0.004907795524524183, 0.07362014978510213, 0.025623495464732627, 0.01054204376164954, 0.05668367424331208, 0.01760675339837731, 0.00755409645644817, 0.09569326404848821, 0.0289937612391062, 0.058651230688546364, 0.03436974424863991, 0.12950205286679542, 0.07486764919414582, 0.01951706639635422, 0.0019674826469208914, 0.007105024599505318]
                  , [0.039023465429370914, 0.01678949042619125, 0.017322299883104006, 0.021038280273565732, 0.20429963900308087, 0.01813209146257115, 0.065153500920395, 0.023219771981822894, 0.022816659931346486, 0.06534711005332237, 0.016188194687343668, 0.02442065809267591, 0.013758338511125569, 0.027136338484052377, 0.029951480675233254, 0.03548011524524946, 0.027978961406953485, 0.030612460328704173, 0.05295972731958779, 0.2483714158843038]
                  , [0.07861467048295115, 0.0045213770780049315, 0.09259613169893739, 0.14560568426142956, 0.0055097373739719305, 0.03298023786818066, 0.03345802682952688, 0.013885579515175654, 0.11859146936347524, 0.023762135972649347, 0.008948143866130152, 0.07805098559601793, 0.017344595851383437, 0.10269626457519998, 0.07137193353013903, 0.08151479362411776, 0.060004180571005865, 0.02071428998542156, 0.0007664592825150018, 0.009063302673766505]
                  , [0.04775103063467516, 0.00796495883336931, 0.28557744871981516, 0.21922827914682227, 0.010313627632777184, 0.04880931860178171, 0.017065911507739975, 0.013160486375388747, 0.03963018496477746, 0.020401463955413035, 0.009096509502225557, 0.08139041075689932, 0.016603276442215643, 0.0391129202190218, 0.019187165473846118, 0.0528541069862269, 0.03474972394535971, 0.020779801113096654, 0.003537309717923969, 0.012786065470624311]
                  , [0.12802280168882968, 0.016790045896193897, 0.046501207216831694, 0.037006818252131514, 0.008503731316012158, 0.3680490684786044, 0.01732452591858955, 0.011145571926443347, 0.0341735885437733, 0.018033131240082864, 0.008256627349329712, 0.05896864665866721, 0.01654619331347634, 0.027805010101315638, 0.02683620713539566, 0.10457371812288857, 0.039921134382685367, 0.020456726271989415, 0.002489429207678214, 0.008595816979081492]
                  , [0.10175275172069721, 0.011016432760134228, 0.03198438924940486, 0.044815212192844074, 0.009921258256475992, 0.02995385959780332, 0.0220305982508473, 0.028210701340754946, 0.058511515086383324, 0.0338065658735614, 0.017950779315929827, 0.0576625781055627, 0.016957786541259512, 0.046942658326623636, 0.04268829284487152, 0.175835056612191, 0.208380455194387, 0.0482719879179474, 0.002885701454284164, 0.010421419358036534]
                  , [0.026824241179284156, 0.008024920598110157, 0.0029299564447917295, 0.006588708482875308, 0.036519777879341055, 0.003794453390443484, 0.005096879752338351, 0.24516681849733654, 0.008236719056444504, 0.3310546516999025, 0.07401015199656547, 0.004733256256477583, 0.0038287053306202824, 0.00910992151671726, 0.009484081028516174, 0.009557568205280939, 0.022721180145842037, 0.18007838353557076, 0.0037559337251235336, 0.008483691278418071]
                  , [0.06399901716489467, 0.003535099701174438, 0.013376255912790886, 0.00874972031403966, 0.002143521311820161, 0.8027420322232685, 0.0037503613788753454, 0.0031347965404996503, 0.008137812187231138, 0.0047733312912539745, 0.0026144649880901804, 0.016477485794198294, 0.003984617466937894, 0.0065314179901249, 0.006282061534084912, 0.02975681950147512, 0.010258731770182708, 0.006721627798844028, 0.0008418407597159685, 0.0021889843704976084]
                  , [0.1334545189037213, 0.002869837489989139, 0.015105182526896473, 0.021840124709013017, 0.0047894227268711915, 0.01859604828532078, 0.007476784976945159, 0.009518328585393832, 0.0159923894799562, 0.018045975481874383, 0.00546121471288349, 0.011046438365717623, 0.5849790383861724, 0.017012091779844345, 0.01363979468740253, 0.06118474701145643, 0.030781913674790967, 0.02281159208118538, 0.0017056160387916076, 0.003688940095774157]
                  , [0.045507661664635844, 0.0017982982567825833, 0.3132130808254874, 0.3752717348824606, 0.0025238518160919515, 0.021215581233047086, 0.00822241369047582, 0.005480790972961356, 0.026893232095297277, 0.00911446840010581, 0.0034650868283697006, 0.04205264303914627, 0.014870184945665835, 0.04580971933495095, 0.007699571539136784, 0.03430070739709103, 0.026839744104989405, 0.011562670321336926, 0.0010583178072382459, 0.003100240844729328]
                  , [0.04869901641389563, 0.005502328300030823, 0.2077938119673645, 0.26359486268206717, 0.004795029137248014, 0.04242942517290294, 0.030128471652037386, 0.006405307400734723, 0.07085513239190759, 0.015252976324077128, 0.006360334185919471, 0.06849777938328214, 0.01361272310117573, 0.07614787220908, 0.04238589753841434, 0.04486760154996049, 0.02916325976875002, 0.012117821516144543, 0.002330482968532031, 0.009059866336475174]
                  , [0.11716946605567063, 0.003381237651923405, 0.041957872426356166, 0.07281897633135194, 0.006773920048886797, 0.027296514578291162, 0.018823621120584933, 0.015572426914918601, 0.0817915778183762, 0.026814874416776723, 0.00826967615589462, 0.03021962564196111, 0.2655444781436746, 0.05616089624090889, 0.05301599693371637, 0.08087802563169381, 0.05372954272685151, 0.02942767952017394, 0.002451083418238574, 0.007902508223749962]
                  , [0.3251358817160073, 0.04834745255711886, 0.01284709942099275, 0.015482581590400826, 0.00865398742669421, 0.0781672619441328, 0.010885704832408766, 0.013193784546658064, 0.014150942298695731, 0.018918841003414764, 0.008916446599567614, 0.02592608580591859, 0.017832385060923363, 0.014729960888196584, 0.014774827146255198, 0.2427708762699636, 0.08132476162693235, 0.03683343853171061, 0.002748147676396915, 0.008359533057611118]
                  , [0.10141170327602599, 0.007404279021944129, 0.0398220020905133, 0.03046018363188196, 0.007991745072224934, 0.522937319804635, 0.01479695885362964, 0.008695913776943487, 0.020782696548878224, 0.015340149767203728, 0.00668874123965546, 0.031911134206313446, 0.017865209905951484, 0.018895273730779743, 0.02940168366252361, 0.06478441232361701, 0.028246589300540696, 0.018827022812027677, 0.005778475547903948, 0.007958505426806674]
                  , [0.09429333395459329, 0.0008023067952514831, 0.12091736766921228, 0.1631047462595179, 0.0030324205910023374, 0.03854042329068606, 0.020723136204152826, 0.006469558703114827, 0.11432322817250297, 0.014115915613018792, 0.00552412843991095, 0.07440027230087816, 0.032413546546186146, 0.09269334733122866, 0.0536361775366371, 0.08154001813997361, 0.06221252194178566, 0.015239171431574333, 0.0008010292792190394, 0.005217349799553736]
                  , [0.09141651197799475, 0.003071262558459258, 0.0811433230350891, 0.06011417637971179, 0.013906701941623419, 0.05773725967601497, 0.01953087522315226, 0.022969543300082305, 0.060375695079206204, 0.029346250487992054, 0.011806467177620935, 0.11712619933722154, 0.02941778490735552, 0.04273300854524496, 0.035354279517041766, 0.15512002478090436, 0.10781640111243677, 0.03443579204102192, 0.005772526233233699, 0.02080591668859221]
                  , [0.05941609563133783, 0.0030349995381049304, 0.07868475977417705, 0.04056899542043482, 0.003586468608697271, 0.5588392339195699, 0.011177603233911702, 0.005132250630085155, 0.02928090147551048, 0.008575092434852811, 0.004080953994865136, 0.07094397111782114, 0.008016491423403608, 0.020009296333642082, 0.017426267701221985, 0.04819592713178707, 0.018450300355976067, 0.009232926104439761, 0.001438325184837962, 0.003909139985323384]
                  , [0.1799027074366123, 0.010217301696390535, 0.08317051661544007, 0.09554614588069926, 0.009029223498784, 0.07828780333223587, 0.03459150808213595, 0.012294746916882374, 0.029529551871189254, 0.03163339613931197, 0.008930929097277218, 0.031092544994545755, 0.0430020240671693, 0.06468652355791961, 0.07820658861271988, 0.09165866477251666, 0.06614884365952123, 0.036636969748694105, 0.006260871729951318, 0.009173138290003307]
                  , [0.14061574019624296, 0.003124065028507769, 0.21465994571676297, 0.21748681201309983, 0.0034123879218006243, 0.07048232859767795, 0.019716439310532314, 0.005280498139339958, 0.0248199136307886, 0.01350813365252885, 0.004669894747025321, 0.03617159523194842, 0.027369893912095516, 0.05847173634178241, 0.04142180009442464, 0.05756063624385584, 0.039977130016225444, 0.016537246073186542, 0.0016898722955957961, 0.0030239308365783753]
                  , [0.24701078173028196, 0.002743227782643824, 0.035460564134890404, 0.03814122185349944, 0.010888055952727481, 0.06563767096821176, 0.009455018870101488, 0.026479030259759402, 0.036983264612201444, 0.02903253810178865, 0.01138925927124822, 0.038280869958028076, 0.04004622612490238, 0.02631231923621426, 0.02207069547747937, 0.157607254128175, 0.12294606652505477, 0.06558794959165301, 0.004202504856446526, 0.009725480564692347]
                  , [0.12661428623007037, 0.12474199714273733, 0.026229638907776354, 0.031898976464974624, 0.024803763158497017, 0.04606304472661689, 0.02677599110812686, 0.03873620909628146, 0.034371615788670186, 0.055443360684318675, 0.021802981954427467, 0.04398592545598822, 0.024063516545928296, 0.03501596440991713, 0.038225213343212286, 0.11914948773314038, 0.08255825850870897, 0.06704122357445795, 0.008337550919562548, 0.024140994246586986]
                  , [0.02152714497664799, 0.0019269613809777782, 0.009906084065669729, 0.010741207294343663, 0.2767849908979058, 0.009555374423240162, 0.04712938877382815, 0.013547425832431532, 0.011684200592015116, 0.03918690829782864, 0.009924508606424218, 0.018772723244653254, 0.00662769147244923, 0.014479299262036428, 0.012867771527253035, 0.018475777435900988, 0.016594169393947925, 0.017756493036434028, 0.04116725229008854, 0.4013446271959239]
                  , [0.054786917646026015, 0.0007915358222182942, 0.09176422576557906, 0.11622200611272447, 0.007978110281658839, 0.04041105764363285, 0.036073336168657794, 0.014090003524279025, 0.13794430474542713, 0.02368677086072122, 0.01034212889367256, 0.10471283188556865, 0.013576161027835367, 0.09038528473384803, 0.07677654312421942, 0.07683651371189136, 0.061858499553297, 0.020645617068260864, 0.0030651082709202975, 0.018053043159561834]
                  , [0.09505467113325754, 0.016017208757327435, 0.007621161769604902, 0.01653844598369633, 0.011437343104617255, 0.01030913946894013, 0.007507279465191576, 0.20479221368468367, 0.015492935166169215, 0.09763478776968239, 0.028472800359917373, 0.01098298027537002, 0.009116944867748372, 0.0156975238997081, 0.014769585728056171, 0.03440787915502157, 0.0791780166360857, 0.31703366977563496, 0.0017352334162767666, 0.006200179583010396]
                  , [0.016145917328893512, 0.013311156017665887, 0.004005844574928089, 0.0052089091660634905, 0.3974146147742174, 0.005257511631198355, 0.020101349822319453, 0.022093278786865206, 0.0056011495100250115, 0.08323579178860123, 0.02113356967679197, 0.00741089481921597, 0.003032078667557523, 0.007267526902132355, 0.0065908965700401416, 0.01247086677370768, 0.011158532850289372, 0.023140642093990346, 0.0366479979902233, 0.2987714702552735]
                  , [0.036360351984062914, 0.014076138802697306, 0.003410555034352758, 0.0064826635227758014, 0.007635309694721305, 0.0049604613835043465, 0.004011287818306199, 0.31904083459944416, 0.00646095986908745, 0.13165207902808193, 0.03431070538770587, 0.004760353442266859, 0.004073831199321906, 0.0072090089300670705, 0.006735346305248364, 0.010971525473438002, 0.029323478146634482, 0.36182171274779074, 0.002799929275621771, 0.0039034673548708826]
                  , [0.043159595088670774, 0.001697968990950573, 0.026910789206933333, 0.07599093127022709, 0.004810643488750392, 0.018377055438882076, 0.03428287691742401, 0.009396506200500261, 0.2591544274140248, 0.02280523504341739, 0.00786065871387068, 0.038168570519931506, 0.016596688917728083, 0.1340124073460729, 0.20773720492734543, 0.03863529761228496, 0.03700676298138492, 0.014402578745285546, 0.0022478405850082923, 0.006745960591306997]
                  , [0.27374368550611256, 0.01714142111243881, 0.012248270813918235, 0.018490269145218577, 0.011067179327119274, 0.03303077521558827, 0.009130880721173566, 0.07816399948447356, 0.013458004910294074, 0.050557831208454085, 0.01859473848697183, 0.013079711312786584, 0.02154925633551596, 0.014612163621262263, 0.015199489364592613, 0.0703208202650044, 0.09240736830163021, 0.22637900219818008, 0.0031637900956918382, 0.007661342573573128]
                  , [0.04671664685451093, 0.0018675722918971615, 0.014112901297960228, 0.02011967450625495, 0.053877811831036924, 0.015999128923299515, 0.01175750391653317, 0.1485461076436141, 0.02450369321050702, 0.27384217351708895, 0.06195768307331316, 0.019227568029994774, 0.014027300422685678, 0.024225248748736116, 0.022841705746212353, 0.03126083245056118, 0.04836309470261101, 0.1302895764222174, 0.007412897167377095, 0.02905087924358826]
                  , [0.05572295747560662, 0.015297194758504284, 0.002435020355457217, 0.004960256601983094, 0.025924601295593756, 0.00561643244342216, 0.003270362518406814, 0.28484325950958317, 0.00583165849034167, 0.15190460059167368, 0.03651333828723898, 0.004408187323667765, 0.00480721291259406, 0.005641199340503405, 0.004570505938868513, 0.015480253270407375, 0.038936067235707264, 0.32648293214151913, 0.0007986131207022545, 0.006555346388218925]
                  , [0.2819361542736414, 0.013062196971609975, 0.024418871537275653, 0.0280735377055691, 0.004059909811171998, 0.10049400217086135, 0.011183736071940863, 0.008471461047365089, 0.02094705221645802, 0.013848202799872714, 0.00776233862047892, 0.04105944007311675, 0.014340070433611973, 0.02629755740722112, 0.01643281245058656, 0.26057508911904304, 0.09633004842951477, 0.02519679932105338, 0.0014395759478198784, 0.004071143591787419]
                  , [0.07400776896437472, 0.0036598386864811804, 0.008466710173379662, 0.011767341025121357, 0.019254329504199877, 0.012669915859436044, 0.005649744670833231, 0.22912126118577814, 0.011479218830896974, 0.12369228014314419, 0.03901298365935493, 0.011254105526302934, 0.01958528931414371, 0.012099292749892004, 0.010666108269784398, 0.027886706031244497, 0.05809918960783296, 0.30887759305467755, 0.004048940449842458, 0.008701382293279367]
                  , [0.03383260799693432, 0.005783370008618345, 0.0024730289792407253, 0.0034730204867850587, 0.020093100119381785, 0.004633296616180933, 0.0034856122523463946, 0.28849347739818837, 0.0024173413076806305, 0.22640256577095194, 0.05024787897779171, 0.003413786171543804, 0.008735325238047504, 0.00452304545514365, 0.005955617057891058, 0.008706139289790514, 0.023145204050247312, 0.3002603514862153, 0.0015873801762815766, 0.0023378511607391366]
                  , [0.14919167428541083, 0.005120758015515038, 0.04340433684185799, 0.11502833337001053, 0.003174717596855173, 0.03767820804117531, 0.023340499576018452, 0.009765480386606969, 0.11866624575447965, 0.027162961485942883, 0.00819445832195165, 0.025486684367350194, 0.014151112147231302, 0.10349643877780432, 0.14863051098202523, 0.07041876681450575, 0.0632001319543773, 0.028106651332316504, 0.002191130256252843, 0.003590899692312213]
                  , [0.08319131722720735, 0.015551040108746084, 0.01167662997334399, 0.0115468074380753, 0.004974704714126709, 0.021114043208685967, 0.007578348581206827, 0.008787356346441153, 0.011110183265742027, 0.011115258712849406, 0.00701646348240558, 0.02785755905651518, 0.009984215151808213, 0.010597468165884428, 0.01124240146389005, 0.3699443628976592, 0.3520549797092657, 0.01864316793986416, 0.0016865207142369534, 0.004327171842045584]
                  , [0.03996703828551526, 0.004132532436800246, 0.39641515927329973, 0.12578789961268627, 0.002851114100016978, 0.05480508437214307, 0.022048454662703665, 0.004282423614564178, 0.023572498298608826, 0.007688785295337194, 0.0034756810875086796, 0.16387731919823387, 0.008023894038976066, 0.02842534228720167, 0.014581605982606237, 0.05908819473445268, 0.027969188165175293, 0.008170841834831008, 0.0013166158340901265, 0.0035203268852490545]
                  , [0.14358557656700058, 0.015473971851416067, 0.015180723438269147, 0.021090688532549345, 0.010456861250230752, 0.02566912525860957, 0.013180239558983484, 0.058994088712661194, 0.02333574390337188, 0.04478058833317048, 0.03000667764679868, 0.037490130432833044, 0.015198444624482547, 0.0234898660359087, 0.01937356080466235, 0.1534172299022997, 0.23244302530520952, 0.1053538524234213, 0.0027487376276089637, 0.0087308677905127]
                  , [0.054844450245877585, 0.0017052573440847565, 0.2501512992578321, 0.3081466390310051, 0.0019852248328674207, 0.026699995870211678, 0.01782541518842405, 0.004592914367620115, 0.05769399641868074, 0.008920099877790457, 0.003680657666531282, 0.0722922890348105, 0.004413958758129884, 0.07217953371614236, 0.0228543297630858, 0.04749618580555743, 0.029434808554595304, 0.009519882397493079, 0.00045671117297746666, 0.005106350696282792]
                  , [0.028283222381848345, 0.015661280455829037, 0.0037476136749641674, 0.005987439618475687, 0.1895044753576116, 0.006562965723456351, 0.01220526492045436, 0.10901937146154221, 0.0064375613692000165, 0.3111266487146393, 0.0771605607224076, 0.007184357197430839, 0.004841175723422022, 0.009420455473727591, 0.007699029097081479, 0.014024913090625962, 0.01887034261832974, 0.08445016337262552, 0.01957896418850162, 0.0682341948378266]
                  , [0.03314848940663841, 0.0006204956776134185, 0.0039119678868947535, 0.006753802244628177, 0.024027005724540165, 0.005013443333703012, 0.0027036896899740163, 0.3174052433859261, 0.008348219021047664, 0.17425033644417887, 0.04144058733154606, 0.0064921726100223755, 0.003276472015973346, 0.006644733807696058, 0.006063629495809499, 0.012606899736672426, 0.03989556673081638, 0.2953481343495656, 0.00262722818364266, 0.00942188292311103]
                  , [0.025943813536033082, 0.0009659950567563535, 0.0027715133606718836, 0.00474577262151529, 0.05758901386329708, 0.0040142985206597795, 0.0035952427951003534, 0.23143702779678582, 0.004480689526169244, 0.3366440834670843, 0.06694601771491682, 0.0034261440743345853, 0.008440071228943748, 0.007105029184118008, 0.004907088763262777, 0.007486793611271563, 0.020909006250062475, 0.19011669730857428, 0.00543779463093587, 0.013037906689506877]
                  , [0.07465639162287106, 0.00842947079694033, 0.023791038942546347, 0.045273347148517364, 0.024308180466443865, 0.021974088476261085, 0.024205464912065273, 0.053680474601958114, 0.049060992815346705, 0.18618717551564473, 0.11862665258979116, 0.03498734691973569, 0.014146587721397978, 0.08564252577132522, 0.04232992353902025, 0.05247947002235091, 0.0613108158470695, 0.057023850561551084, 0.005375151169548174, 0.016511050559615128]
                  , [0.12916197569193502, 0.0011717380721512237, 0.03132255608423204, 0.01970190013537411, 0.004606021954296035, 0.539680342576092, 0.007587921118113812, 0.00701155160964964, 0.020207816016159414, 0.010343936053107352, 0.004548450690134575, 0.038004018345348, 0.015399258885582929, 0.017160502834178176, 0.017290476122944452, 0.08472655294559957, 0.029383850637957943, 0.014344809653329047, 0.002752746327357847, 0.005593574246456782]
                  , [0.018060499507794738, 0.005660310385967678, 0.0010041110228492917, 0.002011813334668229, 0.012104081407685659, 0.001457920942058521, 0.0014393864699083403, 0.41513807135745445, 0.001909213211882939, 0.1326131899627877, 0.0258575108092983, 0.0018735981947347353, 0.0009878730604176704, 0.0019356326161531154, 0.0018667715364722383, 0.0037112567582454447, 0.015453884989251562, 0.35377170183688694, 0.0002844336062576929, 0.0028587389892247815]
                  , [0.02803258860264754, 0.00846936994884421, 0.0095126868723332, 0.012598394515260042, 0.32097929790729834, 0.010418477993509753, 0.02381507047115192, 0.05616397233433338, 0.014212218814913748, 0.16308365052103563, 0.026459980289854915, 0.01559164999389931, 0.00862272764603876, 0.0162675142064847, 0.013276362224695654, 0.026289044750797068, 0.023415063290002636, 0.046512336207501566, 0.004225861145820257, 0.17205373226357756]
                  , [0.38078219856474327, 0.06840392455172753, 0.00606690530505636, 0.008831449902006832, 0.006196751068256308, 0.038682662493544344, 0.006112536893273505, 0.023577609047792183, 0.00823418799488393, 0.024351577347527496, 0.012003571423715166, 0.01199038964247597, 0.007975685253385285, 0.009519203568190714, 0.008888884358999573, 0.15232790771018928, 0.11490278059237834, 0.10474686693747164, 0.0015465929076422778, 0.0048583144367401205]
                  , [0.037811701692271826, 0.005388156504842677, 0.01243634797805508, 0.02346952414773306, 0.005620399138161901, 0.022419057821529628, 0.015687551217851387, 0.012220654688100106, 0.3209347275074531, 0.019692158384657595, 0.010740034884850721, 0.03468409217000494, 0.024206663301199017, 0.045632110330881596, 0.3061015267090602, 0.04034440666397794, 0.03634194162666702, 0.01775388420991376, 0.0024514884917837807, 0.00606357253100454]
                  , [0.014761618791292685, 0.004997359605925106, 0.0013096348395506402, 0.002382915790228979, 0.06084101507691492, 0.001999058553639935, 0.0020757526420938843, 0.18262062910154928, 0.002550404224288581, 0.48592148326541273, 0.09280530666023036, 0.0024957951550665116, 0.0013557517112947114, 0.004229649511085957, 0.0027163731817915916, 0.0051924772744132265, 0.010911281443437967, 0.1073779463563407, 0.005331726828735137, 0.00812381998670696]
                  , [0.03690596144937852, 0.005835423920594649, 0.0070140148315754255, 0.01221626281827987, 0.027080363647387026, 0.008775509006335858, 0.007413814933769258, 0.1359942054393517, 0.013508015237354475, 0.39035124280505196, 0.14000495722844447, 0.010509486028306009, 0.007434053666921937, 0.021414455963555547, 0.013511661937486577, 0.01919584412654009, 0.03128110480023212, 0.10358128061130019, 0.0016445894419013527, 0.006327752106233172]
                  , [0.10340872841987157, 0.0005347048966531358, 0.24381187907926216, 0.30786231106917095, 0.0010965143260333174, 0.030655363559629414, 0.007343951847131082, 0.002763650118014529, 0.05523092928110302, 0.005111051361276525, 0.0021574212704298253, 0.0460913873122803, 0.018391590444236248, 0.06572658859471629, 0.014205657293045296, 0.05028972664365841, 0.03399707249711923, 0.009817738696428683, 0.0003902157121356104, 0.0011135175778041982]
                  , [0.02674333217788066, 0.0023978322408362567, 0.009955983118185779, 0.024425451616433985, 0.00667188944069067, 0.012964713104971817, 0.03623884693941424, 0.012221623206550758, 0.28132731931009813, 0.024553744855720972, 0.010513448223450031, 0.03126309103523172, 0.005716120485338432, 0.07026629080437205, 0.3589874131927124, 0.027363499229108933, 0.027391879666577364, 0.014793354962014844, 0.00400204650697747, 0.012202119883433473]
                  , [0.018855562703883534, 0.010950664515720384, 0.0020537163165765602, 0.0029245973452142037, 0.07642260604503573, 0.0030519769375723796, 0.005179254659552188, 0.15976161051702276, 0.004068654058614507, 0.453546281095701, 0.09860046008921833, 0.004489514591688148, 0.0038059676687524717, 0.006292445195370614, 0.004516039358820683, 0.007700279012210557, 0.015321885225775487, 0.10217360533737646, 0.0012572399854903966, 0.019027639340403687]
                  , [0.011777238656565605, 0.006700853308371439, 0.0038476681124679003, 0.004761354485867998, 0.31662377657485336, 0.0042228980874410215, 0.048866455465640085, 0.009358429375475265, 0.004625274270828972, 0.03100829502539675, 0.0054920670567944795, 0.00815842862370361, 0.002647863952788238, 0.006922781482151147, 0.006634829908313261, 0.010159499834077592, 0.008829894710442428, 0.011916205020502507, 0.04048825890478161, 0.45695792714353667]
                  , [0.33318840690939244, 0.013446937938313593, 0.008816860875992196, 0.009738241667867208, 0.00392240916576547, 0.42532092990912024, 0.0054344253237417345, 0.006447361956081978, 0.008173269775919142, 0.009966768592702752, 0.005701192206830908, 0.012004921709400214, 0.008075019178476885, 0.008360866433911157, 0.008969146710171336, 0.08715809202616011, 0.02267455835347761, 0.01778706996868558, 0.0013814928175447906, 0.0034320284804448]
                  , [0.023994242666017372, 0.002476684548228225, 0.0021434119311665974, 0.004408669993638659, 0.007255004817637008, 0.002250125736591102, 0.0018959631096232708, 0.38899931577033264, 0.004169906919034124, 0.09075061581154274, 0.02088903251323613, 0.003780914270321683, 0.0014029244783612983, 0.003488399765764722, 0.003646201894740742, 0.005937811740551699, 0.022135540099673796, 0.40745018090389773, 0.0004679068550629066, 0.002457146174577545]
                  , [0.53307986596246, 0.024568176229288707, 0.004222260176754735, 0.005788373276862752, 0.002256535896023349, 0.06833276099231539, 0.003096377311307868, 0.004823211694648347, 0.004285439901040539, 0.006313536271863054, 0.0037903099568677517, 0.007215563979669375, 0.005513431751300342, 0.005015553022850693, 0.004907001879612764, 0.2344932624653231, 0.05413213298585042, 0.025448347197289677, 0.0006667412176350346, 0.002051117831036172]
                  , [0.030043121161063755, 0.010032074240137604, 0.0015885601986719104, 0.0023782582398643917, 0.022332645336132287, 0.0032405493771854987, 0.002264926524320687, 0.338574193218814, 0.0024824832555549728, 0.16841490099391387, 0.032017707090588265, 0.002684025630011206, 0.0019797677766876113, 0.0031499185713655137, 0.0024962462373270076, 0.006365919359194683, 0.01817271842418978, 0.34094950212713965, 0.004258223613824634, 0.006574258624012543]
                  , [0.1591790389407784, 0.0014781400794079548, 0.10403824510163424, 0.14481640020147535, 0.002626953156650078, 0.030540580699739504, 0.0102395875597518, 0.005847557534434822, 0.06096529393363368, 0.013514339696147284, 0.004289763535085135, 0.029939473584348533, 0.21120682065001267, 0.0482424726127259, 0.02443553870359303, 0.07864957100564611, 0.04717105209527443, 0.018786905570591057, 0.0010002940311233909, 0.003031971307946699]
                  , [0.04637375389966886, 0.007568422995668046, 0.026727011030683687, 0.04345633429932089, 0.017409953427082656, 0.021320607525571772, 0.2277745468552355, 0.015394898635736919, 0.06217079465879344, 0.03710227338992669, 0.013639926835067932, 0.08317104857728773, 0.012093010147637008, 0.1382249005414271, 0.08586302086719072, 0.053361208567803964, 0.04041459353564281, 0.02226714340698678, 0.0040790706183410205, 0.041587480184926306]
                  , [0.07876311384775765, 0.0069650096310949925, 0.049562089101203695, 0.052745495135130334, 0.007009234296428491, 0.13516784696668108, 0.04004403307017971, 0.009552624565368505, 0.12093742193471821, 0.02020143716696995, 0.009187818468087309, 0.09246609752795977, 0.015833644274901703, 0.06939102468492936, 0.12314949902445974, 0.09131982887962044, 0.047599764610611384, 0.0167478272643605, 0.0037901138884933266, 0.009566075661043892]
                  , [0.07090110485950733, 0.017463194116735855, 0.032068881935534414, 0.03995125645692303, 0.04806007677134983, 0.041458985997279735, 0.03579273803300016, 0.034340807889039496, 0.043620299596788745, 0.07196980885708595, 0.02448275336063663, 0.036460643144452465, 0.027340346489765754, 0.045402542835716625, 0.05639756123461971, 0.06698544102203101, 0.05770911900938332, 0.0479693408097781, 0.15173317626092492, 0.04989192131944679]
                  , [0.029295528057204027, 0.007025831155484817, 0.004677859754813707, 0.006963313662095582, 0.06267901031644686, 0.007329954015628582, 0.006432040988415526, 0.12156233579318934, 0.00625920446587003, 0.4595619710391894, 0.08870105128734292, 0.004783105711477863, 0.009581128037461778, 0.012227677565783197, 0.013370318080752631, 0.012815810326642934, 0.019562059493379563, 0.10359954241474016, 0.014582029097557252, 0.008990228736523864]
                  , [0.06529570765225234, 0.0018190803444913244, 0.06163539329850346, 0.10492226491356056, 0.003439057590855493, 0.028228349723948318, 0.04612482417571954, 0.006141004522167791, 0.2010342410779654, 0.015962102763906375, 0.004232258790401133, 0.08139336086788773, 0.002906408236895285, 0.11606034719953093, 0.13896490345900897, 0.05779502748989236, 0.0443692892272449, 0.011294469266559116, 0.0008942588726931747, 0.007487650526515779]
                  , [0.028458471411698816, 0.01576230199883382, 0.008420295645286922, 0.022408394764410106, 0.004485936758522384, 0.012940214265372212, 0.03547678024112171, 0.008394113569234439, 0.2847740412166039, 0.02196642809106067, 0.00716527945120294, 0.03286095394247996, 0.005184134318128208, 0.06515661223799454, 0.3562295348286607, 0.03855624736599958, 0.029599070785468754, 0.013607904948686094, 0.0022487777648853412, 0.006304506394348947]
                  , [0.01660175134385082, 0.0018678636550977475, 0.0018221360989121816, 0.0036843161865948984, 0.035478560500756734, 0.0020459077508551706, 0.002134841030715154, 0.3322424994416711, 0.004706900061965185, 0.2835265935219272, 0.055129633132934806, 0.002856968456180987, 0.0015494144067838699, 0.00434852376139282, 0.003927097373279274, 0.005323339143041981, 0.01441810318260138, 0.21862773717065526, 0.00044103527424863383, 0.009266778506534953]
                  , [0.0144430876394147, 0.001056143876104914, 0.003543895645988686, 0.0048136034762768665, 0.3949591996084809, 0.004280146374706671, 0.022824844082670874, 0.018832621580875303, 0.005204255220824662, 0.06881667329449188, 0.02047410022500536, 0.007155355526451216, 0.0027886199142930735, 0.007303316265893311, 0.005398164907445581, 0.011187422382660427, 0.009984991096423491, 0.019914584237458517, 0.03363340563168301, 0.3433855690128507]
                  , [0.019165590513634635, 0.0016565568178825022, 0.004173218152904011, 0.006643939091422221, 0.1719861778986257, 0.005534360651575358, 0.009147847989894565, 0.10941479664888785, 0.008382276843703487, 0.389159942233618, 0.08194385473217514, 0.006247954425596569, 0.0038898930824731097, 0.010157819506224082, 0.009953635282674697, 0.01112402435575862, 0.016385860808767253, 0.06888191605171977, 0.013166078861114603, 0.052984256051347906]
                  , [0.012381192855426366, 0.0011158618199702075, 0.0023531544159998558, 0.003879537197275417, 0.04561392958110813, 0.002435725128428759, 0.0028115677997558736, 0.10925483456743398, 0.005236001819090975, 0.5925886992470919, 0.12302822169767136, 0.003703460117558038, 0.0026171219675377648, 0.009373668519045437, 0.005429136856699294, 0.007036017794948215, 0.010574461213899803, 0.05383709528185665, 0.001316056713182655, 0.005414255406019452]
                  , [0.061212640961165674, 0.005860037876310017, 0.03434290205195892, 0.035503006463989246, 0.1528957221469335, 0.03187029026552615, 0.0384466452868212, 0.037272876446085276, 0.03486540977518633, 0.07656194991339212, 0.0224057551811498, 0.04226759150110699, 0.02107095007187244, 0.03278774013113537, 0.03182100105086788, 0.06154462250750059, 0.04761360556533578, 0.04548549928169778, 0.014114204254225828, 0.1720575492677392]
                  , [0.18834012557456362, 0.005950396694558214, 0.05273060790186316, 0.052066027925927065, 0.005688800619102529, 0.08008192571837543, 0.012531911604476765, 0.009068575280530044, 0.028983183866826405, 0.016974674861392678, 0.006301011068524413, 0.03559644707718627, 0.20391357533654017, 0.03150680895924821, 0.0225917011753893, 0.1504179474450456, 0.06736827497733493, 0.022196952117218595, 0.0023790796705073845, 0.005311972125389422]
                  , [0.15162894602623259, 0.003087857567856644, 0.10888944295815925, 0.16259623671368229, 0.001727496704382975, 0.04888966349528404, 0.018924490132997924, 0.005058291191870492, 0.08818778510077074, 0.011850613892448158, 0.003958986338753884, 0.05632599863823338, 0.010112744055409052, 0.09083331425638844, 0.05851907535375795, 0.09629384273729096, 0.06700120005977034, 0.014153147222567117, 0.0003939040077432918, 0.0015669635464006246]
                  , [0.22440447301460995, 0.01649021187160108, 0.014558015647118939, 0.021781750266586793, 0.008665484778230334, 0.04350039645292126, 0.012056334162176583, 0.01767174367828359, 0.016290495492024205, 0.026542156939515192, 0.01044769314050915, 0.02536666297704518, 0.17572555957329755, 0.02198714621098865, 0.018310930053285965, 0.1758967762414015, 0.11243232112521098, 0.04718894110614053, 0.0031662107206065922, 0.0075166965484460575]
                  , [0.054455704041149404, 0.008828432941989678, 0.01734603774807099, 0.04298749157597355, 0.045768522477578025, 0.014727583719948053, 0.06030514196230153, 0.057925155649392567, 0.0913209840067551, 0.13046884737314504, 0.032980673237886705, 0.027905225977268917, 0.010663496152754838, 0.06891523073130879, 0.11842828761814102, 0.039313127861454515, 0.04935457342027469, 0.06636991895582017, 0.010057803350985646, 0.05187776119780068]
                  , [0.08108938070820243, 0.005156877927039736, 0.03932333837074628, 0.11313179549490339, 0.0051193040019075564, 0.015253912494193798, 0.03136321919017745, 0.021818070644530504, 0.16542253745577454, 0.03888693242795481, 0.013094270151374975, 0.04489769606066234, 0.003083945925176326, 0.13027609646115632, 0.13354916371902825, 0.05651588902268264, 0.06185079472727765, 0.03252078221488125, 0.0008648266697059784, 0.006781166332623687]
                  , [0.017662485840809764, 0.005644236439462097, 0.0016736118688596218, 0.002957227898536098, 0.03386155023056825, 0.002374778433798823, 0.0022852153377200266, 0.19502601419210927, 0.003112072899016187, 0.46465510521873343, 0.10149397165945322, 0.003164652787041183, 0.001997581090405635, 0.006609009451528043, 0.0033742042650663595, 0.006908079359541825, 0.015448163672289114, 0.12897344369119074, 0.0005790653841612879, 0.00219953027970898]
                  , [0.06369764857511627, 0.016987846411203184, 0.06499818929472101, 0.028448706916629346, 0.007505450869027283, 0.05083873442993487, 0.04658559240303027, 0.011136707535348046, 0.031826060866503844, 0.016234345268747136, 0.009235968470410904, 0.25077674682704026, 0.010937862803554972, 0.03163807860544684, 0.027304788354475036, 0.21022847016565754, 0.09215406509987172, 0.016803105959428292, 0.00247595737126714, 0.010185673772586184]
                  , [0.08171587424835312, 0.0018794561694246564, 0.10280420321366855, 0.34981416224471434, 0.0034568935687954903, 0.01625143706245848, 0.010102942199056171, 0.010693176806890714, 0.09883364866344904, 0.01886586508412319, 0.008547068844005355, 0.028345256976397393, 0.007230960630672017, 0.1319311850680953, 0.03207749853686512, 0.0315617224545159, 0.035673418987950754, 0.024672320621333604, 0.0012829310582615427, 0.004259977560969134]
                  , [0.1367676638042723, 0.0014634391071961027, 0.014931701659909627, 0.021609699342801204, 0.011651817193634064, 0.020921942815399244, 0.007486293158514968, 0.12383801679773135, 0.02287355423373965, 0.07530669670380158, 0.027860953812168986, 0.025166692557476437, 0.014194380337754114, 0.022654687028291223, 0.016826872166798353, 0.07001791817183427, 0.14693072317197814, 0.22778184677147562, 0.0026040593663818772, 0.009111041798840848]
                  , [0.01771761087019713, 0.017021954355501016, 0.007513718338359966, 0.008135276078107255, 0.30834217681618, 0.007680043608809153, 0.05345072485719766, 0.01632547769463611, 0.008892592987844858, 0.053131528831845506, 0.00804261123070559, 0.016359323261946064, 0.00686051264828217, 0.01199184806944102, 0.01062615139109658, 0.02379650410428524, 0.016178446267039313, 0.020269801171822085, 0.003096724052856227, 0.38456697336384693]
                  , [0.054931888712808345, 0.0032354898478091326, 0.041546617999060606, 0.01889480268295982, 0.00451222187185104, 0.024204710317899208, 0.008895777818247852, 0.008457222651713392, 0.0244680459800597, 0.01043749856608624, 0.005394981760541745, 0.093965713167395, 0.010053146819439144, 0.014710102835191585, 0.01543508188694966, 0.31394217092581034, 0.32433522456300623, 0.015735860484771658, 0.0017161276507261364, 0.00512731345767311]
                  , [0.07369018778959951, 0.013140633306862673, 0.024649776056336524, 0.03172026930553303, 0.02854332106766845, 0.03255110383134428, 0.04105609472704668, 0.026794911792500063, 0.035287366695440706, 0.09011593806697563, 0.019435666475756175, 0.03328561942394093, 0.19902894322542414, 0.06774870105231627, 0.06277820291837065, 0.08974737468492568, 0.05868948211025725, 0.035913847647697346, 0.01177211099193661, 0.024050448830067295]
                  , [0.02800028272456613, 0.0025887285506309985, 0.3240946807027998, 0.043222588423127796, 0.0054653159342902624, 0.03942305560544133, 0.018034693954761257, 0.009237837133496818, 0.03322500705814356, 0.010193072116068748, 0.004125239947928692, 0.3250688551272133, 0.006393044738392085, 0.01535757053657219, 0.012074622451529847, 0.06284622661601562, 0.03610991652120654, 0.012053740843700048, 0.002055707887627244, 0.010429813126487785]
                  , [0.061432636301305445, 0.0011008490074930347, 0.027958548294223402, 0.08758678282640894, 0.008785626523408994, 0.013911296587631872, 0.02109081467861133, 0.05542395472388655, 0.15667312942684994, 0.06888333835815733, 0.026418969261290205, 0.03759428183082986, 0.009486490127287469, 0.09928717129038077, 0.10111587609275954, 0.051146965263988986, 0.08401922622909427, 0.07305612087216301, 0.0023507020212310483, 0.012677220282997942]
                  , [0.0527175145168132, 0.0005505539171688206, 0.28442910808265415, 0.12519557837905232, 0.00240089213407078, 0.0631444622870376, 0.014241538032576582, 0.0031219146230676716, 0.061934546069184325, 0.006124575771518399, 0.002723873128384616, 0.18245015104072773, 0.011589413811904668, 0.03719342157751155, 0.017622535452283736, 0.07848554914422208, 0.0424954385460617, 0.006444567334039283, 0.000988987673867818, 0.006145378477852926]
                  , [0.22694954147030433, 0.03908142289503367, 0.003944156910364578, 0.006543472656559769, 0.006392968129959155, 0.01590260034076423, 0.003921969182388905, 0.10938631193813161, 0.005671926797420661, 0.059849664522173725, 0.02262798823369998, 0.006234477028291166, 0.005223220992490393, 0.006551762572120625, 0.00606265960942881, 0.04917289250465999, 0.1023723432390236, 0.3198076824446399, 0.0010261035739486384, 0.0032768349585959498]
                  , [0.1335945032754122, 0.0017506006171531924, 0.12439741057234745, 0.06797391224153389, 0.004000514092779601, 0.09724523868360134, 0.005532366113326992, 0.005792827366713412, 0.03933323593630286, 0.009794038751314238, 0.004063754224425932, 0.11743415378328104, 0.017281659393161765, 0.04056291582666902, 0.01641437828332832, 0.20157998507355018, 0.0918465422080602, 0.014560092565550284, 0.0015723228654243582, 0.005269548126063932]
                  , [0.12509253530650088, 0.007501001219164247, 0.017058385464351854, 0.02868170202890332, 0.014566339470727597, 0.022269187796695077, 0.013360147988856983, 0.0659789360367679, 0.02563132753277677, 0.07917746639886926, 0.02287509958574672, 0.01870406239203594, 0.25085992098166615, 0.028090513110329906, 0.025839316563711887, 0.0578214925569328, 0.06440369187699911, 0.11724745004277047, 0.004483966454242916, 0.010357457191950204]
                  , [0.031224181992210345, 0.001949361116864021, 0.008043524245939886, 0.027681214736560298, 0.001997759526065198, 0.012980699570575283, 0.015787621106676863, 0.007637269815037676, 0.373279738424628, 0.01614474540431944, 0.008162336921709645, 0.02607678079427368, 0.0038430932592917063, 0.07857355548224629, 0.3154850456115349, 0.028554163778633773, 0.028539912130637096, 0.0111781387840241, 0.0006999657030071118, 0.0021608915957643067]
                  , [0.05412049086794008, 0.006248152448636865, 0.014748667771859889, 0.04603591898459682, 0.008619744560178754, 0.016688266545844908, 0.024945778534530085, 0.03002929705450564, 0.1930079486706208, 0.09204129643613251, 0.051276210917491696, 0.025605886830473906, 0.010478514963511243, 0.10780237959880369, 0.19402667582476907, 0.036687243084147184, 0.04219163884140113, 0.033259015575313404, 0.003472246508794, 0.008714625980448507]
                  , [0.11535024746880954, 0.0014022073148560734, 0.12575421320648647, 0.1926421685087145, 0.0021015890817345294, 0.04517717556764098, 0.0297781811742135, 0.005010098414067895, 0.08045662893689415, 0.014572124255171511, 0.002344772513058341, 0.052691424453484015, 0.010211362443401538, 0.10575898226723025, 0.08067494360084214, 0.06804010193675518, 0.049207772508049086, 0.012625468538914835, 0.0031336823911947025, 0.0030668554184808327]
                  , [0.08196739796144649, 0.017173149815860423, 0.015373730151555638, 0.044179731356440384, 0.010421891282788698, 0.015612687492418446, 0.02592667585414264, 0.08232222853285134, 0.10217809607723892, 0.07263880096903144, 0.017916884046220237, 0.024030463780938975, 0.00957855048076689, 0.06442263861078805, 0.11994893431623005, 0.055482931924256344, 0.09602121375161031, 0.13146834458296705, 0.0030791004332069417, 0.010256548579240821]
                  , [0.04229831417946503, 0.004190857160398898, 0.14020969447213819, 0.05285686712730355, 0.013914549537538344, 0.03644444859687695, 0.12083399830506557, 0.0108063236443599, 0.050028394525012086, 0.01950413154359893, 0.008118217473730207, 0.24878247153103228, 0.00985415840061587, 0.043762050373587706, 0.03220779218694611, 0.07119586494313393, 0.03885518321038985, 0.015912283597589744, 0.00293962304603652, 0.037284776145180276]
                  , [0.10671177199517146, 0.004503288295869831, 0.05950434901140872, 0.16427609181212427, 0.008447711427641426, 0.016811290874452996, 0.014839573531019919, 0.07077041173310168, 0.05753812855916924, 0.049182609390707045, 0.016215278471857344, 0.029322970324459362, 0.01461876703395929, 0.06798668628868816, 0.03305422125137084, 0.05296777044739233, 0.09283101067674325, 0.1297622954429536, 0.0023542224367938233, 0.008301550995115533]
                  , [0.4498833032078477, 0.0018785832210272233, 0.009349642370689, 0.010833997375004768, 0.004696240431789418, 0.06246779014523283, 0.003849845408156302, 0.011164459603595304, 0.008821550843055907, 0.011316822873984313, 0.006156860232264927, 0.013757853800597146, 0.011426467930199946, 0.008676267288768207, 0.007307110935049909, 0.22599153044111633, 0.1006251219180815, 0.04690512828750707, 0.0012809874643409215, 0.003610436221691473]
                  , [0.07558652828567225, 0.05780170344144957, 0.020454226857651612, 0.024255571168793136, 0.1289702425187852, 0.029069867456402217, 0.043684290820956186, 0.03713770547796817, 0.02689649316215052, 0.08379573517237132, 0.02241139549310112, 0.03635635520372056, 0.02055648363776272, 0.02999609944531587, 0.030769599351266105, 0.08867775434073588, 0.05781356192027031, 0.05621511135507804, 0.011158931172426738, 0.11839234371812252]
                  , [0.03337829447030861, 0.008137585862429512, 0.019369431761140126, 0.02273719837478523, 0.09295161767686455, 0.016194460522498472, 0.2038093840302108, 0.015293214421275018, 0.02709794795808195, 0.039394572777780135, 0.011349781697595183, 0.060251345231857566, 0.008688405337869633, 0.04268623257361887, 0.037368142647128094, 0.04362516745982274, 0.029195747865181546, 0.021132171629548446, 0.007571364768488755, 0.25976793293351474]
                  , [0.15560317344252417, 0.06109673856792101, 0.009367955553235807, 0.013832661100516199, 0.03483377487086319, 0.025501663774218183, 0.01202458319516896, 0.09037029969906228, 0.01334930638530741, 0.1475978480011677, 0.05681798957713074, 0.016503687247621888, 0.011424729956205335, 0.017951940777788403, 0.015874872653802597, 0.06231106674714455, 0.07636646118936653, 0.156581021075906, 0.005558268158957037, 0.017031958026092114]
                  , [0.03224578919699938, 0.00866775449166314, 0.0010672810443849066, 0.002126675552711741, 0.0029260522201281845, 0.0020015283917269927, 0.001410992391429182, 0.34325647286294225, 0.0019317216602510916, 0.0726303195320127, 0.01345038135908783, 0.0019520902856564706, 0.002448905954200002, 0.002453087178615642, 0.0022291751578368277, 0.005291254421048633, 0.026863245038156104, 0.4755906434895914, 0.000322711378262622, 0.0011339183932945727]
                  , [0.0367960398843097, 0.0004446379975233823, 0.0018193582165451352, 0.0031031723924486365, 0.008803486131751234, 0.0024365008219651013, 0.001666422123997416, 0.3382926710002598, 0.0037761845390988425, 0.12011008756925474, 0.029081265234722924, 0.002401166269502417, 0.006045906588460616, 0.0039510052153163625, 0.003541630292233554, 0.006596166201954666, 0.02095203775403875, 0.40759199660983325, 0.00044168060969503216, 0.00214858454708851]
                  , [0.1284497761631322, 0.00037599411958758814, 0.07186202203154704, 0.16096487641689775, 0.0012161263082353239, 0.025472833289278747, 0.01100118794649045, 0.007507211957321304, 0.16834796541910316, 0.013021774453595543, 0.005230118244452974, 0.04964789918100588, 0.005150356599086849, 0.12065665598955119, 0.06975486193887485, 0.07229028231745285, 0.0666544838256162, 0.019854517904101247, 0.0003519925710703695, 0.0021890633235985392]
                  , [0.014838070265759697, 0.0007086603234797564, 0.0015591737365502117, 0.0024915283051554207, 0.020626808067242434, 0.0022089770911745245, 0.0016736374528419052, 0.3549637991544399, 0.0024604008872411848, 0.2754482764590995, 0.059913283276479, 0.0021623030902178536, 0.0015837588828555738, 0.0032622009599492467, 0.002562438170872386, 0.004776100721394908, 0.010730080143245484, 0.23573758043505197, 0.001038129019413899, 0.0012547935575351592]
                  , [0.19454112627376094, 0.009660448504238016, 0.019630961887212278, 0.019771702118157906, 0.03409323472097081, 0.12013348140587689, 0.015295929996347294, 0.024588464083962903, 0.01927890065647935, 0.05011240762394798, 0.021503946188954057, 0.037287461455738996, 0.02688750050302895, 0.024058650496201324, 0.027003115537480044, 0.17434326526388283, 0.10011548969392861, 0.04656276090777883, 0.013168630704577933, 0.021962521977473753]
                  , [0.0693856580603422, 0.0020208915378640275, 0.032586142413818894, 0.09001001811949812, 0.005097382887905812, 0.018124096714392354, 0.010670261808094503, 0.015418767396460102, 0.24087112813227513, 0.015253466358288713, 0.006671925600242355, 0.06696757282507647, 0.011269637439501474, 0.07540329561380217, 0.07755569940374349, 0.09280445115027812, 0.13396222789742024, 0.02735894697628332, 0.0020613554295830323, 0.00650707423512946]
                  , [0.04987397990554007, 0.004852452174259015, 0.01041636541659354, 0.03996656490884489, 0.013334169535520926, 0.0077546573718206314, 0.012742188579743217, 0.18463400320542006, 0.06815342714101179, 0.14640836338274252, 0.051448792672262524, 0.015240389405542929, 0.006133443840284128, 0.04422302050597227, 0.05368575200680996, 0.025891403805009226, 0.0708482819689048, 0.18250961825465245, 0.0022859166316706527, 0.009597209287394437]
                  , [0.02846906097814436, 0.004702018934634568, 0.010936236795029562, 0.012589471112330879, 0.13074795210054532, 0.014747645609519106, 0.017172408868594228, 0.016726804770760238, 0.013722277097944827, 0.041976000508119386, 0.014183949408058515, 0.014528381916308902, 0.009108821429262321, 0.014502812996260469, 0.016867828720500445, 0.024065778747341872, 0.022160147054756784, 0.022804099821139776, 0.4485805568809069, 0.12140774624984166]
                  , [0.1673166975106806, 0.000618840261863423, 0.034172066012395474, 0.05462661256969932, 0.004253468712642024, 0.03541776800071752, 0.007066909565905792, 0.01825296720256895, 0.055428994905773826, 0.018420120600448998, 0.011041400721852924, 0.056380421058088916, 0.011752832376181048, 0.04760827289951749, 0.023298343856495495, 0.20423386717756783, 0.1978634868374799, 0.04534987451236982, 0.0012940083911626306, 0.005603046826587832]
                  , [0.03689076098168143, 0.0023060385502399736, 0.14524765101304737, 0.0472095611393868, 0.0026347417377060836, 0.308252468252239, 0.032031798346275064, 0.003661995031988467, 0.06063544858525413, 0.006893138189617407, 0.0029781630660088224, 0.1880511732902728, 0.004235844690993952, 0.0444688437847945, 0.0343650215701319, 0.05281960226106866, 0.0166326450502248, 0.005807496762456052, 0.0010511344152092119, 0.0038264732814035085]
                  , [0.024304892573200516, 0.0017020060351902308, 0.004044901882197307, 0.0058352730769260265, 0.004823379397177537, 0.0044976628394687666, 0.002905146797448599, 0.37998302034218184, 0.00552361604132652, 0.0690218889045957, 0.005395459100234279, 0.004795896171842735, 0.0031277307969267026, 0.004327863290819519, 0.004478334779923571, 0.007445526877272678, 0.02404715774704284, 0.44008732892416746, 0.0009972914224705934, 0.0026556229995865384]
                  , [0.0792855011999144, 0.0010665159970285776, 0.0012791109114309257, 0.0017000458448137754, 0.08957447061907291, 0.015021488467453303, 0.0010660239898300995, 0.18500865016378532, 0.0018063990671906786, 0.2867752407241856, 0.046242942405479014, 0.0037712869662627504, 0.0027028565312191746, 0.003564460639035588, 0.001883515265596665, 0.015410140119160688, 0.03624629541275142, 0.20697676011105706, 0.009794780056806502, 0.010823515507925586]
                  , [0.01726380501167448, 0.8115315456832254, 0.006823434971617948, 0.00820548897734293, 0.006990572043263873, 0.01091847820110043, 0.006944225086812244, 0.008565190098716752, 0.008949068066996848, 0.011719926308870574, 0.005655117092843686, 0.009320561597839496, 0.006172582594617138, 0.007990089449836408, 0.01023440134373164, 0.025403769222871173, 0.014750680985846306, 0.012327736424183893, 0.003482976787696167, 0.006750350050912655]
                  ]
distribution_weights <- [ 0.015720739880671825, 0.01409980801728994, 0.013973352340004828, 0.0137012810343308, 0.013534589459727698, 0.01338130985089726, 0.013319998007365086, 0.013172466383865789, 0.012400320354382455, 0.012390740378830553, 0.012034365288299785, 0.011921321576787335, 0.01173547005108043, 0.01165691425155483, 0.011622426339567981, 0.011586022432470752, 0.011442322799192217, 0.011266051249037212, 0.011179831469070091, 0.010840700334532747, 0.010719992642578776, 0.01021225393832795, 0.010068554305049413, 0.009882702779342507, 0.009589555527454293, 0.009549319630136303, 0.009340476163104832, 0.00932706419733217, 0.009279164319572656, 0.009261920363579233, 0.009183364564053633, 0.00901092500411939, 0.008899797287717321, 0.008673709864692425, 0.008602818045608347, 0.008482110353654378, 0.008447622441667529, 0.008418882515011822, 0.008384394603024974, 0.00832883074482394, 0.008215787033311491, 0.008154475189779315, 0.008112323297350945, 0.008096995336467901, 0.008020355532052683, 0.008010775556500779, 0.007891983859657191, 0.007855579952559961, 0.007838335996566536, 0.007761696192151318, 0.007732956265495611, 0.007725292285054089, 0.007711880319281425, 0.007698468353508762, 0.007662064446411532, 0.0076563164610803916, 0.007581592651775553, 0.007435977023386636, 0.007361253214081797, 0.00733059729231571, 0.0072961093803288616, 0.007284613409666578, 0.007227133556355164, 0.007227133556355164, 0.007223301566134403, 0.007219469575913642, 0.007200309624809838, 0.007154325742160706, 0.0071524097470503254, 0.007098761883959672, 0.007070021957303965, 0.007022122079544453, 0.006997214143109507, 0.006993382152888746, 0.00697039021156418, 0.0069129103582527655, 0.006886086426707439, 0.006866926475603634, 0.0067634627396430886, 0.006750050773870425, 0.006723226842325098, 0.006669578979234445, 0.006654251018351401, 0.006539291311728573, 0.006516299370404007, 0.006508635389962485, 0.006464567502423734, 0.006451155536651071, 0.0064319955855472654, 0.006430079590436885, 0.006389843693118895, 0.006378347722456612, 0.006261472020723403, 0.006234648089178076, 0.006179084230977043, 0.0061024444265618235, 0.006031552607477746, 0.005962576783504049, 0.005962576783504049, 0.0059146769057445365, 0.005901264939971874, 0.005895516954640732, 0.005893600959530352, 0.00588593697908883, 0.005780557248017903, 0.005747985331141435, 0.005746069336031054, 0.005715413414264967, 0.0056598495560639325, 0.00565026958051203, 0.0054950739765712115, 0.005477830020577787, 0.005472082035246646, 0.0053973582259418075, 0.005257490582884033, 0.005230666651338706, 0.0051942627442414764, 0.0051865987637999544, 0.0051865987637999544, 0.0050524791060733215, 0.0050524791060733215, 0.004830223673269186, 0.0043397289250117835, 0.0042726690961484666, 0.004180701330850203, 0.0038051662892156298, 0.002234050298703638, 0.0018374393108548787 ]
# The number of clusters.
n_clusters <- 128
# The base file name of this file (for reproducability).
fn_distributions = "dists_hssp_poisson_allsites_clr_128clusters_rb"
