# This script is generated automatically.
# Vector of amino acid stationary distributions.
distributions <- [
                    [0.10762451147573468, 0.021062599141280065, 0.05102282110063805, 0.05859127370021267, 0.018722030847737697, 0.053538465912122954, 0.02936058018368137, 0.030560221229553174, 0.05437147827412026, 0.042440012597762304, 0.01902921635501258, 0.06531640064530174, 0.0385030546138824, 0.05153735622558967, 0.04825425993003189, 0.12758177174956525, 0.1049643305827049, 0.047957713253818604, 0.009057495708103734, 0.02050440684307329]
                  , [0.07829166335782582, 0.006323861083610733, 0.06019903803735837, 0.11209149899197354, 0.010099704137305286, 0.034629209779597464, 0.03521659214184954, 0.020173881453847207, 0.1324598524005545, 0.035468687238963896, 0.014977090494599912, 0.05999020094458218, 0.02218469170662181, 0.12129686545325759, 0.0834267145436143, 0.06622022270951369, 0.05937469117888338, 0.029811727115202823, 0.004097650566716808, 0.013666157792728974]
                  , [0.03817967661480428, 0.008525671231944629, 0.00550037105604774, 0.009659549365719597, 0.03553275171661296, 0.007401916251793955, 0.006539805413640413, 0.25955700131058823, 0.011226970619820094, 0.22281411663860018, 0.05711451374579013, 0.007658721746888267, 0.008177988580282559, 0.01091550520145712, 0.01050484967656306, 0.01550361229495522, 0.03399745392260944, 0.2340282553005555, 0.004249501916418998, 0.012911767242678264]
                  , [0.03063985327440407, 0.00832321135202456, 0.005763833868028902, 0.009439478123955583, 0.07090545929254169, 0.007335695722021231, 0.008527273145179495, 0.16131578011703201, 0.011140557455595786, 0.3678303918491769, 0.09072794758895947, 0.008208802756303243, 0.008227180586061384, 0.01421469492379782, 0.012667485713930879, 0.015303691906411836, 0.024302621532889222, 0.11653243263358905, 0.007448765891307295, 0.021144839491608385]
                  , [0.2710041757325482, 0.025681919989954862, 0.029875207236971478, 0.039609575693175914, 0.011938898020295033, 0.06845292275437563, 0.01497110855217296, 0.02598730319901664, 0.030065359102300945, 0.0338378714445228, 0.016010979039842624, 0.029927494705093417, 0.03319048047413962, 0.030973540385447376, 0.02881563418116028, 0.13467571778879023, 0.09074187664385458, 0.0690891096294985, 0.00430757690215536, 0.010843247078898617]
                  , [0.0647585586343175, 0.010582007885490612, 0.03044179950798769, 0.05768384025696188, 0.012497678729452837, 0.0311859328872157, 0.04153552274845633, 0.022653691328512908, 0.1519644493880726, 0.04438135541532206, 0.017234022390542225, 0.04406098908210829, 0.02067739112318228, 0.08936002593163622, 0.19625987858252636, 0.05608098947651495, 0.052552247188558186, 0.03220113404326493, 0.007426723936655905, 0.016461763989004403]
                  , [0.10369704169122501, 0.004341297963360207, 0.11836941898003772, 0.23096349324991702, 0.006191610949744929, 0.03537245122234106, 0.02178830371258644, 0.013083831504568155, 0.0819658972501644, 0.021687662410067643, 0.009113126126152619, 0.046773460305523526, 0.026136418649736648, 0.08923262922209431, 0.047924943874547245, 0.05880443689043455, 0.04806199801448797, 0.025357551263541035, 0.0026302220621872248, 0.008504202133437798]
                  , [0.07406552752667275, 0.006138576535017817, 0.19901263096104557, 0.13685327009800646, 0.008241023455214554, 0.06771811613514184, 0.029243594661525107, 0.011559611966462408, 0.05638838480398644, 0.018948268092052162, 0.008088713362583658, 0.10364114954999606, 0.025628587512281906, 0.05235190842196677, 0.03651690729220075, 0.08040207270862623, 0.05010666659664206, 0.019321622629807272, 0.0036729359305309236, 0.012100428755065826]
                  , [0.06566729660972084, 0.016962528814739364, 0.019554761922798383, 0.03279468283464078, 0.05234265004484474, 0.022334139429460075, 0.024742475271946517, 0.09178282964532769, 0.03946527195520161, 0.18585337891416373, 0.0706332765947727, 0.026255076620398336, 0.022633020876003884, 0.04388890128127757, 0.041819077840815164, 0.044685831174968514, 0.05545312329093358, 0.0933034586189127, 0.015570219331646625, 0.03425799619274871]
                  , [0.13122351802678534, 0.02316176297091504, 0.013650084187222196, 0.02481162342647788, 0.019162872461221742, 0.020586764400241535, 0.012016918244634618, 0.128274051636753, 0.024102568550853472, 0.08142459412755912, 0.03156883024479937, 0.01884801578231516, 0.01999501454185199, 0.022465183831055394, 0.02234346994258738, 0.05121982767989473, 0.10049625061693848, 0.2368828305889443, 0.004701645356935091, 0.013064175864646796]
                  , [0.04172661745889311, 0.016450131740705653, 0.01719977294420605, 0.020054066935845355, 0.1960138932322612, 0.019253957792764766, 0.04834424870023969, 0.0447792856858592, 0.0220976552611893, 0.10370230452873291, 0.029088582944651917, 0.025479616156290002, 0.014759448894041488, 0.02449871876539775, 0.02567330815567693, 0.037054941719525177, 0.03107630533805235, 0.046988005600022316, 0.04915969177063708, 0.18659945089292734]
                  , [0.05114505140437125, 0.009511019187935649, 0.003633467040922586, 0.006933365258712514, 0.01251605036885257, 0.006062503558045017, 0.0036196003591985257, 0.2704407756035214, 0.006529881086399403, 0.0894810097576199, 0.023607948614086223, 0.005334089330661644, 0.00622117777589553, 0.006242201064237944, 0.006340410919064704, 0.01266922395185209, 0.0358594857055251, 0.4366151089253174, 0.001819274790133536, 0.005418359033333292]
                  , [0.05749835831900361, 0.002967433392710826, 0.2513217588142627, 0.348170203375902, 0.00366055508243765, 0.030894064247945455, 0.014946795507649473, 0.006463009111328848, 0.04143728773504871, 0.011354570862498317, 0.005092792840182114, 0.045858773571311164, 0.016350484335503894, 0.05854766511708176, 0.019171780960551218, 0.037869763230180695, 0.02798902173365781, 0.013826597683714956, 0.0015261479716082802, 0.0050529375127701705]
                  , [0.1277031824654846, 0.008715589900557302, 0.04239466372260925, 0.056624385598480036, 0.012321426942432021, 0.03845661417606086, 0.020523663794110185, 0.021512196249461414, 0.04534517983597219, 0.03780813674350838, 0.012613726744521932, 0.03007202670740975, 0.2619668540848638, 0.04209000163077897, 0.03746337601709941, 0.0894078232463584, 0.058764972687143764, 0.03942432547815079, 0.005244001030968973, 0.01154784519246355]
                  , [0.02350433892415943, 0.005727443488945468, 0.0029155444045464093, 0.004897084035531921, 0.015391413411360345, 0.0036483644137799837, 0.0032557711808456555, 0.41318559774579594, 0.005785820286169044, 0.12078754629030825, 0.03119164317562406, 0.004716057346472229, 0.003794834349146757, 0.004761321162060933, 0.004884160663970856, 0.008424934500000064, 0.02469807465231781, 0.3115165729603916, 0.0017343614282730648, 0.005179109573994027]
                  , [0.01844065524180108, 0.005756077362324742, 0.003517959749735497, 0.005442155805210326, 0.05844515746237777, 0.004484396083046752, 0.005502374326434904, 0.11100249945384816, 0.006723535051044741, 0.5451654297804825, 0.09650296455111118, 0.005005056412787687, 0.005520046711121305, 0.010942940203517618, 0.008044798055276373, 0.009860938234858597, 0.014211576563739656, 0.06872854637298337, 0.005017305193057383, 0.011685592670523694]
                  , [0.1233150067640735, 0.014227737386268976, 0.06744180372430465, 0.051247919299341686, 0.01207586674942885, 0.24939523444847606, 0.02285516674318152, 0.014263809567379042, 0.042722857232970535, 0.0236762827452639, 0.010825397265215682, 0.06911157039990605, 0.02587506847124814, 0.036231715847104655, 0.03861814923350801, 0.1041748130988848, 0.04864658406287784, 0.025987765714765756, 0.006127874075043671, 0.013179375091159531]
                  , [0.14569340142467863, 0.023860063580352163, 0.02954907930687528, 0.0247234708088319, 0.009999523751746852, 0.05381891300258525, 0.01447968378423695, 0.014015041247833815, 0.025708290817845106, 0.01983982371583312, 0.010064751974636629, 0.05786973292432923, 0.025274526288778628, 0.02267091970374499, 0.02128284607762724, 0.32184351614030227, 0.13891231192635545, 0.026996048623113743, 0.003784716769012037, 0.009613337039197888]
                  , [0.04008811583915341, 0.0051622284898449125, 0.019758174008481746, 0.05124185360617407, 0.0057027992841751085, 0.020087301095973127, 0.023421883322839464, 0.014058962506533199, 0.35030007687017667, 0.023658259245205107, 0.012524347109727184, 0.043485537337892566, 0.012151347968594663, 0.07575923882226634, 0.1978454043048826, 0.037415616928860876, 0.038577491989760807, 0.01820677845235722, 0.0026502568034079766, 0.00790432029311534]
                  , [0.48043122211938905, 0.02252958827143299, 0.01218375414183255, 0.016258554349529525, 0.005349209696205566, 0.08653986386819373, 0.006302142256285649, 0.012987837636048147, 0.011518586059848727, 0.014927483806647782, 0.007828936612139466, 0.013017466655792204, 0.015430338585531417, 0.011663422601342014, 0.011015577272790567, 0.15808389816905774, 0.05750745388631806, 0.049735787620700245, 0.001823316379816458, 0.004865558000000169]
                  , [0.01839939355763015, 0.008909562516601362, 0.008539748914659834, 0.009033322132344347, 0.2516497007408952, 0.008423924758646617, 0.052888954571297664, 0.016439556677639987, 0.010374660053087577, 0.04042702466538895, 0.011214498760730043, 0.016098066050170955, 0.0062652987448953736, 0.012047729136677923, 0.011895392029752552, 0.01793038997358106, 0.014552770040253266, 0.018999779673055814, 0.03610474892382694, 0.4298054810400863]
                  , [0.04839618303389401, 0.008074613028686683, 0.1247308963603467, 0.04595983378457356, 0.01017967268798839, 0.058372917328151544, 0.044922503980801956, 0.013031472216360876, 0.05674302320506286, 0.017456183442151038, 0.008868534390757788, 0.2750653501529059, 0.013106735700900492, 0.038576324557764184, 0.031901906603380964, 0.10487806673037717, 0.06051969334947333, 0.01743568359862384, 0.0035635571508325047, 0.018216845850492734]
                  , [0.12719360048622655, 0.009045328424573677, 0.045908401935985985, 0.030124671972977694, 0.006433075823436898, 0.48240704739833673, 0.013400611800349823, 0.0078930817585482, 0.026505608473458873, 0.012629173409881872, 0.006445743342807116, 0.049054463521294285, 0.01520833006926101, 0.020555049604547394, 0.023685852941845335, 0.0713539360314823, 0.026063754084827376, 0.01605359252942727, 0.003402572314438141, 0.006636107051595983]
                  , [0.08288286215247469, 0.013643324963413502, 0.025300516690593373, 0.025896492958027637, 0.008240193491782063, 0.023872543761166334, 0.012595044351378953, 0.02575675295143469, 0.03352154241712316, 0.02191611851016792, 0.014447720451109683, 0.04546348426529854, 0.01709712378345257, 0.02208966975559478, 0.022817908154888992, 0.2066347930142073, 0.34279269022193354, 0.043653599228061855, 0.003174066513046697, 0.008203553506639493]
                  , [0.01863808252354772, 0.010032997033861802, 0.006723095131773001, 0.008104854477571574, 0.41646892604681407, 0.007686530322764187, 0.025528781997482052, 0.027257463174764476, 0.008566883860020573, 0.09121218289471231, 0.02198525821635735, 0.011841468928098307, 0.006314965216543941, 0.01077829538431422, 0.010006342459666306, 0.018278790082066447, 0.01447655993471976, 0.026496587428704484, 0.03269583678392244, 0.22690609801081843]
                  , [0.05132710429883062, 0.013977834275538802, 0.03807662723688025, 0.04063527410263845, 0.04213741863931574, 0.028038729886923748, 0.19809877333526646, 0.0214842976070359, 0.04659224668792886, 0.04551862124963769, 0.017135174824586808, 0.07433080222576587, 0.019471480053735418, 0.07751109338745532, 0.06114679876775882, 0.05326814114912538, 0.04102338100415581, 0.030278395484681628, 0.014409655421378195, 0.08553814962394911]
                  , [0.06370358667193145, 0.00441074858752257, 0.023618850688628103, 0.013852142526060679, 0.0029118958158846006, 0.7500132719990991, 0.005954710145983859, 0.003863666621953754, 0.01226210602978342, 0.0060121696025493415, 0.003062287853000934, 0.02514937079963889, 0.006056034909183227, 0.009179745954760732, 0.010309907268050526, 0.03452348826714805, 0.012331225144968434, 0.00811844421423695, 0.0015560620016132447, 0.003110276013086652]
                  , [0.040426727863323055, 0.003791162772257972, 0.40424208098949516, 0.12161720533807724, 0.004602226776008085, 0.04533287495910984, 0.021512720594374788, 0.006484762420987493, 0.03038933308166717, 0.010485756180051625, 0.004813768388003969, 0.14791876400655193, 0.012824689806167418, 0.02847977755246814, 0.016384128271772172, 0.04931848720862973, 0.030011949928950607, 0.01135202324127399, 0.0021346479518016773, 0.007876912238111319]
                  , [0.034124835314003114, 0.007505549583244262, 0.01294210262025635, 0.026046357473276216, 0.006513442718332235, 0.01875932210342072, 0.03014321461437732, 0.012062214688134787, 0.2185455350454305, 0.026083100629342645, 0.010001820111704949, 0.02691774096739702, 0.011379000223009198, 0.06029382068011763, 0.409024129208979, 0.031645398025120224, 0.02797631008150717, 0.016294974520310104, 0.004408262708444699, 0.009332871536076853]
                  , [0.1057985923630832, 0.004451766386351787, 0.022060436203854013, 0.028891610522312323, 0.006658106432048727, 0.02181700639437844, 0.010609793494929012, 0.012516271232106663, 0.024314372679947856, 0.022906737776731703, 0.006973371470008656, 0.015161317504491508, 0.5465067987539833, 0.02372065766951608, 0.021095101970298402, 0.05978344324398725, 0.03300580222689082, 0.024757174185743226, 0.0027328494007389237, 0.006238792033280215]
                  , [0.027970574914127425, 0.007055876619390582, 0.012054212109695296, 0.014169490983933511, 0.0806996075457064, 0.020806160828254823, 0.017309167664819942, 0.015963075789473723, 0.016134329333517987, 0.043808633910249285, 0.014883920173407198, 0.015483251399999957, 0.013448682055401645, 0.016372724819944614, 0.02209547816952917, 0.02464532779778396, 0.021460989789473736, 0.02255922247922449, 0.5184002243767305, 0.0746790418559557]
                  , [0.02567175976915008, 0.7403778184679964, 0.009175225285414507, 0.009912004942287486, 0.009446144403987385, 0.01603708690451202, 0.009168935149003146, 0.011718500588667385, 0.01114783699895068, 0.014633863903462704, 0.007762933188877226, 0.01224893687093389, 0.009680156284365155, 0.010049303922350455, 0.014385689282266481, 0.033992638006295886, 0.02033642108079743, 0.018661072339979004, 0.006368273014690451, 0.009225393946484764]
                  ]
distribution_weights <- [ 0.07928196167243381, 0.06492732630546327, 0.052344986415594666, 0.05091948605347159, 0.04870842769609252, 0.048099141250991524, 0.04654910120669372, 0.04633450975433111, 0.04126287069715398, 0.034913262901353076, 0.03437486827533616, 0.03155643946796648, 0.030305294660888025, 0.03025356279290775, 0.03008878721341503, 0.02896026609340093, 0.02852341920823418, 0.027425554009986166, 0.02507462800954932, 0.02484279260119328, 0.02299002532945536, 0.022557010434509372, 0.021909404087200768, 0.020635267338797753, 0.02054521556860987, 0.01982288541199643, 0.01698338065841256, 0.016962304712198374, 0.0143393074060875, 0.013224198251846061, 0.0034583711742367635, 0.001825943340192596 ]
# The number of clusters.
n_clusters <- 32
# The base file name of this file (for reproducability).
fn_distributions = "dists_hssp_poisson_allsites_kmean_032clusters_rb"
