20 A C D E F G H I K L M N P Q R S T V W Y
16
0.12955192538348642 0.0751312909320180 0.0077388981359776 0.0556723524587758 0.1010837850121293 0.0115856234622524 0.0342076946473095 0.0425530847741472 0.0219503378470854 0.1266785712379080 0.0410578504986836 0.0168630900836316 0.0579782580980978 0.0227722510940005 0.1078748606937251 0.1027911443815932 0.0633282630679231 0.0583662692142709 0.0315599607554060 0.0051756183969145 0.0156307970435611
0.12893114296772315 0.1328911528048862 0.0301179694657465 0.0559922731349697 0.0622209357030786 0.0159068898242599 0.0653926954429158 0.0281837176415072 0.0254627861273032 0.0476198147215470 0.0398750872779775 0.0173433260083204 0.0615212822958220 0.0504858965846160 0.0484185667621240 0.0434257420995929 0.1234513080553904 0.0845707858850885 0.0435743439222629 0.0065764160438488 0.0169690105715263
0.08013074750633237 0.0374002790221420 0.0076866962738290 0.0036337318516059 0.0065763008720737 0.0170838455914493 0.0051900008081589 0.0039385486074939 0.3281303993005894 0.0069721679535880 0.1248384305236843 0.0318210726346572 0.0054791892291908 0.0055889787533058 0.0063887410686259 0.0063729698903422 0.0113782841182898 0.0310945960562877 0.3519375813945174 0.0021561352515076 0.0063320490895960
0.0766244764543361 0.0385511376876721 0.0095494328619980 0.0078151761275568 0.0130931056909226 0.0552175134159791 0.0098262797712680 0.0100968728738935 0.1930229263358337 0.0157439077956993 0.2783473468792206 0.0777170249704925 0.0107086693231813 0.0109608082679168 0.0174730907074269 0.0165425584886723 0.0200158701681918 0.0330034174394850 0.1544804821766686 0.0070032667018530 0.0208311087239060
0.07637348109487625 0.0755550631866799 0.0038369599656391 0.2017178903077365 0.2794463520632132 0.0051010265513612 0.0374153939869561 0.0190742959455412 0.0093213105811618 0.0577973074672770 0.0158804245626745 0.0068952427792049 0.0521652591750409 0.0215653002952715 0.0688006233648314 0.0303850477257746 0.0499684957692964 0.0374171774171077 0.0183383175251974 0.0021816057428898 0.0071369037777502
0.05615398469503106 0.0518205345849486 0.0056570293019932 0.2426396524451880 0.0916779382757680 0.0076273178998634 0.0629365925051194 0.0341071165124915 0.0100437893165527 0.0481573359140614 0.0149797167647783 0.0069665493793515 0.1864379617232077 0.0166075845340614 0.0382781342520819 0.0270194926480206 0.0782921818309897 0.0452167970532765 0.0153318694965187 0.0031549899625017 0.0130474132247441
0.054259065530864764 0.0213014276576252 0.0104599091563114 0.0087551513313557 0.0098822893787176 0.3122772750466213 0.0092425514585719 0.0412712130268066 0.0247333662954015 0.0109495346338562 0.0695229068711592 0.0178817729569824 0.0155192563234442 0.0073578549833300 0.0130045125322103 0.0127046790393798 0.0201507865036024 0.0165045359921947 0.0258217353674857 0.0360335398386313 0.3166257003468249
0.053599963212893884 0.0416941882343689 0.0071284777597111 0.0186639531599398 0.0417892326609229 0.0074020297987702 0.0218857742363707 0.0302779583120152 0.0149665378370215 0.2662890860100816 0.0288332332891003 0.0128533478067064 0.0379845809898831 0.0134266588544310 0.0734800590730344 0.2720282974539734 0.0393002687151897 0.0374509534336682 0.0201815477490443 0.0040775304856898 0.0102862840769315
0.053218680185928166 0.1223488115665947 0.0224662555696221 0.0151533201089274 0.0269937792431604 0.0223902323936644 0.0217069416153710 0.0138545956917207 0.1217646734445645 0.0275022269789057 0.0933498772555796 0.0365746971726062 0.0209294215177826 0.0214166342759178 0.0256897003436285 0.0260289456819655 0.0521776988268539 0.0977896220316775 0.2109360877973354 0.0055787535173866 0.0153477278228942
0.05176060790692862 0.3936433148895208 0.0244163130648876 0.0178027910566638 0.0242526754184831 0.0076653543565269 0.0790473673208854 0.0090712232838745 0.0178221118317851 0.0179774587351862 0.0211708241245051 0.0105194868636146 0.0190337343125579 0.0227740930559607 0.0179963450840889 0.0166271231179169 0.1606390337129424 0.0714581421314631 0.0585851440874941 0.0025898303738407 0.0069076305032013
0.05144063672349508 0.0225537682693756 0.0066936892558639 0.0044615111712409 0.0069011755287700 0.0670529285986368 0.0056145655419537 0.0068797112361551 0.1220361421176120 0.0083839651159364 0.4856381398830566 0.0965059028479385 0.0063232649581022 0.0065732771150422 0.0127275456311122 0.0100231523959628 0.0119349370441322 0.0173116640657702 0.0800949132175710 0.0063375452657256 0.0159522043760754
0.048934515119117415 0.0481046348981750 0.0171930547606329 0.0233456639929116 0.0273421068706823 0.1180967600975175 0.0239246122325134 0.0847034728693503 0.0403522624508500 0.0308786907754366 0.0948583295593327 0.0302391531378946 0.0381357074295841 0.0183983620236939 0.0370504782313777 0.0384672175251038 0.0443607233232163 0.0376220254719197 0.0452122439897783 0.0766235702105427 0.1250909319562150
0.04885979130981258 0.1081773835903870 0.0178654506765045 0.0286551706033638 0.0262491333046610 0.0093482917172933 0.0379176292818441 0.0143513220304622 0.0199259144588153 0.0307079494488573 0.0217410346557808 0.0125797340937781 0.0579853431290626 0.0220703645202102 0.0236267505901518 0.0232474634089467 0.2582047413376726 0.2388623498561164 0.0357350228576860 0.0035781323190105 0.0091708157313678
0.03492859086223612 0.1294975417103676 0.0118157312184312 0.0578826728620406 0.0410816756407022 0.0092790712546901 0.3539765940756981 0.0183251798970379 0.0109759165675812 0.0352483184528251 0.0181795633879322 0.0085899234802524 0.0607235676403730 0.0206749809808557 0.0285136960931980 0.0312789227196928 0.0905418059862863 0.0374387018359847 0.0211558981195830 0.0048801001219419 0.0099401370842568
0.03179593885676404 0.1175958121481081 0.0062216254347674 0.0319708683850929 0.0426529212391540 0.0092668990887564 0.0298280945688118 0.0152422770969511 0.0168006193549649 0.0353155893219451 0.0307220399834295 0.0096927259160642 0.0220817411391901 0.4070740291636553 0.0326731310752592 0.0291301142563871 0.0736579258255001 0.0455632153289949 0.0319291764515546 0.0039923417112497 0.0085888487932454
0.023436452190174012 0.0749626197146829 0.0052028580248365 0.0279676511688194 0.0166284036831264 0.0035914760190485 0.7010056817364270 0.0075546253878353 0.0046205426671026 0.0148516587064258 0.0072587448542346 0.0036965477198332 0.0305451590968769 0.0073930153340418 0.0111678779530737 0.0131108535843690 0.0407518233559515 0.0145526434184927 0.0094726902656151 0.0018607579743214 0.0038043645147155
