# This script is generated automatically.
# Vector of amino acid stationary distributions.
distributions <- [
                    [0.09363730274712373, 0.008715201928891761, 0.08278265810166707, 0.10216086951162247, 0.011458935824254588, 0.05348613276355951, 0.031153386685841722, 0.018985023159544735, 0.07597737245480149, 0.030431071164005744, 0.012593735692533466, 0.07502204377788217, 0.03516939050457853, 0.07445401636299613, 0.05337765336463958, 0.11130817319793374, 0.07883501911246771, 0.031131217806996875, 0.004639557920427356, 0.014681240657548764]
                  , [0.03301914354213454, 0.008714826046342031, 0.006219773661505633, 0.010219910037111687, 0.06928850667769763, 0.008288429372414814, 0.008928296173974715, 0.13780591551707871, 0.011619736815861023, 0.38846178690461997, 0.08704051503841148, 0.008681407668006166, 0.008951919331166514, 0.015061811548280415, 0.013669365179884214, 0.016797972230705685, 0.025061601070795365, 0.1145138132372061, 0.008080724394988774, 0.019574548641058995]
                  , [0.057344491030927966, 0.008411190672051802, 0.032044071061101395, 0.06547133031430728, 0.011223789979129966, 0.02815634984674384, 0.03392006347246668, 0.023774063309026976, 0.20653800716620532, 0.04034814120316829, 0.018419829010812145, 0.04766979871385467, 0.019594143184435458, 0.07937196309278349, 0.16967440157153646, 0.056061265271561515, 0.05143878521121447, 0.030565494823988078, 0.004842230120065362, 0.015130589607367365]
                  , [0.10826156570255244, 0.018433586504043472, 0.051620069355572396, 0.05061473901061407, 0.014112453176269944, 0.057823592527167046, 0.027292137100581253, 0.02030338899368217, 0.05292745320950215, 0.03054977645981808, 0.014216496116249724, 0.07694618858478638, 0.03206294261410159, 0.04721428201920648, 0.041024828477381856, 0.19432574564063684, 0.10790925257391965, 0.03265236695729073, 0.005359232572971948, 0.016349899079605712]
                  , [0.1880797427513094, 0.017254717227615277, 0.04675852596627923, 0.05888832815429813, 0.015571232938433974, 0.06563202706220463, 0.024458792191467613, 0.027304718646442537, 0.042706863259675557, 0.03969862392004089, 0.017104856380380624, 0.04373424282156086, 0.04424898012262103, 0.04747400072806233, 0.042400245724869064, 0.11975624588070014, 0.08273353635202452, 0.05378288630604174, 0.006234508472997816, 0.01617692969523568]
                  , [0.07590841952430066, 0.004197636635155341, 0.06770403287869016, 0.15088611227278578, 0.006598971759314114, 0.028455307408792083, 0.02770015859146577, 0.01572577946512816, 0.16712342158050794, 0.026142021528941684, 0.011227937902926416, 0.054461937604744076, 0.018119387270981082, 0.10149765236431604, 0.09294514331442562, 0.059749594531390976, 0.05464466942890293, 0.024063568795926346, 0.0028182996862962375, 0.010029948904602393]
                  , [0.0808570998354877, 0.004499007420590112, 0.16632121716934356, 0.2518337262044662, 0.006099639479305433, 0.0392688196983941, 0.022388638093615354, 0.011196702957566168, 0.06565936338947642, 0.019019769958872, 0.008289163371588925, 0.055235020929625275, 0.02477201032562998, 0.0738786684710798, 0.03756012869695784, 0.057682744057970955, 0.043451166782869796, 0.021032877449405844, 0.0025216377926100073, 0.008432592932628234]
                  , [0.07300639816668866, 0.011583644084401004, 0.0425409235107648, 0.06720771431647074, 0.015245092046096954, 0.03726101975300489, 0.03814476791282527, 0.02623267079513937, 0.1303430921674813, 0.04332326595694097, 0.01843846385735043, 0.057163992628450636, 0.02702370053612467, 0.07816693521991813, 0.11862569700964218, 0.08522074086646413, 0.0671139556756043, 0.03734535610751554, 0.00678042840877031, 0.01923213789340902]
                  , [0.03920284684098166, 0.008386608002494663, 0.0037857576052559364, 0.006835259449573278, 0.02742280049199566, 0.006156862252534576, 0.005026555257604013, 0.25697792878868686, 0.007582222395544465, 0.20608381123265734, 0.047856436723585936, 0.005537846263740688, 0.00710503846878335, 0.008444165967582809, 0.008055808276013848, 0.012752991404082245, 0.03199648642609393, 0.2996079022145144, 0.0032633400833244246, 0.007919330046158003]
                  , [0.026853380310534025, 0.00685590195536072, 0.0033334722436086303, 0.0053241281238123675, 0.018944590483469477, 0.004188259575023355, 0.0038958816013919713, 0.3736840487217237, 0.006537643480926378, 0.15179920527372526, 0.03888157650916877, 0.0051133135747558275, 0.004354057143755849, 0.005792232535938878, 0.005658692241065459, 0.009921251868023, 0.027076330219515356, 0.293364862802838, 0.0022390233201579172, 0.006182133385222763]
                  , [0.061638500571994874, 0.004922023077927178, 0.1358642748973524, 0.15441882376752056, 0.00767471341398844, 0.049183880941526294, 0.033123335178677604, 0.012573609673226675, 0.10355929987257535, 0.021448022436641692, 0.008916127985416907, 0.09216807038085792, 0.02157696617131532, 0.0798111304190854, 0.05605783864222, 0.07240934605691632, 0.05101076556845536, 0.018759249621973506, 0.0029762979104488016, 0.011907720526263623]
                  , [0.04000716888016011, 0.009798278167404664, 0.007433338661334117, 0.012861555511926685, 0.060981463218111695, 0.00914635102028271, 0.009532262461362673, 0.19465595792029727, 0.015518901626339225, 0.2662196577631767, 0.0870656958048848, 0.01026873261491229, 0.010111208607770338, 0.01625012703670903, 0.015566617638623062, 0.018989064036566264, 0.03548857668047416, 0.15002728061705467, 0.006944727145979157, 0.02313302758305962]
                  , [0.06620011091860133, 0.005171870513298952, 0.24596563900831217, 0.18225707216967632, 0.006869924822585256, 0.05704527201203782, 0.024707132400831184, 0.00990886564574385, 0.05055526192462024, 0.016676834459730616, 0.007152082944253308, 0.08825915083404987, 0.023306901316566354, 0.050538412715677834, 0.029601471787044954, 0.06417784342791631, 0.04151698120091715, 0.017168908255947267, 0.0030014311564488345, 0.00991882498079684]
                  , [0.04167465621026893, 0.008133340608341718, 0.003109468214008475, 0.006139458417373893, 0.014694589112037845, 0.0049314510654394905, 0.0033579202498202725, 0.2995542660722, 0.005741280283043458, 0.1145784988997555, 0.027668135993671805, 0.004791112199913662, 0.00567011700733493, 0.005724947169710941, 0.00567356517287506, 0.011247270297856958, 0.03283327390047462, 0.3965527639867687, 0.002073599686322451, 0.0058502867373797125]
                  , [0.10217704346531702, 0.005733700899434356, 0.09959021144685937, 0.19240176585293303, 0.008583399569663537, 0.03576628365138429, 0.02618441852456088, 0.018747952757516943, 0.07336332457278952, 0.031172482643643758, 0.011857632224173895, 0.04715749371836857, 0.023837054224918122, 0.09170749650788912, 0.0556456392601965, 0.06712735400119083, 0.06060227321375409, 0.033647965168204806, 0.0037164305685025477, 0.01098007779770772]
                  , [0.09765737687462052, 0.017334051945598082, 0.0340749810428051, 0.042385945546448076, 0.018379949950364224, 0.03532405276715244, 0.023416780070431086, 0.050182957745901625, 0.04334536172282938, 0.05339464040831829, 0.027332179581511837, 0.05217389236187005, 0.02861422820825745, 0.040828637979659986, 0.04024027014875532, 0.11600299386612012, 0.1812149052975107, 0.07366229077868852, 0.007015589424256218, 0.0174189234883121]
                  , [0.07689926302105587, 0.008879613347818126, 0.05166164465517242, 0.09412843143271285, 0.013651330726731702, 0.03386917032651811, 0.047805327310039676, 0.022734991766097022, 0.0827975443042418, 0.048248750169362274, 0.02032376946856882, 0.05445368043179741, 0.02339021407003356, 0.16613761293866397, 0.07671572166310656, 0.065514086502899, 0.05718036067134574, 0.03295314770216657, 0.005565158298336899, 0.01709017087595356]
                  , [0.09553687735239852, 0.007390459833594712, 0.17982027475399745, 0.11675037438499372, 0.008905629487853686, 0.08132289937884382, 0.028807484713253378, 0.012715593421125396, 0.044184030714944644, 0.021052178556272963, 0.008964560514760182, 0.08341764489852407, 0.031008121159747853, 0.05007839939114391, 0.03811679221248465, 0.09446404503382531, 0.05823310410670356, 0.022725002952644714, 0.0042202520650368855, 0.012286265933733047]
                  , [0.06805905927879441, 0.010203698192526521, 0.1001790736060281, 0.06459275298016301, 0.0145084457594956, 0.062331986161771484, 0.043041777848685216, 0.018558813013532197, 0.06281166074580961, 0.028210282176995415, 0.012705524725203718, 0.1696122193756727, 0.02150547375718896, 0.05403460005689689, 0.04521494610487467, 0.1012495547593418, 0.06963810797939413, 0.026162276321697667, 0.005825299425864986, 0.0215544501219437]
                  , [0.08015114813280629, 0.013262187143715415, 0.03360854904505926, 0.05587059246640316, 0.01425613946861664, 0.034111717550988165, 0.05043144552237148, 0.021473033751778663, 0.09059922190355743, 0.048119102580236994, 0.015574519729486192, 0.036269027905138335, 0.024850645142924902, 0.08701410264347828, 0.21994787652173894, 0.05672495618814232, 0.05416820378181817, 0.03520317751778652, 0.009742575122371542, 0.01862178607699601]
                  , [0.10947804046031741, 0.007243440956380945, 0.03697948464285711, 0.05023232304603173, 0.011410169757142947, 0.03486281206507931, 0.018873827546507946, 0.02054846844920631, 0.045694265071428534, 0.03653235466666682, 0.011478025400476221, 0.02777556674761906, 0.3282481284126981, 0.0397035575825397, 0.036100627220634916, 0.07936456255396826, 0.05318538058095238, 0.03648468904126977, 0.004953483892857145, 0.01085078953190476]
                  , [0.2099278079204745, 0.02365409765881034, 0.030682635180214832, 0.031350897955747935, 0.011387589346961748, 0.06650510287477955, 0.015526200843193864, 0.01824203121308332, 0.028272201115921065, 0.025777906247234354, 0.012736436379509445, 0.04503954386724387, 0.03234876450937951, 0.02807459675164342, 0.023980629746673046, 0.22613720923520897, 0.11426857840468169, 0.04134041451018119, 0.0037824915362834636, 0.010964867743626764]
                  , [0.11059867198353909, 0.015354653683950618, 0.07282089887572013, 0.06655460135308641, 0.01567259538452685, 0.17054523433744884, 0.026863234132510284, 0.02024304793382721, 0.04935854690205761, 0.03160403860905372, 0.013715602939753066, 0.06734612492181073, 0.03528268494666666, 0.044211693349794245, 0.041435549466666666, 0.10131275198353915, 0.05944532510123457, 0.03268651644938265, 0.00753307138123456, 0.017415155556214076]
                  , [0.08404994015351244, 0.017264267232054056, 0.011765162891706996, 0.020289568012681475, 0.030938163821792066, 0.01698277895878538, 0.011600673914900743, 0.16512623852995176, 0.020517510178207916, 0.14125093555147655, 0.04378069886534292, 0.0158006959536126, 0.019329143757884207, 0.020187737790255327, 0.020857975844652137, 0.03567229099115634, 0.061639643549140644, 0.23981906507592174, 0.0060907316387452115, 0.017036780795261157]
                  , [0.018003770834744304, 0.005590733648747042, 0.00274583005672209, 0.004811591662038227, 0.042537322931425675, 0.003436224822045378, 0.003958451099729105, 0.17390084389265165, 0.005557647627328098, 0.5025608774128002, 0.07847289914155108, 0.004454217337453548, 0.004036721292753148, 0.00813563879105994, 0.006770774205215067, 0.007773923622417911, 0.014369210226888002, 0.10094056317981717, 0.0034327949494412516, 0.008509969113105278]
                  , [0.019556181228061326, 0.005911659710068018, 0.0027744528838433077, 0.0052980795897959385, 0.041552097957312926, 0.00321552970510202, 0.004024704003741473, 0.24977873061224526, 0.006221599302891095, 0.39050580816326586, 0.07281552586564638, 0.004192362847959187, 0.004230721436394556, 0.0074283500620747275, 0.006427962359523941, 0.007379210753231308, 0.016699960776360573, 0.1399360269056124, 0.0031414624509013694, 0.008909574783503332]
                  , [0.06540897550300945, 0.003659424308701637, 0.25723505606190916, 0.2910388601891659, 0.004114409094067108, 0.0371664198916594, 0.01771801203903697, 0.006780315672571251, 0.04280252372141017, 0.012287910851590755, 0.0054349695422184555, 0.0565355843423904, 0.020020108883061032, 0.05866450139122958, 0.02233273177850382, 0.04554507517970768, 0.031547131329320785, 0.014295414412209842, 0.001685198743422182, 0.005727374640584669]
                  , [0.07297790879221228, 0.013859583454686422, 0.008496256196071472, 0.015810908119572795, 0.01882275574913852, 0.011753278677291347, 0.007524191689007597, 0.22835125675396323, 0.01575833406150936, 0.09452649325982082, 0.03156492363370089, 0.011773328702618803, 0.013420603576843618, 0.013578320412474285, 0.013759432361647124, 0.02709014312198478, 0.06249055344073054, 0.32538164162646477, 0.0032109213680737306, 0.009849159118022068]
                  , [0.04002531606594168, 0.015897682587605724, 0.016946179000517675, 0.019406969399275047, 0.203379350163991, 0.018360548147764597, 0.05243176870205406, 0.040684063426549316, 0.021557066478508566, 0.09168817676851372, 0.025159484800621443, 0.02563476238563783, 0.014952881019506304, 0.024405968891765877, 0.025288566131538005, 0.03562236138960819, 0.030126641289487357, 0.043984445370274496, 0.039852243564474386, 0.21459552943207294]
                  , [0.059831596145077784, 0.01369148681865285, 0.04550702316407599, 0.05072478689464592, 0.03648589119516407, 0.03347630874611379, 0.16045811761658044, 0.02389639792573397, 0.05556557833678756, 0.04829019576856653, 0.017614702668393784, 0.06842636536960271, 0.02263808858929189, 0.07536901887046629, 0.07068508011744387, 0.060867435770293604, 0.047823795568221056, 0.03449286675647669, 0.012612257237132985, 0.06154301364075995]
                  , [0.023260317846830886, 0.0072893456433098525, 0.0049640642901409085, 0.007432436916725502, 0.07393987838380292, 0.006266680966901403, 0.008093517151584486, 0.09130478174647891, 0.009406089926760536, 0.5041170052816888, 0.10371133735563356, 0.006623596476760592, 0.0074810095850350415, 0.014653916710211268, 0.011263850808978869, 0.013156809419014016, 0.017220451568661997, 0.06464948905809861, 0.007764048786443667, 0.017401380389612663]
                  , [0.0596361551243607, 0.015125654103104598, 0.018072743650026424, 0.028260032388428107, 0.049839975921150116, 0.020495845960486904, 0.01991698677985535, 0.13312279529017473, 0.03211200256729582, 0.18087951972129113, 0.05229888783736111, 0.023060130740871432, 0.023207229588992774, 0.031027712490739108, 0.03165741496366195, 0.042136694533427436, 0.057775385593579115, 0.13728639899453146, 0.01170219009419651, 0.03238624171846886]
                  , [0.08489407373361671, 0.03415446757987961, 0.036805700499468644, 0.048936482036840215, 0.040044147477860434, 0.04381778974849447, 0.03620324995129297, 0.050091439169323355, 0.04794852267091751, 0.08307527860432165, 0.031314807339709524, 0.04726072705100956, 0.03480373376726886, 0.04827022212185619, 0.050786057438894784, 0.08824801326602906, 0.07133971567304287, 0.06441802912504424, 0.020984865909316336, 0.03660267083244776]
                  , [0.0475517842056242, 0.008058378356260061, 0.02208036289091888, 0.0436836150313452, 0.00903148254558473, 0.024406874313809807, 0.03580248307182518, 0.016709419914203855, 0.20586174547734132, 0.03367805225864236, 0.014578217720222105, 0.04056933358051228, 0.015083736809600568, 0.07987089754612214, 0.27383696435608124, 0.04431027300555247, 0.04290111622246102, 0.023486319023822533, 0.005857028674726855, 0.012641921944653418]
                  , [0.03506471864991036, 0.006849069496570928, 0.003657692049012576, 0.007038174252603356, 0.037172493645421904, 0.005782266538240738, 0.00518039200251344, 0.2179404250269295, 0.007806485264093381, 0.3040902177737887, 0.05821544848294438, 0.005175863984739799, 0.006650009663016175, 0.00958954234685816, 0.009050582499640837, 0.011498347054757767, 0.026256379195691237, 0.22925894560143623, 0.003694749148132846, 0.01002820130215442]
                  , [0.021964383928248718, 0.00533245049197541, 0.0022184725770832345, 0.0035941770043376384, 0.009553321856678051, 0.0027836214346646376, 0.002334662044822026, 0.4106282248328212, 0.004068942998915484, 0.07040721888902945, 0.017611958373938176, 0.00361137141279589, 0.0029496781791072714, 0.0034502908246881667, 0.003321042671606801, 0.006046527578890015, 0.020906583450207843, 0.40477154870775356, 0.001157613666600419, 0.003287914951563331]
                  , [0.09842491920684576, 0.012362019825542879, 0.03925467303275668, 0.05289485818365844, 0.020185185675929335, 0.040490292145748966, 0.030288984197644468, 0.033264581924917117, 0.05482924380198748, 0.0583667791626795, 0.01928922905778435, 0.03699760668016194, 0.1786109627346339, 0.05241111370445346, 0.051215321282664705, 0.0791960132554288, 0.06328717730401177, 0.052228731540301915, 0.007788183106367313, 0.018614114008649246]
                  , [0.05265480881158888, 0.013678081916958849, 0.01559598811810297, 0.023371268540321115, 0.05815714510555457, 0.018879605499169706, 0.021288084856431064, 0.08719903530725229, 0.02601700385956822, 0.28828751725410595, 0.07112554264052404, 0.0204712468001477, 0.02394396522458018, 0.03605579613397307, 0.03346196324045024, 0.03958439276988367, 0.04437955038568001, 0.08194101813987822, 0.013946030851448602, 0.029961955888540327]
                  , [0.025609356478847295, 0.012282660888786257, 0.009958359634213876, 0.011805784830962299, 0.3124768636615552, 0.010383836892665838, 0.039859572052466215, 0.029400081302420097, 0.013030872787178994, 0.08079767006096436, 0.02160431562885646, 0.017630581668206125, 0.008935552556992448, 0.014847732083872096, 0.015918614681322718, 0.02307297140587472, 0.019496071078884264, 0.031664072726768924, 0.046312653541104795, 0.2549123705893223]
                  , [0.29761841211667917, 0.01912673875037398, 0.03637897392109199, 0.05134159022625279, 0.012628558371353779, 0.06973971005983542, 0.017627351048055347, 0.023628066143418135, 0.03881240292258788, 0.03410562526925959, 0.015592642798616304, 0.029973982632759903, 0.03253952530104712, 0.038278289736350044, 0.0352649852000748, 0.10593239956993275, 0.06612446746447269, 0.058102552614061324, 0.004974288540931199, 0.012209436078159965]
                  , [0.03749044969772804, 0.006492011305352327, 0.017683824780130947, 0.04448546031767425, 0.006505632120908746, 0.020318744153253833, 0.02760334842722372, 0.014921105793222901, 0.31426350808625264, 0.027879726526761642, 0.014098286772814795, 0.0407217562264151, 0.013280987146707779, 0.07945320504813239, 0.22764730650750806, 0.039508221834809266, 0.03633311870427418, 0.019163782791682675, 0.002956876824547547, 0.009192637311513159]
                  , [0.06305845985331023, 0.022066289320401482, 0.03296120374252072, 0.03722538882069098, 0.10685629572476338, 0.032302070980505804, 0.05826513882455135, 0.0366306102123142, 0.04132851781123336, 0.06976325143601618, 0.02469243937077784, 0.04455467171202471, 0.022650142232387573, 0.03964176799459564, 0.043450161339509755, 0.06246703436402237, 0.04836356957730169, 0.04729209423084348, 0.031259932218104525, 0.13517096592549693]
                  , [0.022270637565815377, 0.005647408317269161, 0.0030715897251473515, 0.005187653094302649, 0.030795464458153225, 0.00380551101021636, 0.003700252532023541, 0.3437874406679766, 0.006381497754027535, 0.2577895444007864, 0.05590270356778, 0.0044136305497052, 0.0044110487862475505, 0.005963198102946911, 0.005473618944990238, 0.007936833296660215, 0.01949712072888004, 0.20270602294106035, 0.002706478094282913, 0.008552348954616928]
                  , [0.09984430729488704, 0.015796976227051136, 0.034350176805390376, 0.034992239968291705, 0.010206712342845835, 0.036183128749504447, 0.016748830197384067, 0.021896611032500846, 0.038905119363852624, 0.023833729445104895, 0.014676292562227524, 0.05974822129409433, 0.023677607687673408, 0.03059498605628219, 0.028867475991478365, 0.21877328478002403, 0.23840966032500993, 0.0378309671938169, 0.004199857623265949, 0.010463817099484699]
                  , [0.08748281400519377, 0.00840547325629247, 0.05844803137235318, 0.037455906869756306, 0.007049308156811811, 0.4609396779864166, 0.016030527461046745, 0.008288733220135854, 0.034020497830603263, 0.013396723628046447, 0.006498818982221342, 0.06366950480942866, 0.01692320068817418, 0.025190132025569266, 0.02895126277666804, 0.07216986459648422, 0.028162998645625232, 0.01546418162005593, 0.004012268997203371, 0.0074400735459448746]
                  , [0.10882858887106475, 0.012883388061159013, 0.05873392934228995, 0.048610744896731575, 0.012227266561058804, 0.3204508726689389, 0.021749636831762585, 0.01353755870864249, 0.039300956793663536, 0.023936170230599504, 0.010176375959494673, 0.05817339493743735, 0.025382375162622848, 0.033895538849007464, 0.037279899655103255, 0.08706686281732504, 0.04240701511730495, 0.0255249932524564, 0.0065746953950270816, 0.013259733823541113]
                  , [0.05222357117004049, 0.004952358564230763, 0.22774409898785392, 0.09317393134008106, 0.007113837532591087, 0.06263300760728746, 0.03067295190161944, 0.009977662543522225, 0.05636387855263158, 0.014042724510526239, 0.006325073419028444, 0.18191716645749015, 0.015972190394129514, 0.04011970486639676, 0.02657637752834011, 0.0891539292145749, 0.049862485425101216, 0.0148885010748986, 0.0033338296789473688, 0.012952720456882602]
                  , [0.17910667353420207, 0.006915545792385993, 0.0587752869157166, 0.09773299150651478, 0.007261838847516286, 0.046394327467426666, 0.029701417972312696, 0.013578534708672596, 0.08220304023004892, 0.03183867718037455, 0.010564987196050516, 0.03313411399429965, 0.022084524903501653, 0.09267626866856687, 0.11638113729030952, 0.0692090539698697, 0.058002686490228016, 0.03188131023004886, 0.0040937328296416905, 0.00846385684303733]
                  , [0.027711772020618655, 0.011323652163917529, 0.013705986546391748, 0.014350578424742355, 0.19593542317938123, 0.013876795883505127, 0.06900180842680403, 0.02190559163505152, 0.016020923744329764, 0.052638695748453576, 0.015146068454845387, 0.02353509972783503, 0.010681932890103083, 0.01930361274432993, 0.01858791179999995, 0.026783782278350536, 0.021831864781443243, 0.026342581026804056, 0.051158275763298997, 0.3501576307216492]
                  , [0.34067683844241925, 0.03003073039001654, 0.01816467820650361, 0.022430194589892323, 0.008195860385874137, 0.07439346653686828, 0.009760661009942023, 0.015621489879453124, 0.018106235801574055, 0.019494483878831945, 0.010865794637945314, 0.025212862949461456, 0.023603836919428307, 0.01859024293082029, 0.015395866293703375, 0.21150494262634661, 0.08173638209403472, 0.04590130114125921, 0.0026106815450082947, 0.007703434526304828]
                  , [0.12229223069822229, 0.0049577260430070744, 0.0267146176748769, 0.0346151346697366, 0.0075569075802099026, 0.02584278751552787, 0.012037745997644012, 0.014262974473548934, 0.028593789164917567, 0.02529008698222332, 0.007646328874491324, 0.017617025629042635, 0.4753526243306908, 0.028134148064896114, 0.025507467797815455, 0.06755786970443349, 0.03761143164275005, 0.028510960529021162, 0.002998885421696295, 0.006899261912615171]
                  , [0.1964707235729846, 0.030451254061220054, 0.0166452329013072, 0.02647399637254895, 0.01756344634967325, 0.03517312507189549, 0.013225441258387809, 0.0811588450217865, 0.021968438587581636, 0.06441259226797383, 0.029996396871459687, 0.02193320299128538, 0.02733758420718955, 0.023330549636165557, 0.021613355688235285, 0.08190262585403049, 0.09941834472984744, 0.17300914579520676, 0.005173174032244009, 0.012742532172548972]
                  , [0.04222086283187768, 0.009962831498034945, 0.00994255655240183, 0.016660152658515268, 0.03805607806659389, 0.010933134923580723, 0.010678748612008763, 0.26942695174672515, 0.021264874478384148, 0.15450950692358073, 0.05924128308078602, 0.014360957914847147, 0.01089149848078606, 0.015712768241703087, 0.01577237670131005, 0.024633004248908325, 0.05222210174017468, 0.19731654763537138, 0.0056984936947598215, 0.02049525288275109]
                  , [0.07786312631614055, 0.0027815451937972455, 0.16048617491107167, 0.36962328034682, 0.003856902385726904, 0.026652981865273484, 0.0158111391373944, 0.00817191628345934, 0.05603354143397065, 0.013937226071142866, 0.006135284359715467, 0.03634650312805689, 0.01652272891796352, 0.0824779574255223, 0.025888395075589096, 0.03951920852156509, 0.03211426891062698, 0.018905147400844903, 0.0015790686493775009, 0.0052936097285461]
                  , [0.0680971650225938, 0.011588283903750562, 0.027652118309986404, 0.06637777456845911, 0.018618229052191567, 0.019092180915273364, 0.024962587031179394, 0.10693307823316768, 0.07607632550610025, 0.07840742760054226, 0.03284380444645277, 0.03278842366922727, 0.020177339345910504, 0.059877369484862185, 0.06357635112742882, 0.04627144455038398, 0.07918527790555807, 0.14239438235427024, 0.006474467743786714, 0.01860597200858563]
                  , [0.06995495627433229, 0.0048019144856948776, 0.02940709990629236, 0.016366789579900252, 0.003335470366455408, 0.7103324898143958, 0.0066810524287007345, 0.004448385956768067, 0.014528730874603817, 0.006910671172476235, 0.0033779902924400557, 0.031153427942507937, 0.006909523571299189, 0.010892142577863341, 0.01202818615323678, 0.039945703673607974, 0.014253851201901348, 0.009304554339067586, 0.0017987131367813228, 0.0035683363078316127]
                  , [0.10361321803071981, 0.007663564408986688, 0.03604428051535989, 0.022524442390875754, 0.005421275083447988, 0.5865318092618075, 0.011073806963090295, 0.006479878903943158, 0.02027946289156353, 0.010328726054562101, 0.005284400916322797, 0.040117426556625396, 0.010796789521779045, 0.015558061537826715, 0.01894533599495646, 0.05762762914718018, 0.020444824342044962, 0.012986703554332735, 0.002603050479413089, 0.005675313752636423]
                  , [0.014404820415800795, 0.008326262678309083, 0.005685262875721887, 0.006149304976206971, 0.3557277666897676, 0.005537252830214931, 0.03548928400138604, 0.015914822967197817, 0.006949459022175926, 0.0469412317301916, 0.012744156234234225, 0.011627074273042264, 0.00441513451328247, 0.008169276226611316, 0.008214183759990633, 0.014105926166089126, 0.011085231109493984, 0.016942468308385306, 0.03237728349064445, 0.3791938034188036]
                  , [0.04222810816264364, 0.014699016135458168, 0.012067669911413212, 0.016342069108272822, 0.17911530560112499, 0.015430001989688219, 0.02922794945746425, 0.08973722532692759, 0.017899192635341114, 0.1832932956175299, 0.04890526644012182, 0.017552446561987345, 0.013416146851417801, 0.020949796538551675, 0.020964533423013822, 0.030603575394890933, 0.03116407979376614, 0.08038459432622451, 0.02651549429692993, 0.1095042374853527]
                  , [0.21198056420508013, 0.0036277814865239948, 0.11121441515498598, 0.1866037672624652, 0.004484768177563478, 0.04559190394402635, 0.016393592234242714, 0.009919603994825818, 0.05637354451317028, 0.017988296959078054, 0.0071190303955785544, 0.03285228768297271, 0.028627555119943558, 0.06951566035512695, 0.045372627398871115, 0.06903399806914394, 0.04940703374176858, 0.02642915871683925, 0.0021743173984713083, 0.0052900897843367704]
                  , [0.013612872759523872, 0.003971180829904797, 0.002627608286190429, 0.0037434206071427292, 0.04628722230285713, 0.003301300704285595, 0.003935986910476176, 0.08701774789285711, 0.004789771428095335, 0.6446700085714283, 0.0805384662097619, 0.0036066116514285526, 0.00511227754928565, 0.008449825838095282, 0.005676519893571354, 0.00802329907190455, 0.011147591611904734, 0.05283752096428572, 0.003348730684952391, 0.007302035522619037]
                  , [0.06765920959247652, 0.003823942800168798, 0.03482170109959007, 0.09244313991077893, 0.00594158774825182, 0.02445434683916079, 0.02067107830431637, 0.018233568122980354, 0.2994967627200387, 0.024700643670122938, 0.013861864864239232, 0.0518055731010369, 0.015362232562816495, 0.09861243648179402, 0.0892085185338799, 0.0491850068097419, 0.05333151649385098, 0.025232529455027818, 0.002380152750759603, 0.0087741973689414]
                  , [0.05290996729405763, 0.004484430737643468, 0.3499967222647274, 0.11593395465442495, 0.006163440105330285, 0.05409230120377455, 0.025255299071155316, 0.007882655784238773, 0.03580912179291003, 0.013246303812802715, 0.006004216813822988, 0.1310096068477429, 0.01691879686993111, 0.034339010397857674, 0.02175001730425913, 0.060326058467227724, 0.03718591158377963, 0.014396149535832653, 0.0027704183993879222, 0.009525618530476891]
                  , [0.11433123875770021, 0.024668329829568826, 0.034348617700205385, 0.027027750264373727, 0.012130967910164204, 0.05216925457648869, 0.017179160652207405, 0.015530968452258868, 0.02890902431211496, 0.023093685854722837, 0.011091948976642698, 0.06586382534137578, 0.02577254548228953, 0.02450287630646813, 0.02404109386370635, 0.3214667389630389, 0.13552779891940456, 0.02616382831108819, 0.0044114786003593325, 0.011768864493583244]
                  , [0.05942033017834068, 0.013025533063323857, 0.022810598181442158, 0.0514456867407599, 0.03149654397596277, 0.021618544799689797, 0.036599883721891935, 0.05186143268544845, 0.08162634522874128, 0.17384336838976466, 0.0446249308296717, 0.0314743934349961, 0.019681321281985003, 0.0816780367872835, 0.09192591231067446, 0.04243960020677172, 0.04934581397518739, 0.05477562613078313, 0.012383265216076508, 0.027922836408115787]
                  , [0.44958368286976924, 0.02547793731245125, 0.017759681350143018, 0.02543586586820889, 0.007341496018455865, 0.061160520059786845, 0.00896563333480634, 0.019962233854431993, 0.018044875455159898, 0.022910103841954826, 0.010721644679490511, 0.015470232805562787, 0.02085401270860407, 0.016916957721601223, 0.01611837346165839, 0.10588452848713274, 0.07677555671172342, 0.07168307089680269, 0.0023865475817000208, 0.006547043455159864]
                  , [0.23959786376096529, 0.018972293158443, 0.035284224377741265, 0.03478707925438597, 0.011511220532894703, 0.21908397861842083, 0.015444312434210515, 0.014846247894736875, 0.02700999356880484, 0.024371485894462752, 0.011262036975603058, 0.03482935572642546, 0.028004750090734654, 0.026460120778508782, 0.02735265455317982, 0.12594248569078945, 0.05481393113760964, 0.03530762138706144, 0.0050853804682017365, 0.010032954297971554]
                  , [0.04949746915104735, 0.0069705153701212896, 0.027624380369349572, 0.07797068640573315, 0.00726604948456451, 0.020890654403803686, 0.04740309294928337, 0.01625034785336267, 0.16784823137541402, 0.037345601767916174, 0.013581054050440999, 0.04146238110529217, 0.013731908243660437, 0.18583417557883133, 0.1656538272326349, 0.042880152601984564, 0.040118760862734304, 0.022264904525909512, 0.00447464746609702, 0.010931168900496092]
                  , [0.03881936999152535, 0.001863319532711856, 0.32238477401129945, 0.3979865048022608, 0.002753671251412411, 0.02215656719548017, 0.009631533384745773, 0.004833688078531184, 0.025701811057344624, 0.008398219565818987, 0.0038559784276836033, 0.03444572196045199, 0.011844158333333327, 0.04326164479350283, 0.009494883054802172, 0.026846323538135597, 0.021043862483898265, 0.01015360833192068, 0.001031208292824862, 0.0034931595542373635]
                  , [0.014157396796649305, 0.008352406696216053, 0.006192545305603883, 0.006983556975447711, 0.26392428740612384, 0.00597691019959571, 0.04329872584633157, 0.012795541231369008, 0.007857278461294082, 0.03209870636915063, 0.008450636380127094, 0.012602388071346074, 0.004261221556037007, 0.009334557294627434, 0.00877476417562105, 0.014157593541305677, 0.011255438902368547, 0.014599089370306115, 0.03052723438850378, 0.4843997270363965]
                  , [0.030947961279411774, 0.005146473896470579, 0.001962736470000302, 0.003859314741176373, 0.006874869253529391, 0.003053011601470451, 0.00207945945000005, 0.29277628205882317, 0.00335471434294108, 0.05757774912588234, 0.014522231759411778, 0.0032655065097059385, 0.002976670789705871, 0.00304188779117643, 0.0034920568561764703, 0.006579993518235211, 0.02060810190588231, 0.5339574047058822, 0.0008029362569117564, 0.00312063902382341]
                  , [0.04439386495252224, 0.0031095744421365083, 0.012941693500890271, 0.008678978554006074, 0.001770585603560762, 0.8391742183976261, 0.003771865239169083, 0.0026309577154302877, 0.00765641371127581, 0.003981163996142359, 0.0022110859599406597, 0.014124606827299668, 0.004135016298516338, 0.005581614096142502, 0.006824089272700284, 0.022457648744807213, 0.00804766263056371, 0.005589873203264095, 0.0010790299725222437, 0.0018400505931750952]
                  , [0.07225728317910451, 0.0032070850826567254, 0.09233346391641793, 0.2687055450746271, 0.004871741036716476, 0.026693830919403007, 0.017575688798507457, 0.011997886158806037, 0.15173859555223881, 0.017626974874626694, 0.008837375479701485, 0.046655183644776124, 0.016303474437313444, 0.08988281157611955, 0.053539056262686555, 0.04425105923283583, 0.04116313132835819, 0.021853234391044876, 0.002006186497283585, 0.008500395606268588]
                  , [0.25143953802395236, 0.0235640804742515, 0.016558554369760496, 0.021659978760479107, 0.008990707362275533, 0.03860943853293415, 0.009352525789520949, 0.02805357281437125, 0.01962432410778435, 0.02844469837425144, 0.017573224807784435, 0.02491520132934129, 0.02295812164850298, 0.01792449290119762, 0.016865305616766454, 0.14757072688922135, 0.21298326137724533, 0.08222267588622754, 0.0030677421332335093, 0.007621825709880282]
                  , [0.06631264644404333, 0.011420704573766548, 0.06659021475932608, 0.031940454494584845, 0.00898563510168477, 0.05168589978339349, 0.027675341974428412, 0.013679226917569204, 0.04065363278279177, 0.016749683586040898, 0.009248216244284006, 0.2145103359807457, 0.015415968515944668, 0.03261405358904935, 0.027285033011131117, 0.22091220403128753, 0.10995137083333342, 0.01908885363417573, 0.0031226136107100127, 0.012157905536401906]
                  , [0.08414866081626315, 0.015878842048851646, 0.013857977774053364, 0.02500859562693978, 0.014481608028864081, 0.01556386741464938, 0.012313333961204202, 0.12315942397889493, 0.025797201495965164, 0.06053927343265052, 0.030280275891061446, 0.0252767019459963, 0.015923939709497174, 0.024194483758535074, 0.02335585330540038, 0.062265086648044685, 0.19505632098075731, 0.21711028640595914, 0.0037256883041589008, 0.012062591202048441]
                  , [0.029020372082294424, 0.01377719721957606, 0.009043281344762982, 0.011209045075436165, 0.3381255729426435, 0.011997638481608563, 0.024966941454177057, 0.05215755757169579, 0.011741892916147127, 0.14913031159601012, 0.03725164518391521, 0.014040490034289248, 0.009075297605673324, 0.015365359201994989, 0.013716083462905218, 0.02545192026807999, 0.020749817696384114, 0.04557551502493771, 0.028632601900561078, 0.13897145477867826]
                  , [0.02346727004693351, 0.009568536870775963, 0.0058340631004380125, 0.007255348467459302, 0.21831621980600757, 0.007608006513767064, 0.013412269747496836, 0.0775995811827284, 0.00910710232603252, 0.3443924668335422, 0.07716215981539437, 0.008741752504067592, 0.007026545161764708, 0.011237324993116325, 0.01013445974061325, 0.014543940804129997, 0.016882870316020086, 0.05704914923654563, 0.017996887596996233, 0.06266404045056317]
                  , [0.015021438979397617, 0.007748044585832021, 0.005066602216481732, 0.006375588609508619, 0.4688648006339155, 0.005575118341045855, 0.021222549526148975, 0.018475947655467527, 0.006460429812678352, 0.0662177494453249, 0.016633182477337548, 0.008974129933438976, 0.005046241898890632, 0.008512102594294774, 0.007555595237717934, 0.013652763873217087, 0.010911629844690879, 0.020193975232963512, 0.02698614234009509, 0.2605059635499205]
                  , [0.016674503041104682, 0.003788823081470787, 0.0023166045953757763, 0.004015728357096966, 0.013533732172768091, 0.0028961472190110055, 0.0023677429495825505, 0.513714562620423, 0.0047434871840077095, 0.11165731062941556, 0.029944434857418115, 0.003817910868015424, 0.002225531667630065, 0.0034452611509312656, 0.003571345232498281, 0.0057168816111109605, 0.018554378201669892, 0.2518224806807964, 0.0010012519655748283, 0.004191880854206836]
                  , [0.19231636481237652, 0.02717328687162604, 0.008924442419025708, 0.015084517963792024, 0.012453013765964374, 0.01905820920671491, 0.00747520848847924, 0.11243448820276494, 0.013049624322909917, 0.062148738344305454, 0.0237422752281106, 0.01026122454443714, 0.01669261284002632, 0.013059766233706409, 0.013135305126728142, 0.042277938011849814, 0.07845615002304147, 0.3210387228439763, 0.0030650951234364784, 0.00815302927024358]
                  , [0.344295125042016, 0.03220992000067227, 0.009365973886050434, 0.015113945041344466, 0.00983181438521008, 0.03249200549781513, 0.006789698431260517, 0.05660475993277313, 0.012792191619495755, 0.04351180055798322, 0.017944757165042017, 0.01122971136268907, 0.016407460714958005, 0.01266739687159666, 0.012222825196638691, 0.06493761130756301, 0.08557741784873951, 0.2063290862521005, 0.0026317655731092427, 0.007044731384537848]
                  , [0.12563287382003396, 0.012089543628862477, 0.03689391643803057, 0.04034999588115449, 0.011274240585059384, 0.043191756736842085, 0.018461005601358237, 0.018573882016977905, 0.035036692641765725, 0.03205023969100182, 0.011518633491341274, 0.04080850997283531, 0.18656802658743643, 0.03608440297792868, 0.028603082526315826, 0.17583986651952438, 0.09894533770458408, 0.0326597918200339, 0.004569417643123939, 0.010848767848556939]
                  , [0.0712331403095238, 0.014069906325850343, 0.02277319679625852, 0.01703349960884344, 0.0066919835819727325, 0.02600956381972796, 0.010144731601020399, 0.011366601846938926, 0.018402371010204054, 0.013254824755102118, 0.008169012237074835, 0.04161445218707484, 0.014974300161904795, 0.01438631980612241, 0.01591602547755104, 0.32351461768707457, 0.34035514557823116, 0.020736904190476087, 0.00252311547278911, 0.006830292553061269]
                  , [0.12238801460535341, 0.0045550858675360555, 0.1020935073369938, 0.14698541355525055, 0.006723841525051462, 0.03813965968771454, 0.01804297164447495, 0.012635762299588307, 0.06185009155456417, 0.021464919632807097, 0.00784845707858613, 0.03651020711393274, 0.1808566690803018, 0.05202651574468086, 0.034650472004118034, 0.07069266460878518, 0.045800492875772134, 0.026321977772820845, 0.002698192056280032, 0.007715077366163465]
                  , [0.4864652835820895, 0.019745195447448793, 0.00910739002603276, 0.011102498285317702, 0.0038301100715029887, 0.05995318218396389, 0.005022711713988184, 0.007750265374869843, 0.0080343862665741, 0.009193228706351891, 0.0055913362759458865, 0.012459810591461291, 0.010796415042346356, 0.00959625930371398, 0.008294021754599104, 0.24908581117667464, 0.051223464890662956, 0.027333684914960063, 0.0013956166603956831, 0.004019330935092023]
                  , [0.04292337866062079, 0.0030189096948029705, 0.3927618911754443, 0.23867041925357504, 0.003734037918381526, 0.034940501559121005, 0.015680638748517613, 0.005545055066271301, 0.028920953044994816, 0.009438112260551024, 0.004364840977677045, 0.07445741069061729, 0.014478235253924016, 0.03566700510987097, 0.013384510236832882, 0.03776108459016398, 0.02609499899197766, 0.010840342532263736, 0.0017550886990931273, 0.005562588421695137]
                  , [0.02596029144866388, 0.005895897367440236, 0.009200545770042118, 0.02134976634317868, 0.004683942677918385, 0.015318153822784716, 0.024590056986990155, 0.00989462053727147, 0.29220130907172986, 0.019272321265822664, 0.008982596650140656, 0.025695940576652594, 0.009463386558720147, 0.052735420604782014, 0.39986981645569647, 0.027246185625878938, 0.024046904571026727, 0.012938076796765008, 0.003354421959212376, 0.007300350491912827]
                  , [0.04107877026146126, 0.004737128141833812, 0.06429900411532953, 0.06852584845272207, 0.008477944839541583, 0.040611370032234945, 0.04356420462750718, 0.014195445861031414, 0.19628234093839508, 0.021537232245702073, 0.010089815598137535, 0.15638228742836682, 0.013812937313037208, 0.07502140672636098, 0.08433591819126071, 0.06991776569126075, 0.053006819143982795, 0.015612668560171891, 0.002917889277041544, 0.015593214165114649]
                  , [0.044740224568081965, 0.008418054619326506, 0.12740615910322106, 0.043235431101756906, 0.010674774637628098, 0.05702974225475842, 0.04298170504172766, 0.01345439487079065, 0.05346616304172768, 0.01628384283674955, 0.008957582258052689, 0.3093068191800881, 0.011515405659590063, 0.03485804644948755, 0.02923838228770133, 0.09340744935578332, 0.05377264365300147, 0.01715359224377736, 0.0033309114016105337, 0.020768666019765753]
                  , [0.16583333329646, 0.025660142961209453, 0.018422399329645976, 0.028959849613938063, 0.03540544220243362, 0.03490742155973452, 0.018214391189159282, 0.06547147753687316, 0.02472873888458701, 0.1617884218289088, 0.05556880987094398, 0.02133699746312686, 0.02251495626769908, 0.03262081455383479, 0.03094294315671093, 0.061918573713126826, 0.06610422221238939, 0.09940510261061948, 0.009757239665929203, 0.020438723050884944]
                  , [0.2460913105828221, 0.00913202840812884, 0.031194729210122684, 0.04271021679831289, 0.008523279945552228, 0.047236805901073625, 0.013585891875000004, 0.017325984281825274, 0.030470287338957056, 0.025968842335122748, 0.010142817204371142, 0.02151388350843559, 0.23456594900306743, 0.029781847032208576, 0.028266065881901874, 0.0911032755291411, 0.05473001881901841, 0.04592310904141102, 0.004190001003105818, 0.007543655395322129]
                  , [0.022279220497493174, 0.004589304182028542, 0.007942987137678333, 0.020570021490165805, 0.003669336758580853, 0.013738227624373364, 0.017247257403779408, 0.008612792494407953, 0.43024990011569636, 0.015546974654840048, 0.008223561669880454, 0.02587440561126105, 0.008284989876205118, 0.0462327987736213, 0.30423528924026205, 0.023188863922097888, 0.021626712340917925, 0.011165706746625509, 0.002128760733706131, 0.00459287236444272]
                  , [0.05217087736310672, 0.005502031176310675, 0.1608851867999999, 0.0670024272815534, 0.005563014961165139, 0.26704165048543693, 0.025102411130097087, 0.006808643840388248, 0.043835845060194174, 0.01180747640776704, 0.005988096012427203, 0.14885910843495143, 0.013044210565825203, 0.036647266069902915, 0.02778295142135918, 0.0685802052, 0.030021532073786387, 0.011748600730097147, 0.0031508203992233023, 0.008457659052427166]
                  , [0.06499513474148298, 0.005575188506533064, 0.03425764826933869, 0.0780563664729459, 0.0081565044264529, 0.021029109804008024, 0.021188738781963923, 0.02743041370340684, 0.14258030167535088, 0.02675113389178361, 0.015639398439278543, 0.050870633150300604, 0.015848794915030075, 0.06810101112625251, 0.06856718179559117, 0.09465793708216438, 0.19442623166332682, 0.04856735327855711, 0.0034630226406412766, 0.009837887667735495]
                  , [0.08372716192932575, 0.014198842047319252, 0.025113324733956097, 0.027879401348497222, 0.010165783790008084, 0.020841082436636897, 0.014966566855402099, 0.04601377393582456, 0.03892241958164097, 0.03062950682493902, 0.021360757532900086, 0.04492960403614948, 0.016461711630787995, 0.025264352095857, 0.026243524230706687, 0.11310392071080429, 0.355270744110479, 0.07116149662063365, 0.0037509512075548333, 0.009995083475629548]
                  , [0.02888991816912969, 0.008145650334154347, 0.005759083004105062, 0.009385528345648694, 0.048689001724137954, 0.007533250080049209, 0.007638936660098482, 0.09414421089080462, 0.012086837426929363, 0.3947749876847292, 0.2209096469622339, 0.00878335072783256, 0.006368439733579614, 0.020696813464696245, 0.012744302548440084, 0.014787299265188979, 0.022871376096059118, 0.0570667991687192, 0.005035845128899828, 0.013688721800492638]
                  , [0.08166688896006659, 0.0035090754334442704, 0.013839552235856888, 0.01842232345757079, 0.004874755600665567, 0.014504757955074825, 0.007749870652662239, 0.008811610951331171, 0.015709233525790366, 0.017829332252495667, 0.005542245473793665, 0.010175687801164783, 0.6740377828618981, 0.01502873686356072, 0.012671505150166337, 0.04635376144758738, 0.024635674596505848, 0.017698327666389402, 0.002139022241680541, 0.004799848635482558]
                  , [0.6179701744379691, 0.022429035094837638, 0.006403394431307358, 0.0081160034550374, 0.0036213036124064096, 0.07422997103955031, 0.003280586292256478, 0.008841566740632793, 0.005835633077851815, 0.009822702228975716, 0.005464942390507949, 0.006439512638218146, 0.009890000865945003, 0.006106808111573665, 0.006428535101165651, 0.11647649669858443, 0.04391297444213155, 0.04025346701498742, 0.0012458931382181414, 0.003231007138634494]
                  , [0.05178231381234146, 0.011021142273879962, 0.018810992519019472, 0.0329193960735419, 0.010033447049873218, 0.024994396880811454, 0.045160519750633954, 0.015397119623837628, 0.12479823294590012, 0.03914128711327135, 0.012255637400676265, 0.029233477683854616, 0.014903832450972088, 0.07512669225274726, 0.37621722189349116, 0.04104785783601013, 0.03569479774302622, 0.02218209357988165, 0.006163699931530005, 0.013115842600169052]
                  , [0.26486024614726017, 0.012383664496575344, 0.01915834006421239, 0.01694645620376714, 0.00535961442294524, 0.43352812628424714, 0.007878595465753428, 0.0075696069259418505, 0.013974274583904135, 0.011348312906678037, 0.006918957451626712, 0.020631819280821917, 0.014533255729023968, 0.012893351070205502, 0.013236829482020568, 0.0850167576669521, 0.026862332833904143, 0.019699901369863042, 0.002277822879708912, 0.004921737594178032]
                  , [0.30500194708994766, 0.022054537390873024, 0.01207088203483251, 0.013183408695767306, 0.00633147361552034, 0.050950608523809525, 0.007098360338183448, 0.007773460249559112, 0.012004634939594291, 0.011092800750440682, 0.006215381255731917, 0.020848408815255775, 0.014217304600970003, 0.01279701656216926, 0.011266971706790148, 0.382570778218695, 0.07320703320105822, 0.02397541021604934, 0.0018322166635361542, 0.005507364987654296]
                  , [0.04652729187326532, 0.017276861256244228, 0.020313996822386653, 0.023563827682701224, 0.1169783675346902, 0.027139208566142457, 0.03577029746716002, 0.02966562681776133, 0.027152268991674337, 0.06944674149861244, 0.024867872349676225, 0.02495049581406112, 0.019750754639222955, 0.02859656430619796, 0.03922073273358001, 0.04162576750693801, 0.035510736493987075, 0.03758351486123965, 0.21564869518963936, 0.1184103840610547]
                  , [0.030062784505612603, 0.00355733389663237, 0.3187702034611787, 0.04977563117118806, 0.004747726712815745, 0.051425305158091655, 0.02882136063283442, 0.0068046430023384966, 0.03631641997006547, 0.00891338309728719, 0.004384737022918573, 0.300918173058934, 0.007843905278297439, 0.021023687688026167, 0.016052908251169333, 0.05614646393732461, 0.031640068868568766, 0.0098768659209542, 0.0018808056005612667, 0.011037581914405976]
                  , [0.09382259515091539, 0.01797953483819891, 0.003969935670954966, 0.008095779142009013, 0.009977690713508208, 0.011044511849579483, 0.0043786888218703655, 0.1467064620188026, 0.006944248222662076, 0.06572543002968828, 0.020939796318159325, 0.005524702761009401, 0.00712761113211282, 0.007129134403760444, 0.007621381902028747, 0.0168527848193964, 0.05163457871350815, 0.5077650865907969, 0.001765475624641263, 0.004994584611083579]
                  , [0.06234416981909548, 0.013649114356281408, 0.019041112296482414, 0.029973415522613102, 0.037202869964824116, 0.02189392956783922, 0.02210938748241206, 0.06951391077889447, 0.04233757851758794, 0.16535645432160792, 0.17586868321608054, 0.032282188688442195, 0.015960778442211068, 0.0580942247286432, 0.03371418688944721, 0.04241879123618094, 0.06114893981407035, 0.06100364308542708, 0.012034071606532666, 0.02405251793517589]
                  , [0.03821448774258415, 0.014829396502765208, 0.023087822810457535, 0.025588694389140285, 0.08461709663147315, 0.018404550055304038, 0.20004104147812987, 0.019124125811965757, 0.029219443162393163, 0.0456903712719959, 0.015325353262946184, 0.05317852077425842, 0.01156567721166412, 0.04381989227752639, 0.04081171089492206, 0.041828249733534426, 0.029085631588738038, 0.024921039175465058, 0.021802058653092003, 0.2188448324283562]
                  , [0.43472497521941156, 0.01968539738409913, 0.013607460398038188, 0.015370948182756881, 0.005468583223541573, 0.23945558286009283, 0.0069935756577181665, 0.008500348224057784, 0.011245402369643713, 0.013403396520392477, 0.007383641211667503, 0.013709437243159553, 0.014018775970056786, 0.010916739219927717, 0.01217499865255544, 0.10227486951471351, 0.03435743002065051, 0.030244198363448715, 0.0020996984248838587, 0.004364531846670093]
                  , [0.027422339118785916, 0.0030812265680271855, 0.5367583432757709, 0.08171524836002092, 0.0030175374290947396, 0.03226459880062801, 0.016286145407639965, 0.005040952071166935, 0.020340260123495525, 0.007811452810047151, 0.0034450391135531153, 0.1500059206959707, 0.008242687335426449, 0.019075586393511285, 0.012174712143903643, 0.03696450182103614, 0.021529428273155418, 0.007736216964416509, 0.0014526808062271003, 0.005635125527472477]
                  , [0.12046053956498955, 0.016274631027777778, 0.04337853587526205, 0.03154812960167715, 0.009174310893081745, 0.22404647379454928, 0.01730252530083857, 0.01094479748532503, 0.02868304612683437, 0.017565517791404694, 0.009683977438679228, 0.06853135833333335, 0.02092282827568133, 0.02612520984276729, 0.026881066137316553, 0.2269205817610062, 0.06940905918238993, 0.01878438654612157, 0.004188320994287215, 0.009174701440775652]
                  , [0.11720134921374488, 0.23819940011648286, 0.019837348024461243, 0.0220847701281304, 0.024563982801397773, 0.045002096557949914, 0.018638003849737912, 0.03235120195107748, 0.02467050530576582, 0.0462604078625509, 0.021078546307513102, 0.0349930908910891, 0.020676839534071075, 0.024442532446126958, 0.02940655764705881, 0.10986893856726845, 0.06833821192778101, 0.06783544775771694, 0.011853371096680254, 0.022697396036691908]
                  , [0.062459173834631496, 0.004396786975614143, 0.06699822541282206, 0.2588359628520073, 0.006253679428999348, 0.021791629537447614, 0.0266194865925704, 0.014424007284002387, 0.07356169227082086, 0.02517109063511097, 0.01121336841222289, 0.033541970906530855, 0.012595928840023942, 0.22052165068903523, 0.047399206091072496, 0.039132833301378026, 0.0383617628460156, 0.025000161977231962, 0.0029596295308567996, 0.008761745825044905]
                  , [0.07520635018991485, 0.01842371839620171, 0.018126295240340567, 0.01265917469351674, 0.007893070029469595, 0.03321117431434184, 0.008364978091683031, 0.008506740543549468, 0.013545963655533726, 0.013419574880157117, 0.006382302878847414, 0.04017919159790439, 0.015722526225933203, 0.011081947763588791, 0.013829808657498291, 0.49666180157170847, 0.1831794508578912, 0.013862007193189127, 0.003202979024885389, 0.006540939280288188]
                  , [0.04734710209271524, 0.007425185687748348, 0.017029237567549642, 0.010808669036423905, 0.003606584707284727, 0.013377613586092789, 0.0055292882622516235, 0.009682143433112557, 0.018049425582781484, 0.009722551684106032, 0.006701205760264884, 0.03178094374569537, 0.009469233085430458, 0.009858266508609312, 0.010307397900662242, 0.2412493100066227, 0.5242198927152313, 0.01869121826953643, 0.0015032901198675543, 0.003641426680132419]
                  , [0.06851362611413042, 0.009865866475543477, 0.04983218091032609, 0.055401217697010875, 0.009953963504755407, 0.18866620414402158, 0.03402371720855978, 0.012385362588315227, 0.1127196498777173, 0.0239520995516304, 0.011039756467391287, 0.0755640578464674, 0.0216608097853261, 0.05596323973505435, 0.12395595394021741, 0.06760366433423913, 0.03939534434103262, 0.0194485593138587, 0.007332445363451089, 0.012722264187499985]
                  , [0.04417636414809491, 0.010087411787203453, 0.0520554527821711, 0.031165906153846182, 0.019215154493170374, 0.03221666348670021, 0.19617054665708109, 0.013663497066858404, 0.04438117872753415, 0.02559293020848312, 0.010547619868439962, 0.23141264629762737, 0.013490750125808786, 0.06127846950395398, 0.045618672185478076, 0.06351889696621137, 0.03862203360891443, 0.0178379514234365, 0.00542491809633357, 0.043522925621854794]
                  , [0.046165981984905693, 0.007561906279245283, 0.02308466566641508, 0.06815064787924528, 0.01101871035471694, 0.021418181689056584, 0.07498881789433953, 0.014632086633962267, 0.06865166849056603, 0.04769584729811321, 0.026321856704905663, 0.03538265705660377, 0.024803651711698106, 0.3537347411320758, 0.06357240123169815, 0.038607690105660356, 0.033889239833962276, 0.01992064496603764, 0.005112178316226415, 0.015286436395471704]
                  , [0.03425736115567482, 0.0029177988752300803, 0.01674351555828222, 0.05552425665644172, 0.0034425538934049135, 0.014975072585122713, 0.015155908678680998, 0.010305370639570606, 0.49668641180981576, 0.014349717900306716, 0.009131325786042949, 0.04616139570628835, 0.009418309608128807, 0.06380585652377299, 0.11710911726840492, 0.02593985101073617, 0.04326583074386501, 0.014321600592024572, 0.0017671911185582825, 0.004721554240797558]
                  , [0.014306334225352199, 0.010250186719405315, 0.0048958304945226905, 0.006581885362284802, 0.5611468333333335, 0.007751198548513298, 0.011192161244913935, 0.029968184076682322, 0.007050960951486732, 0.11214677996870108, 0.022112631934272306, 0.00818823268075114, 0.004893301064162775, 0.007771088927230052, 0.0064278698192487965, 0.020385617746478922, 0.013864581830985927, 0.02352764840219093, 0.01832620020892018, 0.10921247460093902]
                  , [0.03308219415758586, 0.008562333920368814, 0.028378929564124078, 0.026164708792958895, 0.026248358601005876, 0.016566910293377993, 0.40585943671416574, 0.013698225481978174, 0.03367964595976533, 0.028309513663034434, 0.011831484073763622, 0.06868553963956413, 0.01351601874266551, 0.08646380726739313, 0.04339794538139145, 0.03255209491198659, 0.028113999346186087, 0.01917818935456836, 0.006869612837384744, 0.06884104070326906]
                  , [0.013325690210992919, 0.006355619630319148, 0.006706002504432575, 0.005998350026595711, 0.13580920245567382, 0.008406243470744784, 0.0585330766303192, 0.010280191132092234, 0.009207907207446762, 0.019232770239361652, 0.005324409109042562, 0.013165054135638302, 0.003635573413120593, 0.008322664387411367, 0.00885087767464543, 0.014161732703900698, 0.011560596950354607, 0.01304345327127665, 0.01648251317198581, 0.6315980851063827]
                  , [0.046364648307984736, 0.0018225555736691886, 0.14655431335456293, 0.5413624572243341, 0.0026384438022813497, 0.027416670477186343, 0.009107077410646362, 0.005635213931558927, 0.041142167338403035, 0.008777498469581743, 0.004601330276615984, 0.021645873659695863, 0.006769807323193863, 0.06073051810171104, 0.012831793981939107, 0.02292935509505698, 0.019334198593155938, 0.015262234705323202, 0.0014081741492395373, 0.0036656658602661277]
                  , [0.02400328283109396, 0.006191480504798464, 0.008397217690019193, 0.015958826372360825, 0.0053314587418425985, 0.01547309246641073, 0.022217621076775433, 0.010483151890594934, 0.1361599920441459, 0.02051498302303266, 0.007522760881957781, 0.016870341391554692, 0.007671126028790807, 0.03388014037428023, 0.6077730268714002, 0.022504855163147805, 0.01782398537428021, 0.011677268003838781, 0.0023583221324376133, 0.007187060870441488]
                  , [0.031108265258064483, 0.008051469949462367, 0.013114041034408594, 0.015243572151612941, 0.09499764990322589, 0.02254160143010757, 0.01934549790322581, 0.018420989580645225, 0.01801786583978493, 0.05102108002150538, 0.015267883096774194, 0.01744892324731184, 0.016712388977419373, 0.017030282370967764, 0.02325785929892472, 0.027790257763440816, 0.024061433634408616, 0.025643477655913863, 0.44822496021505437, 0.09270048740860215]
                  , [0.02555795678610201, 0.007303134663409337, 0.10212470353311623, 0.02051203611292076, 0.006482634333333369, 0.024806008028230242, 0.048164988602605874, 0.007395801563517906, 0.042297037763300765, 0.009975555385450474, 0.005833924832790431, 0.5186157958740496, 0.006738889687296433, 0.0197641006199783, 0.017985091041259515, 0.07299985167209555, 0.040536775190010844, 0.009859512844733992, 0.0017701696384364706, 0.011276025718783927]
                  , [0.018884401044957505, 0.7876257484811668, 0.0075510498748481494, 0.008334806792223579, 0.008152361940461695, 0.013403734823815246, 0.00778985192831106, 0.010573679515188325, 0.009243740218712007, 0.011928554799513949, 0.0062544257825030355, 0.010338825611178597, 0.008066575964763047, 0.008490928114216277, 0.01214066452733898, 0.029397267095990255, 0.015856377630619638, 0.013796706488456906, 0.004648174916160392, 0.0075221121640340165]
                  , [0.013755825258467025, 0.003911993884135458, 0.006913757016042785, 0.008636268245989245, 0.03728853037433155, 0.014771031809269156, 0.00667940877896615, 0.007474578484848497, 0.008333249201426002, 0.021183525361853833, 0.008545083802139045, 0.008018514486631032, 0.005978209540106961, 0.009652471675579331, 0.01103727075935828, 0.01276627908199645, 0.012637185614973283, 0.01307660868983955, 0.7573985080213901, 0.03194170010695187]
                  , [0.030637839787685806, 0.006960372108280256, 0.006254218779193209, 0.010729303377919316, 0.020911313681528668, 0.00869396929936303, 0.008002458027600867, 0.11016547777070063, 0.01774966988110406, 0.17692142414012735, 0.42374777919320616, 0.011237273220806802, 0.006011002422505296, 0.024934990184713367, 0.01257646897876858, 0.016235517197452275, 0.03451116662420382, 0.059873159681528676, 0.003740968853715501, 0.010105653845010627]
                  ]
distribution_weights <- [ 0.016318530355110532, 0.016207402638708467, 0.015243657098187086, 0.015163185303551105, 0.014994577733837623, 0.014871954046773272, 0.014688018516176746, 0.014504082985580221, 0.014362299347412065, 0.014314399469652553, 0.013570993366824928, 0.013415797762884108, 0.013371729875345358, 0.013321914002475465, 0.012814175298224638, 0.012620659792076211, 0.012557431953433654, 0.012467380183245773, 0.01245588421258349, 0.01209950912205272, 0.012070769195397013, 0.011953893493663804, 0.011637754300451025, 0.011474894716068685, 0.011315867121907104, 0.011264135253926832, 0.011166419503297428, 0.011118519625537915, 0.01109935967443411, 0.011093611689102969, 0.010882852226961117, 0.010861776280746931, 0.010819624388318561, 0.01069508470614383, 0.010670176769708883, 0.010601200945735186, 0.01041151742980752, 0.01037128153248953, 0.01037128153248953, 0.010250573840535558, 0.009951678603316205, 0.009926770666881258, 0.009752415111836634, 0.009668111326979893, 0.009591471522564675, 0.009555067615467445, 0.009468847835500324, 0.00941328397729929, 0.00929257628534532, 0.009248508397806568, 0.008945781170366453, 0.008800165541977536, 0.00877334161043221, 0.008643053942926337, 0.008499354309647801, 0.008464866397660952, 0.008357570671479646, 0.00829434283283709, 0.0081755511359935, 0.008125735263123608, 0.008047179463598009, 0.007945631722747844, 0.007508784837581095, 0.007464716950042343, 0.007420649062503592, 0.0073708331896337005, 0.006989550162667985, 0.006947398270239614, 0.006794118661409176, 0.006633175072137216, 0.006514383375293626, 0.006456903521982212, 0.006405171654001939, 0.006399423668670797, 0.00636876774690471, 0.006152260299431716, 0.006146512314100574, 0.006123520372776008, 0.006044964573250409, 0.005966408773724809, 0.005822709140446273, 0.005700085453381923, 0.005642605600070508, 0.005633025624518606, 0.005583209751648714, 0.005516149922785397, 0.005483578005908929, 0.00544909009392208, 0.005349458348182295, 0.005234498641559467, 0.0051942627442414764, 0.004996915247872287, 0.00496817532121658, 0.004933687409229732, 0.0047823237955096735, 0.004717179961756738, 0.004667364088886845, 0.00460605224535467, 0.0046022202551339085, 0.004533244431160211, 0.004475764577848798, 0.004345476910342925, 0.004142381428642594, 0.004100229536214224, 0.0038722261180789467, 0.0038109142745467715, 0.0038109142745467715, 0.0037112825288069867, 0.003657634665716333, 0.003653802675495572, 0.003289763604523281, 0.003192047853893877, 0.0029257245335509905, 0.002893152616674522, 0.002824176792700825, 0.0026651491985392453, 0.002538693521254134, 0.0024984576239361436, 0.0024486417510662514, 0.0022857821666839107, 0.0021612424845091796, 0.0020405347925552095, 0.0019964669050164586, 0.0017818754526538448, 0.0017646314966604205, 0.0015768639758431337, 0.0010748732569234483, 0.0009024336969892053 ]
# The number of clusters.
n_clusters <- 128
# The base file name of this file (for reproducability).
fn_distributions = "dists_hssp_poisson_allsites_kmean_128clusters_rb"
